step,loss,loss_bc1,loss_bc2,loss_phys,loss_data,mu,step_time_s
0,330715.34375,1.839712381362915,6.775603105779737e-05,106654.171875,0.4008314311504364,-0.009999999776482582,0.14469270798144862
1,290781.0625,1.7227044105529785,3.5913753890781663e-06,81580.640625,0.369296133518219,-0.019952399656176567,0.15227933297865093
2,255287.34375,1.6109881401062012,0.00015692200395278633,59956.8984375,0.34215930104255676,-0.029781147837638855,0.15787716599879786
3,224058.015625,1.5035629272460938,0.0005302063073031604,41726.4140625,0.319223016500473,-0.039399731904268265,0.16765741701237857
4,197109.140625,1.4004138708114624,0.0010955070611089468,26912.171875,0.3004603385925293,-0.04872755706310272,0.16463045799173415
5,174344.65625,1.3015048503875732,0.001844947342760861,15431.8798828125,0.2857779860496521,-0.05768560245633125,0.16678970801876858
6,155688.078125,1.2069358825683594,0.0027819352690130472,7206.25830078125,0.2751004099845886,-0.06618741899728775,0.1615130829741247
7,141072.078125,1.1169507503509521,0.00387741276063025,2154.742919921875,0.2683452069759369,-0.07413135468959808,0.16040849999990314
8,130365.90625,1.0319513082504272,0.005046864505857229,130.3771514892578,0.265357106924057,-0.081381656229496,0.1550206249812618
9,123307.859375,0.952505886554718,0.006149415858089924,857.86865234375,0.2658446431159973,-0.08772560209035873,0.1529274579952471
10,119467.078125,0.8794246912002563,0.007018534000962973,3890.024169921875,0.269327312707901,-0.09280827641487122,0.1589791250298731
11,118223.7734375,0.8137850761413574,0.0075028520077466965,8585.9501953125,0.2750902473926544,-0.0961000844836235,0.16289679100736976
12,118763.3984375,0.7568463087081909,0.007486927788704634,14114.0146484375,0.28216055035591125,-0.0970359593629837,0.15226808399893343
13,120136.2109375,0.7098056077957153,0.00692723086103797,19525.57421875,0.289373517036438,-0.09537427127361298,0.14388541702646762
14,121418.359375,0.6734386086463928,0.005884095095098019,23928.869140625,0.2955722510814667,-0.09138219058513641,0.16868241701740772
15,121910.03125,0.6478957533836365,0.004514656960964203,26683.640625,0.29985350370407104,-0.08557777106761932,0.1458871669601649
16,121259.953125,0.6327793598175049,0.0030332831665873528,27506.673828125,0.30172014236450195,-0.07843147218227386,0.1509302500053309
17,119475.609375,0.6273478269577026,0.0016679834807291627,26463.98046875,0.3011004626750946,-0.07027934491634369,0.15404350002063438
18,116851.2890625,0.6306642889976501,0.0006255098269321024,23894.232421875,0.29828080534935,-0.06135124713182449,0.15563462499994785
19,113858.0703125,0.6416464447975159,6.598208710784093e-05,20306.771484375,0.2938005328178406,-0.051817186176776886,0.1619540830142796
20,111024.8359375,0.6589983701705933,8.608114876551554e-05,16282.009765625,0.2883438467979431,-0.04182431474328041,0.3330673750024289
21,108819.3828125,0.6810856461524963,0.000710744527168572,12376.6884765625,0.2826305627822876,-0.031522974371910095,0.1606206669821404
22,107538.65625,0.7058096528053284,0.0018936962587758899,9037.6025390625,0.2773071527481079,-0.021082572638988495,0.1595437919604592
23,107227.5703125,0.7305521965026855,0.0035276988055557013,6534.4931640625,0.2728508412837982,-0.010694524273276329,0.16587270802119747
24,107657.328125,0.7523263692855835,0.005466199479997158,4927.50146484375,0.26950570940971375,-0.00055743008852005,0.1606547919800505
25,108401.1796875,0.7682660818099976,0.007554326206445694,4091.10498046875,0.26728036999702454,0.009155403822660446,0.1624469580128789
26,109004.796875,0.7763444781303406,0.009656657464802265,3802.1484375,0.2660254240036011,0.018334900960326195,0.15666041703661904
27,109157.9765625,0.7758004665374756,0.011670066975057125,3854.6484375,0.2655627429485321,0.026965076103806496,0.14540066599147394
28,108768.71875,0.7670567631721497,0.013522516004741192,4132.66162109375,0.2657812833786011,0.035132065415382385,0.14525275002233684
29,107936.3671875,0.7513750195503235,0.01516612060368061,4616.7939453125,0.2666546106338501,0.04301310330629349,0.144687415973749
30,106874.765625,0.730503499507904,0.016574183478951454,5347.02685546875,0.2681996822357178,0.050849057734012604,0.15158216701820493
31,105826.265625,0.7063847184181213,0.01774328574538231,6371.8623046875,0.27041611075401306,0.05890380218625069,0.1556483330205083
32,104990.53125,0.6809360980987549,0.01869886741042137,7703.66650390625,0.27323371171951294,0.0674157440662384,0.1584631250007078
33,104479.1875,0.6558917164802551,0.019498752430081367,9291.5849609375,0.2764855623245239,0.07655465602874756,0.17138520802836865
34,104301.2890625,0.6326981782913208,0.020229768007993698,11017.2314453125,0.27991268038749695,0.08640143275260925,0.16191316698677838
35,104378.4296875,0.6124536991119385,0.020997727289795876,12713.357421875,0.2831993103027344,0.09695756435394287,0.16773408401058987
36,104581.8515625,0.5959001779556274,0.02191123552620411,14198.1787109375,0.2860253155231476,0.10817230492830276,0.1675643750349991
37,104778.3671875,0.5834379196166992,0.023065976798534393,15315.615234375,0.28812360763549805,0.11996935307979584,0.15858670900342986
38,104870.6015625,0.575158417224884,0.02453121915459633,15968.9765625,0.28932663798332214,0.13226355612277985,0.16567262500757352
39,104819.703125,0.5708866715431213,0.02633986435830593,16138.09375,0.2895894944667816,0.1449679285287857,0.1695554159814492
40,104646.203125,0.5702221393585205,0.028481874614953995,15876.9814453125,0.2889881730079651,0.1579950749874115,0.1606109159765765
41,104412.4609375,0.5725809931755066,0.03089946135878563,15294.8369140625,0.2876957952976227,0.17125681042671204,0.16063008300261572
42,104194.546875,0.5772286057472229,0.033487215638160706,14528.30859375,0.2859465479850769,0.18466418981552124,0.14774095901520923
43,104053.6484375,0.5833261013031006,0.0360967256128788,13711.912109375,0.28399455547332764,0.1981293112039566,0.14508254098473117
44,104016.421875,0.5899856090545654,0.038549959659576416,12955.1484375,0.28207719326019287,0.2115693837404251,0.14594099996611476
45,104069.4609375,0.5963441133499146,0.04065985977649689,12330.2216796875,0.2803884446620941,0.22491255402565002,0.15283087501302361
46,104168.8203125,0.6016468405723572,0.04225623607635498,11871.94921875,0.2790656089782715,0.23810450732707977,0.1527767910156399
47,104259.8984375,0.6053338646888733,0.04321153834462166,11586.591796875,0.27818766236305237,0.2511138319969177,0.14827141701243818
48,104298.671875,0.6070975661277771,0.043460022658109665,11464.673828125,0.2777823209762573,0.26393458247184753,0.15340487501816824
49,104265.96875,0.6069043874740601,0.043005265295505524,11491.3681640625,0.27783632278442383,0.2765849828720093,0.16959825000958517
50,104170.1796875,0.604973316192627,0.04191571846604347,11650.974609375,0.27830302715301514,0.2891026437282562,0.15974391700001433
51,104039.515625,0.6017230153083801,0.040310706943273544,11925.376953125,0.2791076600551605,0.3015369176864624,0.15896804200019687
52,103908.28125,0.5976948738098145,0.038340672850608826,12289.6337890625,0.2801508903503418,0.3139405846595764,0.16039387497585267
53,103803.9140625,0.5934758186340332,0.036166392266750336,12708.2734375,0.2813141644001007,0.3263620138168335,0.16347875003702939
54,103738.7890625,0.5896255373954773,0.03393961489200592,13135.34375,0.2824692726135254,0.3388392925262451,0.1563187079736963
55,103709.0625,0.5866242051124573,0.031788188964128494,13518.75390625,0.2834905982017517,0.35139650106430054,0.16556599998148158
56,103699.5546875,0.5848305225372314,0.029807187616825104,13808.6953125,0.28427088260650635,0.3640424907207489,0.15551329200388864
57,103691.828125,0.5844608545303345,0.028056316077709198,13966.607421875,0.2847349941730499,0.37677139043807983,0.14788520900765434
58,103671.6640625,0.5855829119682312,0.02656223438680172,13972.2998046875,0.28484854102134705,0.38956451416015625,0.14669512497493997
59,103633.6953125,0.5881174206733704,0.025324517861008644,13827.4052734375,0.28462091088294983,0.40239304304122925,0.14723966602468863
60,103581.734375,0.5918566584587097,0.024322742596268654,13553.7412109375,0.2841005027294159,0.4152211844921112,0.14931750000687316
61,103525.5859375,0.596481442451477,0.023524196818470955,13188.5068359375,0.2833651304244995,0.42800959944725037,0.15478799998527393
62,103476.171875,0.601591169834137,0.02288985811173916,12777.1298828125,0.28250935673713684,0.4407188892364502,0.15854849998140708
63,103440.875,0.6067395806312561,0.022380191832780838,12365.7705078125,0.2816312909126282,0.45331305265426636,0.17833987501217052
64,103421.0390625,0.6114757061004639,0.021958723664283752,11995.4716796875,0.2808212339878082,0.4657626748085022,0.16209245898062363
65,103411.9765625,0.6153898239135742,0.021594900637865067,11698.1943359375,0.2801530957221985,0.4780474603176117,0.1558564169681631
66,103405.59375,0.6181570887565613,0.0212654247879982,11495.33984375,0.2796800434589386,0.49015799164772034,0.1583024169667624
67,103393.75,0.6195741891860962,0.020954567939043045,11397.6826171875,0.2794319987297058,0.50209641456604,0.1543125419993885
68,103371.453125,0.6195767521858215,0.02065436728298664,11406.6650390625,0.2794167101383209,0.5138758420944214,0.15448245900915936
69,103338.140625,0.6182428598403931,0.020363716408610344,11515.3935546875,0.2796209752559662,0.5255187153816223,0.15762462501879781
70,103297.3984375,0.6157737970352173,0.020087413489818573,11709.9228515625,0.2800135016441345,0.5370543599128723,0.15509441698668525
71,103254.65625,0.6124622821807861,0.019835010170936584,11970.1572265625,0.28054776787757874,0.5485157370567322,0.15186012495541945
72,103214.984375,0.608650267124176,0.01961907558143139,12271.3720703125,0.28116679191589355,0.5599361658096313,0.14984299999196082
73,103181.1015625,0.60468989610672,0.019453242421150208,12586.0,0.28180789947509766,0.5713461637496948,0.14609549997840077
74,103152.84375,0.6009019613265991,0.019350070506334305,12886.6513671875,0.2824099659919739,0.5827710628509521,0.14770433295052499
75,103127.7734375,0.5975492596626282,0.019318705424666405,13149.0224609375,0.2829195559024811,0.5942291617393494,0.15036154101835564
76,103102.71875,0.5948192477226257,0.0193630363792181,13354.78515625,0.283297061920166,0.6057308912277222,0.15468125004554167
77,103075.09375,0.5928134918212891,0.019480042159557343,13493.6640625,0.28352081775665283,0.6172789335250854,0.1788909169845283
78,103043.953125,0.5915497541427612,0.01965956762433052,13564.171875,0.2835884690284729,0.6288691163063049,0.15306670899735764
79,103010.0078125,0.5909708738327026,0.019884031265974045,13572.919921875,0.2835160195827484,0.6404918432235718,0.16761720896465704
80,102974.984375,0.5909602046012878,0.020129825919866562,13532.6181640625,0.2833336293697357,0.6521341800689697,0.15949099999852479
81,102940.5625,0.5913599729537964,0.020369546487927437,13459.5537109375,0.2830806374549866,0.6637817621231079,0.167919332976453
82,102907.7421875,0.5919933319091797,0.02057460881769657,13370.974609375,0.28279978036880493,0.6754207611083984,0.1636566249653697
83,102876.296875,0.5926859378814697,0.020718758925795555,13282.7021484375,0.2825312316417694,0.6870397925376892,0.16207762499107048
84,102845.046875,0.5932864546775818,0.020780526101589203,13207.505859375,0.2823084592819214,0.6986311078071594,0.16499970899894834
85,102812.5078125,0.5936793684959412,0.0207465048879385,13154.3720703125,0.28215545415878296,0.7101912498474121,0.16304749995470047
86,102777.453125,0.5937985777854919,0.020612625405192375,13127.9140625,0.28208422660827637,0.7217212319374084,0.16106316697550938
87,102739.4609375,0.5936281085014343,0.020384041592478752,13128.6787109375,0.28209570050239563,0.7332260012626648,0.1644815419567749
88,102698.859375,0.5931974053382874,0.02007485367357731,13153.6015625,0.2821803092956543,0.7447136044502258,0.148763167031575
89,102656.6484375,0.5925766229629517,0.01970592327415943,13196.412109375,0.2823197841644287,0.7561938166618347,0.1443862909800373
90,102613.7109375,0.5918543934822083,0.01930207759141922,13248.990234375,0.2824907898902893,0.7676769495010376,0.14671325002564117
91,102570.734375,0.5911341905593872,0.018889661878347397,13301.689453125,0.2826666831970215,0.7791725397109985,0.14783500001067296
92,102527.7734375,0.5905077457427979,0.018493574112653732,13345.3837890625,0.28282254934310913,0.7906883358955383,0.15583337499992922
93,102484.4375,0.5900472402572632,0.01813574507832527,13372.3837890625,0.28293755650520325,0.802229642868042,0.1535414169775322
94,102440.0703125,0.5897958874702454,0.017833003774285316,13377.4306640625,0.2829974889755249,0.8137990236282349,0.1592326249810867
95,102394.1015625,0.5897615551948547,0.017596643418073654,13358.64453125,0.28299635648727417,0.8253965377807617,0.1640323749743402
96,102346.21875,0.5899178385734558,0.01743246242403984,13317.5244140625,0.28293660283088684,0.8370201587677002,0.16061474999878556
97,102296.390625,0.590205729007721,0.01734083890914917,13258.865234375,0.2828286588191986,0.8486664891242981,0.16320095799164847
98,102244.828125,0.5905479788780212,0.0173173900693655,13189.4970703125,0.2826879322528839,0.8603317141532898,0.15522908297134563
99,102191.71875,0.5908511281013489,0.017354439944028854,13117.76953125,0.2825339138507843,0.8720123171806335,0.16218579100677744
100,102137.1875,0.591026246547699,0.01744134910404682,13051.8232421875,0.2823859751224518,0.8837059736251831,0.16262204200029373
101,102081.140625,0.5909978151321411,0.017565893009305,12998.6396484375,0.28226128220558167,0.8954120874404907,0.15958158299326897
102,102023.40625,0.5907110571861267,0.01771518960595131,12963.451171875,0.2821732759475708,0.907132089138031,0.15708949998952448
103,101963.765625,0.5901433825492859,0.01787686161696911,12948.79296875,0.2821294665336609,0.9188695549964905,0.15392387501196936
104,101902.1015625,0.5893020629882812,0.018039505928754807,12954.7763671875,0.28213173151016235,0.9306298494338989,0.144940750033129
105,101838.4375,0.5882275104522705,0.01819327473640442,12978.7978515625,0.28217563033103943,0.9424197673797607,0.14566499995999038
106,101772.875,0.5869817733764648,0.018330585211515427,13016.404296875,0.28225234150886536,0.9542466998100281,0.14693241601344198
107,101705.4921875,0.5856438279151917,0.018446100875735283,13061.5966796875,0.2823490500450134,0.9661182165145874,0.15289116697385907
108,101636.3203125,0.5842965245246887,0.01853671856224537,13107.837890625,0.2824515700340271,0.9780411720275879,0.15205691702431068
109,101565.34375,0.5830196738243103,0.018600914627313614,13148.712890625,0.28254568576812744,0.9900211691856384,0.15302187501220033
110,101492.359375,0.5818766951560974,0.018638767302036285,13178.875,0.2826193869113922,1.0020623207092285,0.1678192499675788
111,101417.203125,0.5809126496315002,0.018651379272341728,13194.4248046875,0.2826637029647827,1.0141668319702148,0.3191595420357771
112,101339.6875,0.5801458954811096,0.01864021271467209,13193.6474609375,0.28267431259155273,1.0263351202011108,0.16537900001276284
113,101259.7421875,0.5795698165893555,0.018606984987854958,13176.91796875,0.28265148401260376,1.0385662317276,0.15933729201788083
114,101177.328125,0.5791545510292053,0.01855355314910412,13146.55078125,0.28259971737861633,1.0508579015731812,0.16199691698420793
115,101092.421875,0.5788505673408508,0.018481774255633354,13106.4990234375,0.2825268805027008,1.0632072687149048,0.16459633299382403
116,101005.078125,0.578597903251648,0.01839354820549488,13061.6376953125,0.28244301676750183,1.0756113529205322,0.16410049999831244
117,100915.265625,0.5783291459083557,0.018291108310222626,13017.330078125,0.2823590934276581,1.0880674123764038,0.1566003339830786
118,100822.875,0.5779837369918823,0.01817690208554268,12978.34375,0.282284677028656,1.1005734205245972,0.14890820800792426
119,100727.765625,0.5775086879730225,0.018053758889436722,12948.728515625,0.2822279632091522,1.1131283044815063,0.14683154202066362
120,100629.7734375,0.5768676996231079,0.017924677580595016,12931.1474609375,0.2821938991546631,1.1257323026657104,0.1454462920082733
121,100528.828125,0.5760430693626404,0.017792776226997375,12926.7841796875,0.2821846008300781,1.1383863687515259,0.15148641698760912
122,100424.8125,0.5750375390052795,0.017660362645983696,12935.181640625,0.2821984589099884,1.1510926485061646,0.1539097920176573
123,100317.6640625,0.5738680958747864,0.01752985641360283,12954.705078125,0.2822316586971283,1.1638537645339966,0.1533618330140598
124,100207.3828125,0.572568416595459,0.017402173951268196,12982.525390625,0.2822779417037964,1.1766726970672607,0.17008570802863687
125,100093.9609375,0.57117760181427,0.017277108505368233,13015.4228515625,0.28233060240745544,1.1895525455474854,0.15917654102668166
126,99977.359375,0.5697384476661682,0.01715320348739624,13049.9462890625,0.2823825478553772,1.20249605178833,0.16132574999937788
127,99857.6171875,0.5682892799377441,0.0170277189463377,13083.1064453125,0.2824280560016632,1.215505599975586,0.1634974589687772
128,99734.6875,0.5668638944625854,0.016896620392799377,13112.3779296875,0.28246259689331055,1.2285828590393066,0.16216116602299735
129,99608.5234375,0.5654819011688232,0.016755491495132446,13136.3759765625,0.2824840545654297,1.2417287826538086,0.1564834580058232
130,99479.1640625,0.5641553401947021,0.016599660739302635,13154.4384765625,0.2824922502040863,1.2549439668655396,0.16598458302905783
131,99346.609375,0.5628830194473267,0.016425222158432007,13166.9052734375,0.28248879313468933,1.2682281732559204,0.15591079200385138
132,99210.859375,0.5616537928581238,0.016229650005698204,13174.837890625,0.2824767827987671,1.281580924987793,0.15494358295109123
133,99071.984375,0.560448169708252,0.016012592241168022,13179.89453125,0.28246012330055237,1.2950016260147095,0.1467710419674404
134,98929.9921875,0.5592454671859741,0.015775669366121292,13183.6484375,0.28244227170944214,1.3084895610809326,0.1486302919802256
135,98784.90625,0.5580182075500488,0.015523498877882957,13188.0439453125,0.2824268937110901,1.3220442533493042,0.1480040829628706
136,98636.84375,0.5567456483840942,0.015262403525412083,13194.427734375,0.28241607546806335,1.335665225982666,0.14947204099735245
137,98485.8203125,0.5554060935974121,0.015000103041529655,13204.0634765625,0.2824113070964813,1.349352478981018,0.1534528749762103
138,98331.9140625,0.5539864301681519,0.014744501560926437,13217.556640625,0.28241264820098877,1.3631062507629395,0.15375891601433977
139,98175.1953125,0.5524786114692688,0.014502614736557007,13235.1552734375,0.28241923451423645,1.3769270181655884,0.15818758303066716
140,98015.8046875,0.5508819222450256,0.014279399998486042,13256.6962890625,0.2824297547340393,1.3908154964447021,0.16021091700531542
141,97853.78125,0.549200177192688,0.014076851308345795,13281.8154296875,0.28244268894195557,1.4047726392745972,0.16579670796636492
142,97689.3515625,0.5474439859390259,0.013893690891563892,13309.916015625,0.28245672583580017,1.4187992811203003,0.1619495420018211
143,97522.6328125,0.545625627040863,0.01372531522065401,13340.4462890625,0.2824709117412567,1.4328962564468384,0.17188562505180016
144,97353.8359375,0.5437586903572083,0.013564679771661758,13372.9931640625,0.28248509764671326,1.4470642805099487,0.16886533400975168
145,97183.1875,0.5418594479560852,0.013402736745774746,13407.04296875,0.28249919414520264,1.4613038301467896,0.1649719590204768
146,97010.828125,0.5399367809295654,0.013231190852820873,13442.62890625,0.2825140953063965,1.4756150245666504,0.16444620804395527
147,96837.0625,0.5380013585090637,0.013042486272752285,13479.638671875,0.28253036737442017,1.4899976253509521,0.16711362497881055
148,96662.0859375,0.5360569953918457,0.012832905165851116,13518.25,0.2825485169887543,1.504451036453247,0.15719925001030788
149,96486.1015625,0.53410404920578,0.012601789087057114,13558.650390625,0.28256866335868835,1.5189744234085083,0.1446467919740826
150,96309.4453125,0.5321404337882996,0.012352470308542252,13601.1015625,0.2825905382633209,1.5335664749145508,0.16959624999435619
151,96132.3125,0.530158519744873,0.012090999633073807,13645.9775390625,0.2826138436794281,1.548225998878479,0.1474886669893749
152,95955.0078125,0.5281508564949036,0.011825062334537506,13693.611328125,0.2826380431652069,1.5629513263702393,0.150949832983315
153,95777.78125,0.526107132434845,0.011561743915081024,13744.56640625,0.2826632857322693,1.5777409076690674,0.15361104195471853
154,95600.9375,0.524019181728363,0.011306609027087688,13799.341796875,0.2826901078224182,1.5925934314727783,0.1548411250114441
155,95424.6796875,0.5218779444694519,0.011062161065638065,13858.66015625,0.28272005915641785,1.607507348060608,0.16350612498354167
156,95249.328125,0.5196795463562012,0.010828003287315369,13923.0849609375,0.28275492787361145,1.6224814653396606,0.1600149999721907
157,95075.1328125,0.5174206495285034,0.010601366870105267,13993.21875,0.28279709815979004,1.6375148296356201,0.16417745797662064
158,94902.3671875,0.5151032209396362,0.010378457605838776,14069.3583984375,0.28284844756126404,1.65260648727417,0.16234275000169873
159,94731.28125,0.5127324461936951,0.010156156495213509,14151.4296875,0.2829098105430603,1.6677554845809937,0.16391120897606015
160,94562.078125,0.510316014289856,0.00993308611214161,14239.0615234375,0.28298109769821167,1.682961106300354,0.1615345420432277
161,94395.03125,0.507867157459259,0.009710232727229595,14331.2666015625,0.283060222864151,1.6982225179672241,0.1591609579627402
162,94230.3046875,0.5053966045379639,0.00949056912213564,14427.08984375,0.28314492106437683,1.7135388851165771,0.16813445795560256
163,94068.078125,0.5029182434082031,0.009277858771383762,14525.283203125,0.2832319140434265,1.7289090156555176,0.16440837498521432
164,93908.5625,0.50044184923172,0.009075199253857136,14624.9619140625,0.2833189368247986,1.74433171749115,0.1489840840222314
165,93751.828125,0.49797654151916504,0.008883582428097725,14725.3896484375,0.28340426087379456,1.7598055601119995,0.1484000000054948
166,93598.0078125,0.49552837014198303,0.008700957521796227,14826.294921875,0.28348782658576965,1.7753291130065918,0.14610612497199327
167,93447.203125,0.49309730529785156,0.008523435331881046,14928.009765625,0.2835712134838104,1.7909008264541626,0.14604070800123736
168,93299.390625,0.49068090319633484,0.008346578106284142,15030.9931640625,0.2836565673351288,1.8065190315246582,0.14935895800590515
169,93154.640625,0.4882766604423523,0.008166634477674961,15135.7265625,0.2837458550930023,1.822182297706604,0.1530691249645315
170,93012.90625,0.4858798384666443,0.007982837036252022,15242.56640625,0.28384068608283997,1.8378890752792358,0.15599616599502042
171,92874.125,0.4834873378276825,0.007797681726515293,15351.490234375,0.2839412987232208,1.8536381721496582,0.16873799997847527
172,92738.234375,0.48109808564186096,0.0076157040894031525,15462.16015625,0.2840469777584076,1.8694286346435547,0.16347966599278152
173,92605.1015625,0.4787123501300812,0.007442386355251074,15573.9912109375,0.2841563820838928,1.8852596282958984,0.1589079590048641
174,92474.6015625,0.4763331413269043,0.0072814468294382095,15686.296875,0.28426846861839294,1.9011305570602417,0.16160433401819319
175,92346.5234375,0.47396600246429443,0.007133751641958952,15798.328125,0.284382164478302,1.9170411825180054,0.1659907079883851
176,92220.671875,0.4716171324253082,0.006996858865022659,15909.5234375,0.2844974994659424,1.9329913854599,0.16706645902013406
177,92096.8515625,0.4692944884300232,0.006866659037768841,16019.26953125,0.2846147119998932,1.9489811658859253,0.15948162495624274
178,91974.765625,0.46700626611709595,0.0067391651682555676,16126.873046875,0.28473347425460815,1.965010643005371,0.16702229203656316
179,91854.1875,0.4647625684738159,0.006612241268157959,16231.4169921875,0.28485292196273804,1.9810799360275269,0.15561508300015703
180,91734.78125,0.4625702500343323,0.006486637983471155,16331.9521484375,0.2849714457988739,1.9971891641616821,0.14921083295485005
181,91616.2421875,0.4604385197162628,0.006365196313709021,16427.21875,0.2850865125656128,2.013338327407837,0.14863100001821294
182,91498.25,0.4583708643913269,0.006250844802707434,16516.419921875,0.28519660234451294,2.0295276641845703,0.14369333401555195
183,91380.484375,0.45637068152427673,0.006145193241536617,16598.845703125,0.28530052304267883,2.045757293701172,0.14884262502891943
184,91262.609375,0.4544375538825989,0.00604759156703949,16674.25390625,0.2853984832763672,2.0620272159576416,0.15445045800879598
185,91144.3046875,0.45257002115249634,0.005955129396170378,16742.640625,0.2854914665222168,2.0783379077911377,0.15618720796192065
186,91025.2734375,0.45076292753219604,0.0058652362786233425,16804.333984375,0.28558123111724854,2.09468936920166,0.1713072499842383
187,90905.1796875,0.44901520013809204,0.005776391364634037,16859.21875,0.2856679856777191,2.111082077026367,0.1685928750084713
188,90783.7734375,0.4473240375518799,0.005689410492777824,16907.232421875,0.28575196862220764,2.127516508102417,0.16555400000652298
189,90660.8125,0.44568878412246704,0.00560725387185812,16947.990234375,0.2858321964740753,2.1439929008483887,0.16340045805554837
190,90536.03125,0.4441105127334595,0.005532586481422186,16980.9921875,0.2859072983264923,2.1605119705200195,0.1642034579999745
191,90409.296875,0.4425898492336273,0.005465955939143896,17006.037109375,0.2859768271446228,2.1770741939544678,0.16377704200567678
192,90280.46875,0.44112902879714966,0.005405481439083815,17022.966796875,0.2860405743122101,2.1936802864074707,0.15728358400519937
193,90149.453125,0.4397295117378235,0.005347867961972952,17031.841796875,0.28609877824783325,2.2103304862976074,0.1575849579530768
194,90016.2109375,0.4383927583694458,0.0052903080359101295,17032.74609375,0.28615158796310425,2.227024793624878,0.15319229202577844
195,89880.78125,0.43711844086647034,0.005231992807239294,17025.84375,0.2861989736557007,2.2437634468078613,0.14741849998245016
196,89743.2109375,0.43590661883354187,0.005174471531063318,17011.109375,0.28623998165130615,2.2605459690093994,0.14797670795815066
197,89603.625,0.43475401401519775,0.005120149347931147,16988.810546875,0.2862740159034729,2.277371883392334,0.14652404095977545
198,89462.25,0.43365901708602905,0.005070481449365616,16959.23046875,0.2863007187843323,2.2942399978637695,0.1518575829686597
199,89319.265625,0.43261587619781494,0.005024609621614218,16923.146484375,0.28632068634033203,2.3111493587493896,0.16143237496726215
200,89174.953125,0.4316174387931824,0.004980113357305527,16881.662109375,0.28633537888526917,2.3280982971191406,0.16480470803799108
201,89029.625,0.43065765500068665,0.0049344394356012344,16835.8203125,0.2863459587097168,2.3450849056243896,0.17445520899491385
202,88883.6015625,0.4297277629375458,0.004887212999165058,16786.75,0.2863534986972809,2.3621068000793457,0.15925716602941975
203,88737.171875,0.42882102727890015,0.004839712753891945,16735.30859375,0.28635793924331665,2.3791615962982178,0.17298904102062806
204,88590.6875,0.427929550409317,0.004793582018464804,16682.41796875,0.286359578371048,2.3962461948394775,0.16924837499391288
205,88444.40625,0.42704567313194275,0.004749178886413574,16629.0390625,0.28635886311531067,2.4133572578430176,0.3237484999699518
206,88298.578125,0.4261614978313446,0.004704798571765423,16576.279296875,0.28635668754577637,2.4304914474487305,0.16802070895209908
207,88153.421875,0.4252679646015167,0.004657844081521034,16525.36328125,0.2863547205924988,2.4476449489593506,0.16626908304169774
208,88009.0546875,0.4243584871292114,0.004606839269399643,16477.15625,0.2863536477088928,2.4648139476776123,0.16460608399938792
209,87865.546875,0.423422634601593,0.004552081227302551,16432.63671875,0.2863544225692749,2.48199462890625,0.14743849996011704
210,87722.90625,0.42245233058929443,0.0044957916252315044,16392.376953125,0.28635719418525696,2.499182939529419,0.1479012499912642
211,87581.078125,0.42143815755844116,0.0044387285597622395,16357.11328125,0.28636273741722107,2.5163750648498535,0.1466923329862766
212,87439.953125,0.4203702509403229,0.004380533006042242,16327.626953125,0.28637245297431946,2.533567428588867,0.15117012499831617
213,87299.375,0.4192400276660919,0.004319484811276197,16304.6396484375,0.28638777136802673,2.5507566928863525,0.1515693329856731
214,87159.234375,0.4180375337600708,0.004254705738276243,16288.95703125,0.28641054034233093,2.5679399967193604,0.16113912500441074
215,87019.421875,0.4167538285255432,0.004186511505395174,16281.1728515625,0.2864421010017395,2.5851147174835205,0.15890929196029902
216,86879.84375,0.4153818190097809,0.0041165463626384735,16281.669921875,0.28648340702056885,2.6022791862487793,0.16006279102293774
217,86740.4765625,0.4139128029346466,0.004046170972287655,16290.9912109375,0.2865358591079712,2.619431972503662,0.1591978749493137
218,86601.375,0.4123418927192688,0.003975484985858202,16309.5595703125,0.28660085797309875,2.6365725994110107,0.16078483301680535
219,86462.703125,0.41066497564315796,0.0039033405482769012,16337.853515625,0.2866801917552948,2.6537013053894043,0.16743412497453392
220,86324.6484375,0.4088793992996216,0.003829630557447672,16376.2236328125,0.2867751717567444,2.67081880569458,0.16590399999404326
221,86187.484375,0.4069872796535492,0.0037549445405602455,16424.619140625,0.28688642382621765,2.6879262924194336,0.1645036669797264
222,86051.5625,0.40499332547187805,0.003681313479319215,16482.732421875,0.2870136797428131,2.7050259113311768,0.16622879198985174
223,85917.2421875,0.40290567278862,0.0036102356389164925,16550.005859375,0.28715646266937256,2.7221198081970215,0.16751254198607057
224,85784.90625,0.40073686838150024,0.0035409443080425262,16625.724609375,0.28731396794319153,2.739210605621338,0.1483074999996461
225,85654.9140625,0.3985030949115753,0.0034724369179457426,16708.873046875,0.28748494386672974,2.756301164627075,0.14847462496254593
226,85527.59375,0.3962234556674957,0.003404871793463826,16798.056640625,0.28766700625419617,2.7733941078186035,0.1472902080276981
227,85403.1875,0.39391812682151794,0.0033391385804861784,16891.716796875,0.28785741329193115,2.790492057800293,0.14986412500729784
228,85281.90625,0.39160871505737305,0.003276208881288767,16988.123046875,0.28805291652679443,2.8075971603393555,0.15232333296444267
229,85163.890625,0.3893164396286011,0.0032159038819372654,17085.607421875,0.28825050592422485,2.8247110843658447,0.1552106669987552
230,85049.21875,0.3870598077774048,0.003156881546601653,17182.779296875,0.2884477376937866,2.8418350219726562,0.16400958300800994
231,84937.875,0.3848550617694855,0.003098217537626624,17278.341796875,0.288642019033432,2.858969211578369,0.16270812501898035
232,84829.8671875,0.38271406292915344,0.003041121643036604,17371.21484375,0.28883132338523865,2.8761134147644043,0.1566147920093499
233,84725.09375,0.380643367767334,0.002986413426697254,17460.72265625,0.28901395201683044,2.8932669162750244,0.16840533301001415
234,84623.5546875,0.3786487281322479,0.0029340528417378664,17546.388671875,0.2891888916492462,2.9104278087615967,0.16368458297802135
235,84525.140625,0.3767305910587311,0.0028826554771512747,17628.203125,0.2893561124801636,2.927593946456909,0.16026179201435298
236,84429.734375,0.37488681077957153,0.002831830410286784,17706.310546875,0.2895156145095825,2.944762706756592,0.17535574996145442
237,84337.3125,0.37311476469039917,0.0027824845165014267,17780.841796875,0.28966739773750305,2.961930990219116,0.16460791596909985
238,84247.75,0.37141039967536926,0.002735704416409135,17851.986328125,0.28981152176856995,2.979095458984375,0.16209712502313778
239,84160.96875,0.36976689100265503,0.002690685912966728,17920.3125,0.2899489998817444,2.9962525367736816,0.15747595799621195
240,84076.8828125,0.36817970871925354,0.0026462185196578503,17986.2109375,0.2900807857513428,3.0133988857269287,0.1471477919840254
241,83995.3515625,0.36664336919784546,0.002602222841233015,18050.03515625,0.2902075946331024,3.030531167984009,0.14300679200096056
242,83916.234375,0.36515042185783386,0.002560560591518879,18112.125,0.29033008217811584,3.0476462841033936,0.14553879102459177
243,83839.328125,0.3636932373046875,0.002520750043913722,18172.9765625,0.2904495298862457,3.064741373062134,0.1465413750265725
244,83764.484375,0.36226558685302734,0.0024824931751936674,18232.96875,0.2905671000480652,3.0818142890930176,0.15204616700066254
245,83691.453125,0.3608596920967102,0.002445267280563712,18292.55078125,0.2906840145587921,3.098863124847412,0.14923600002657622
246,83620.0,0.35946986079216003,0.002409458626061678,18351.953125,0.29080119729042053,3.115886926651001,0.16580625000642613
247,83549.9296875,0.35808926820755005,0.002376037882640958,18411.447265625,0.2909195125102997,3.132884979248047,0.1613327919621952
248,83480.9921875,0.3567150831222534,0.002344567561522126,18471.078125,0.29103946685791016,3.149857759475708,0.1605240000062622
249,83413.0,0.35534554719924927,0.002314431592822075,18530.86328125,0.2911613881587982,3.1668059825897217,0.1687255420256406
250,83345.7421875,0.3539819121360779,0.002285292139276862,18590.517578125,0.29128509759902954,3.1837308406829834,0.16530945803970098
251,83279.03125,0.35262542963027954,0.0022578067146241665,18649.7109375,0.29140999913215637,3.200634002685547,0.1678473330102861
252,83212.7265625,0.35128334164619446,0.002232270548120141,18707.69140625,0.29153475165367126,3.217517375946045,0.16914691601414233
253,83146.625,0.34996044635772705,0.002208105521276593,18763.94921875,0.29165828227996826,3.2343833446502686,0.1628436670289375
254,83080.609375,0.3486667275428772,0.0021843945141881704,18817.603515625,0.29177895188331604,3.251234292984009,0.1658534159651026
255,83014.5,0.3474087119102478,0.002161910990253091,18867.92578125,0.29189515113830566,3.2680723667144775,0.15179066703421995
256,82948.1640625,0.3461960554122925,0.0021413685753941536,18913.94921875,0.29200470447540283,3.2848994731903076,0.1500489580212161
257,82881.4375,0.34503373503685,0.0021220867056399584,18955.189453125,0.29210659861564636,3.301717758178711,0.15041316696442664
258,82814.15625,0.34392818808555603,0.002103166887536645,18991.0625,0.29219961166381836,3.318528652191162,0.15348933299537748
259,82746.25,0.34288403391838074,0.002085136016830802,19021.080078125,0.2922825813293457,3.3353333473205566,0.15926995797781274
260,82677.5546875,0.34190139174461365,0.002068612491711974,19045.05859375,0.292354941368103,3.35213303565979,0.1588262080331333
261,82607.96875,0.340980589389801,0.0020534375216811895,19062.916015625,0.2924164831638336,3.3689281940460205,0.16526858397992328
262,82537.4296875,0.3401206135749817,0.002038107020780444,19074.796875,0.2924675941467285,3.3857192993164062,0.1592484160210006
263,82465.828125,0.3393174707889557,0.0020233148243278265,19080.892578125,0.2925085723400116,3.4025065898895264,0.1602324999985285
264,82393.1328125,0.33856528997421265,0.002010273514315486,19081.57421875,0.292540043592453,3.419290065765381,0.19792129198322073
265,82319.2890625,0.33785802125930786,0.001997762592509389,19077.384765625,0.292563259601593,3.436069965362549,0.16626775002805516
266,82244.25,0.3371891379356384,0.0019851753022521734,19068.884765625,0.2925793528556824,3.4528462886810303,0.1669561670278199
267,82168.046875,0.33655300736427307,0.0019738099072128534,19056.447265625,0.29258912801742554,3.469619035720825,0.16148429200984538
268,82090.578125,0.3359431028366089,0.001963478745892644,19040.5625,0.2925935685634613,3.486388683319092,0.16922158299712464
269,82011.8984375,0.3353528082370758,0.001953326864168048,19021.875,0.2925941050052643,3.503155469894409,0.15242516598664224
270,81931.96875,0.3347759544849396,0.0019432780100032687,19000.87890625,0.2925916910171509,3.5199198722839355,0.14478549995692447
271,81850.796875,0.3342072069644928,0.0019341784063726664,18977.953125,0.2925871014595032,3.5366828441619873,0.14899508300004527
272,81768.3828125,0.3336404263973236,0.0019257179228588939,18953.638671875,0.29258131980895996,3.5534451007843018,0.1476669169496745
273,81684.71875,0.3330715596675873,0.0019172506872564554,18928.326171875,0.2925751209259033,3.5702075958251953,0.1522097919951193
274,81599.8046875,0.3324965238571167,0.0019086862448602915,18902.376953125,0.29256904125213623,3.5869717597961426,0.15506808401551098
275,81513.6875,0.33191385865211487,0.0019004337955266237,18875.919921875,0.2925633192062378,3.603738784790039,0.15892200003145263
276,81426.328125,0.3313206732273102,0.0018932248931378126,18849.142578125,0.2925579249858856,3.6205101013183594,0.16739054099889472
277,81337.796875,0.33071884512901306,0.0018850513733923435,18822.109375,0.29255297780036926,3.637287139892578,0.16356787498807535
278,81248.0625,0.33010706305503845,0.0018768567824736238,18794.84375,0.292548269033432,3.654071092605591,0.16272179200313985
279,81157.140625,0.3294873535633087,0.0018696237821131945,18767.130859375,0.29254308342933655,3.670863389968872,0.1674291249946691
280,81065.0703125,0.3288623094558716,0.0018619534093886614,18738.91796875,0.29253724217414856,3.6876652240753174,0.16496700001880527
281,80971.8359375,0.3282333314418793,0.0018531715031713247,18710.146484375,0.2925303876399994,3.704477548599243,0.16538370901253074
282,80877.421875,0.3276015520095825,0.0018456610850989819,18680.533203125,0.2925216853618622,3.721301317214966,0.16253879194846377
283,80781.8359375,0.32696735858917236,0.001837780000641942,18650.1953125,0.2925112545490265,3.7381372451782227,0.1663177500013262
284,80685.1328125,0.3263329267501831,0.0018287374405190349,18619.0625,0.29249903559684753,3.754985809326172,0.1528565000044182
285,80587.265625,0.3256951570510864,0.0018200547201558948,18587.255859375,0.292484849691391,3.7718474864959717,0.15002812503371388
286,80488.1953125,0.3250541090965271,0.0018120737513527274,18554.7109375,0.2924686670303345,3.788722515106201,0.14868974999990314
287,80387.96875,0.32440829277038574,0.0018023544689640403,18521.78515625,0.2924511730670929,3.8056108951568604,0.1486769579933025
288,80286.59375,0.3237549066543579,0.0017927029402926564,18488.5859375,0.2924324572086334,3.8225128650665283,0.15013408398954198
289,80184.0625,0.32309260964393616,0.0017841843655332923,18455.134765625,0.29241248965263367,3.839428424835205,0.15813350002281368
290,80080.3515625,0.32241949439048767,0.0017738378373906016,18421.802734375,0.29239216446876526,3.8563573360443115,0.15734108298784122
291,79975.484375,0.32173213362693787,0.0017628608038648963,18388.8046875,0.2923717498779297,3.8732993602752686,0.16322225000476465
292,79869.453125,0.3210288882255554,0.0017536471132189035,18356.083984375,0.2923511266708374,3.890254497528076,0.16173375002108514
293,79762.234375,0.32030826807022095,0.0017425044206902385,18324.0390625,0.2923312187194824,3.9072227478027344,0.1629992499947548
294,79653.8671875,0.3195677101612091,0.0017303371569141746,18292.830078125,0.2923123240470886,3.924203872680664,0.1639032909879461
295,79544.359375,0.31880614161491394,0.001719969091936946,18262.345703125,0.29229405522346497,3.941197633743286,0.1628503340180032
296,79433.6640625,0.3180212378501892,0.0017076985677704215,18233.0234375,0.2922774851322174,3.9582040309906006,0.16199654201045632
297,79321.859375,0.3172151744365692,0.0016951333964243531,18204.623046875,0.2922620475292206,3.9752228260040283,0.16483149997657165
298,79208.890625,0.3163849413394928,0.0016830816166475415,18177.2890625,0.2922479510307312,3.9922542572021484,0.3111939170048572
299,79094.7734375,0.31553179025650024,0.0016700088744983077,18151.05078125,0.29223543405532837,4.009297847747803,0.15002212498802692
300,78979.5078125,0.314655065536499,0.0016564847901463509,18125.92578125,0.29222431778907776,4.02635383605957,0.14638612500857562
301,78863.1328125,0.3137569725513458,0.0016436300938948989,18101.65625,0.29221415519714355,4.043422222137451,0.14501041697803885
302,78745.6484375,0.31283795833587646,0.0016294772503897548,18078.376953125,0.2922053337097168,4.060503005981445,0.14992749999510124
303,78627.078125,0.31189966201782227,0.0016151178861036897,18055.869140625,0.2921972870826721,4.0775957107543945,0.1527213750523515
304,78507.3984375,0.31094270944595337,0.0016015870496630669,18034.00390625,0.29218965768814087,4.094700813293457,0.1543874170165509
305,78386.671875,0.3099680542945862,0.0015862679574638605,18012.9375,0.2921830117702484,4.111817836761475,0.16184224997414276
306,78264.890625,0.30897533893585205,0.0015718868235126138,17992.486328125,0.2921767830848694,4.1289472579956055,0.16247649997239932
307,78142.078125,0.3079650104045868,0.0015575647121295333,17972.70703125,0.2921711802482605,4.146088600158691,0.16329595900606364
308,78018.2734375,0.3069383502006531,0.0015408433973789215,17953.689453125,0.2921666204929352,4.163241863250732,0.16047395800706
309,77893.46875,0.30589282512664795,0.001528067165054381,17935.1796875,0.2921620011329651,4.1804070472717285,0.1631183329736814
310,77767.7265625,0.30482980608940125,0.0015096334973350167,17917.82421875,0.2921595871448517,4.19758415222168,0.16341350000584498
311,77641.0625,0.30374741554260254,0.0014979102415964007,17900.8515625,0.29215678572654724,4.214772701263428,0.16100854199612513
312,77513.5078125,0.30264684557914734,0.0014779454795643687,17885.330078125,0.29215696454048157,4.231973171234131,0.1648269579745829
313,77385.109375,0.30152592062950134,0.001467726193368435,17870.10546875,0.2921563684940338,4.249185562133789,0.16920954099623486
314,77255.828125,0.30038589239120483,0.0014447250869125128,17856.765625,0.2921600341796875,4.266409873962402,0.15490754100028425
315,77125.828125,0.29922470450401306,0.0014399397186934948,17843.232421875,0.2921612858772278,4.283646106719971,0.1480637500062585
316,76995.046875,0.29804864525794983,0.0014064887072890997,17832.53125,0.292169988155365,4.300894737243652,0.14823037496535107
317,76863.5234375,0.29684385657310486,0.0014211898669600487,17819.9765625,0.2921704351902008,4.318155765533447,0.15005383401876315
318,76731.390625,0.29564136266708374,0.0013499024789780378,17813.333984375,0.29218927025794983,4.3354291915893555,0.1601735419826582
319,76598.65625,0.2943887412548065,0.0014429381117224693,17797.873046875,0.292176216840744,4.352715015411377,0.15685491595650092
320,76465.59375,0.2931891083717346,0.0012093745172023773,17802.701171875,0.292230486869812,4.37001371383667,0.15855254099005833
321,76333.3125,0.2918367087841034,0.0016833181725814939,17766.88671875,0.29214420914649963,4.387325286865234,0.16188391600735486
322,76207.4921875,0.29079142212867737,0.0006876169936731458,17822.55078125,0.29237040877342224,4.404649257659912,0.15938679198734462
323,76121.7265625,0.28902629017829895,0.003616616828367114,17669.75390625,0.29187682271003723,4.421988010406494,0.15696679201209918
324,76261.875,0.28899702429771423,0.00043723100679926574,18010.2421875,0.29308202862739563,4.439334392547607,0.15709845797391608
325,77196.328125,0.2859572768211365,0.023100756108760834,17240.310546875,0.2905021011829376,4.456697940826416,0.15906820900272578
326,78188.890625,0.2880712151527405,0.014568044804036617,18461.62890625,0.2946333885192871,4.47406005859375,0.21754924999549985
327,76303.4453125,0.2853473126888275,0.014633397571742535,17232.96875,0.2907240390777588,4.491427898406982,0.16667049995157868
328,75805.65625,0.28486958146095276,0.009269937872886658,17291.654296875,0.29100048542022705,4.5087971687316895,0.16408208396751434
329,76984.0390625,0.28567999601364136,0.008676598779857159,18159.2265625,0.2938915491104126,4.526157855987549,0.15485158300725743
330,75333.8203125,0.28265896439552307,0.005559896118938923,17379.900390625,0.2913202941417694,4.543521404266357,0.1483957080054097
331,75872.6796875,0.28069478273391724,0.015348462387919426,17201.306640625,0.2906704545021057,4.560892581939697,0.14830000000074506
332,75771.265625,0.28065600991249084,0.003152769524604082,18045.3125,0.2934507727622986,4.57826566696167,0.146152124973014
333,74873.78125,0.27837038040161133,6.457805284298956e-05,17778.01171875,0.29252275824546814,4.595647811889648,0.15081266697961837
334,75657.6171875,0.275890588760376,0.017236102372407913,17269.029296875,0.29075920581817627,4.6130452156066895,0.15286687499610707
335,74648.875,0.27577531337738037,2.2042728232918307e-05,17808.10546875,0.2926102876663208,4.630451202392578,0.15119912498630583
336,74984.6484375,0.2752344608306885,0.0015221198555082083,17984.953125,0.29324036836624146,4.647861480712891,0.16571066697360948
337,74764.9375,0.2729959487915039,0.009838283061981201,17365.255859375,0.29116255044937134,4.665280818939209,0.16381058399565518
338,74294.65625,0.27243977785110474,0.004072763025760651,17481.533203125,0.291618674993515,4.682704448699951,0.16133949998766184
339,74679.859375,0.2726196348667145,0.001895457855425775,17913.423828125,0.29314932227134705,4.700125217437744,0.1677416249876842
340,73977.828125,0.2705441117286682,0.0022387404460459948,17518.771484375,0.2918076515197754,4.717547416687012,0.1617272500297986
341,74225.0546875,0.26883387565612793,0.008873417973518372,17337.75,0.2911657691001892,4.734974384307861,0.1574585839989595
342,73947.46875,0.26854029297828674,0.00023231751401908696,17795.07421875,0.29275134205818176,4.752401828765869,0.16469583404250443
343,73673.15625,0.26682472229003906,1.7461432435084134e-05,17737.271484375,0.2925166189670563,4.769833087921143,0.16316324996296316
344,73843.25,0.26441437005996704,0.008539676666259766,17414.71875,0.2913312315940857,4.7872748374938965,0.16020254098111764
345,73361.21875,0.2636977732181549,0.0004296064144000411,17712.1328125,0.2923634946346283,4.80472469329834,0.1491894589853473
346,73462.15625,0.2627805769443512,0.0002615824923850596,17867.736328125,0.29290205240249634,4.82218074798584,0.14848174998769537
347,73283.7734375,0.2605985701084137,0.005380351096391678,17520.302734375,0.2916558086872101,4.839648246765137,0.1429876660113223
348,73006.453125,0.2597697377204895,0.002178492723032832,17611.345703125,0.2920028269290924,4.857124328613281,0.14718679198995233
349,73105.9140625,0.25945401191711426,0.0003189719864167273,17842.146484375,0.29286468029022217,4.874603748321533,0.1543552919756621
350,72786.625,0.25762054324150085,0.0027880289126187563,17559.25,0.29186514019966125,4.89208984375,0.1537476250086911
351,72696.4375,0.2564736008644104,0.0034712885972112417,17525.708984375,0.29176244139671326,4.909582138061523,0.16052491700975224
352,72672.921875,0.2561093866825104,0.00012974195124115795,17778.845703125,0.2927016019821167,4.9270758628845215,0.16978841699892655
353,72377.34375,0.25428685545921326,0.0015138026792556047,17595.0625,0.29202210903167725,4.94457483291626,0.1641208750079386
354,72346.21875,0.25272074341773987,0.003766911569982767,17523.646484375,0.29173800349235535,4.9620819091796875,0.16055854101432487
355,72248.5,0.25211116671562195,2.3286051145987585e-05,17771.505859375,0.292635440826416,4.979593753814697,0.1615197079954669
356,72001.9140625,0.2503117024898529,0.001099810004234314,17646.462890625,0.2921430170536041,4.9971137046813965,0.16416495898738503
357,71962.0625,0.24870426952838898,0.003418728243559599,17567.681640625,0.29182079434394836,5.014644622802734,0.16052654199302197
358,71851.9375,0.24811749160289764,2.098446202580817e-06,17779.58984375,0.29260388016700745,5.032182693481445,0.16615175001788884
359,71632.890625,0.2465071678161621,0.0011822490487247705,17652.3359375,0.2921161353588104,5.04973030090332,0.1649744160240516
360,71560.28125,0.24517326056957245,0.0027191371191293,17585.083984375,0.29185959696769714,5.067287921905518,0.15555154101457447
361,71470.75,0.24468381702899933,2.2738788629794726e-07,17751.9375,0.29250410199165344,5.084851264953613,0.1469957500230521
362,71272.625,0.24314695596694946,0.0016724521992728114,17598.267578125,0.2919241487979889,5.10242223739624,0.14408641698537394
363,71150.25,0.24208170175552368,0.0017326102824881673,17582.03125,0.29186785221099854,5.119999885559082,0.1441196670057252
364,71079.9921875,0.24146980047225952,4.06981735068257e-06,17699.978515625,0.29232627153396606,5.1375813484191895,0.15012458298588172
365,70928.375,0.23985379934310913,0.0024424304720014334,17531.72265625,0.2916703522205353,5.1551690101623535,0.158155707991682
366,70758.65625,0.23903842270374298,0.0006553272833116353,17597.330078125,0.2919195294380188,5.172760963439941,0.15755370899569243
367,70657.640625,0.23810413479804993,0.0001520214427728206,17628.779296875,0.29203248023986816,5.190356254577637,0.16555970802437514
368,70564.7265625,0.2365843951702118,0.00268276734277606,17490.357421875,0.2914765179157257,5.2079572677612305,0.16362387500703335
369,70418.0078125,0.23601816594600677,7.448448741342872e-05,17613.361328125,0.29195380210876465,5.225560665130615,0.16055770899401978
370,70258.203125,0.23470523953437805,0.0011233584955334663,17518.232421875,0.29157114028930664,5.243167877197266,0.16374533396447077
371,70136.0,0.23366574943065643,0.0013044130755588412,17492.4921875,0.2914649546146393,5.260777950286865,0.16120779199991375
372,70037.5625,0.23297914862632751,7.404300413327292e-05,17559.240234375,0.29173001646995544,5.278388977050781,0.16213854198576882
373,69923.671875,0.2315399944782257,0.0023969197645783424,17414.994140625,0.2911498546600342,5.296002388000488,0.15858358301920816
374,69783.1484375,0.23100729286670685,7.496701437048614e-05,17518.431640625,0.29156494140625,5.313615322113037,0.16535312496125698
375,69634.234375,0.22969159483909607,0.0014297503512352705,17409.904296875,0.2911219298839569,5.331228733062744,0.16157762496732175
376,69495.8359375,0.22883838415145874,0.0006137127056717873,17430.826171875,0.2911980152130127,5.348841667175293,0.15002354100579396
377,69372.8828125,0.2278805524110794,0.0004079123609699309,17427.07421875,0.2911696135997772,5.366453170776367,0.14766954100923613
378,69260.578125,0.22664643824100494,0.0016025896184146404,17351.38671875,0.2908428907394409,5.384064674377441,0.1458609169931151
379,69153.9453125,0.2260066121816635,4.652165807783604e-05,17432.76953125,0.2911585867404938,5.401673316955566,0.14707125001586974
380,69053.203125,0.2245195358991623,0.0026435586623847485,17284.16796875,0.29052725434303284,5.419281482696533,0.15840529202250764
381,68964.9609375,0.22418464720249176,3.2973628549370915e-05,17431.19921875,0.2911199927330017,5.436885356903076,0.16396345797693357
382,68906.25,0.22244197130203247,0.004470812156796455,17200.34375,0.2901462912559509,5.454488277435303,0.1543542500003241
383,68910.28125,0.222598135471344,0.0008158079581335187,17450.763671875,0.29118120670318604,5.47208309173584,0.1618732499773614
384,69044.4765625,0.22032225131988525,0.009978148154914379,17060.607421875,0.28953826427459717,5.4896769523620605,0.1587189169949852
385,69387.3125,0.2215026319026947,0.00562626775354147,17525.265625,0.2914915978908539,5.507257461547852,0.16216624999651685
386,69913.1015625,0.21827788650989532,0.023670978844165802,16852.451171875,0.28865766525268555,5.524836540222168,0.1698374169645831
387,70080.3671875,0.22081756591796875,0.012933515943586826,17543.0390625,0.2916221618652344,5.542394161224365,0.1530193749931641
388,69259.21875,0.21740691363811493,0.018639525398612022,16803.064453125,0.2885151207447052,5.559944152832031,0.16209995903773233
389,68064.984375,0.21862216293811798,0.0002924677974078804,17163.888671875,0.29009634256362915,5.577474594116211,0.1989331670338288
390,67920.0625,0.21775633096694946,0.0001888208498712629,17132.72265625,0.28992825746536255,5.5949859619140625,0.30858304200228304
391,68587.453125,0.21512797474861145,0.014628198929131031,16780.6640625,0.28831174969673157,5.612488746643066,0.14854541700333357
392,68675.2109375,0.21645912528038025,0.006596783176064491,17315.130859375,0.29054492712020874,5.629971027374268,0.14816924999468029
393,67846.3671875,0.2133004516363144,0.00800680834800005,16864.697265625,0.28850942850112915,5.647446155548096,0.14541133400052786
394,67308.5859375,0.21297667920589447,0.0008927806629799306,17012.0390625,0.28909602761268616,5.664910793304443,0.15065658395178616
395,67639.9609375,0.21285027265548706,0.0017755567096173763,17193.640625,0.2898373603820801,5.682360649108887,0.156141540966928
396,67904.1875,0.20998862385749817,0.013156716711819172,16789.3359375,0.28800317645072937,5.6998066902160645,0.1613229580107145
397,67422.125,0.21106977760791779,0.001871477346867323,17161.9609375,0.28966036438941956,5.71723747253418,0.15987854200648144
398,66864.3125,0.20922186970710754,0.0013745952164754272,16938.3984375,0.28866270184516907,5.734658241271973,0.16805333300726488
399,66917.5234375,0.20796141028404236,0.004441191907972097,16851.7890625,0.2882547676563263,5.752070426940918,0.17211637500440702
400,67168.203125,0.20847557485103607,0.0024907917249947786,17125.376953125,0.2894618809223175,5.769466400146484,0.16253566602244973
401,66981.921875,0.2057141810655594,0.008540370501577854,16773.49609375,0.2878296673297882,5.786856651306152,0.17118000000482425
402,66500.453125,0.20601209998130798,9.157838940154761e-05,17004.716796875,0.2888536751270294,5.804234027862549,0.16645550000248477
403,66293.5625,0.20475322008132935,9.650614811107516e-05,16951.88671875,0.28856706619262695,5.821600914001465,0.16271966701606289
404,66419.9453125,0.20291680097579956,0.005477515514940023,16799.59375,0.28780919313430786,5.838962078094482,0.16831179102882743
405,66474.03125,0.20341581106185913,0.0017530281329527497,17059.84375,0.2889730930328369,5.85630989074707,0.1516567089711316
406,66231.453125,0.20095959305763245,0.006021198350936174,16772.568359375,0.2876080572605133,5.873652935028076,0.14673795900307596
407,65882.328125,0.201116681098938,6.929108167241793e-06,16934.337890625,0.2883562445640564,5.890985488891602,0.1447123329853639
408,65709.671875,0.20002345740795135,0.00018690305296331644,16879.90625,0.28808730840682983,5.908308506011963,0.14958287501940504
409,65732.6484375,0.1984999030828476,0.003694264916703105,16762.41796875,0.28750813007354736,5.925625801086426,0.15193300001556054
410,65770.265625,0.19878223538398743,0.001012793043628335,16951.904296875,0.2883886396884918,5.942930698394775,0.15682208398357034
411,65676.8125,0.19639495015144348,0.006218401249498129,16699.798828125,0.2871567904949188,5.960232257843018,0.18041470798198134
412,65450.07421875,0.19681507349014282,0.0005367326084524393,16903.1171875,0.28811776638031006,5.977522850036621,0.16366904199821874
413,65196.171875,0.1949215680360794,0.002382237697020173,16736.728515625,0.28729063272476196,5.994809150695801,0.1647175420075655
414,65011.6796875,0.19438205659389496,0.0003074046690016985,16790.267578125,0.2875247001647949,6.012089252471924,0.1672132079838775
415,64919.41015625,0.1935625523328781,3.74111405108124e-05,16803.47265625,0.2875594198703766,6.02936315536499,0.16560787498019636
416,64888.96484375,0.19193676114082336,0.003037965390831232,16692.822265625,0.28698667883872986,6.046635150909424,0.16074358305195346
417,64884.5625,0.1920751929283142,0.00063302181661129,16842.720703125,0.2877102196216583,6.063899040222168,0.169179999968037
418,64888.28125,0.1897650510072708,0.006391891278326511,16615.0859375,0.2865750193595886,6.0811638832092285,0.16145033296197653
419,64895.0234375,0.19063395261764526,0.0021449383348226547,16843.7890625,0.28773343563079834,6.098418712615967,0.1774355829693377
420,64905.7265625,0.18787650763988495,0.009604521095752716,16536.21875,0.28621408343315125,6.11567497253418,0.1506973750074394
421,64908.0546875,0.1893010288476944,0.003902238793671131,16819.32421875,0.28768402338027954,6.132918834686279,0.14522029098588973
422,64879.69921875,0.18616896867752075,0.012099986895918846,16462.140625,0.2859066426753998,6.1501641273498535,0.14638629101682454
423,64775.41015625,0.18785026669502258,0.004647733643651009,16772.537109375,0.2875307500362396,6.167396068572998,0.14709512499393895
424,64567.421875,0.18462468683719635,0.011016663163900375,16425.755859375,0.2857753038406372,6.184628963470459,0.15489991701906547
425,64260.97265625,0.1859046220779419,0.002567955991253257,16695.6640625,0.28718051314353943,6.201850891113281,0.1517483330098912
426,63921.5546875,0.18318764865398407,0.0055665625259280205,16454.044921875,0.2859208583831787,6.219073295593262,0.16138454200699925
427,63625.390625,0.18334054946899414,0.0001471345458412543,16607.435546875,0.28669190406799316,6.236290454864502,0.17043616698356345
428,63416.6328125,0.18160775303840637,0.0010566277196630836,16526.802734375,0.28623390197753906,6.253507614135742,0.159311167022679
429,63293.88671875,0.18053853511810303,0.000787711760494858,16536.453125,0.2862480878829956,6.270726680755615,0.16666770895244554
430,63238.3125,0.1798977553844452,2.445607060508337e-05,16593.279296875,0.2865281105041504,6.287945747375488,0.1601672079996206
431,63244.65625,0.177943617105484,0.003995290491729975,16464.9609375,0.28585803508758545,6.305171012878418,0.1611413749633357
432,63340.68359375,0.17847110331058502,0.0018138312734663486,16633.22265625,0.2867896854877472,6.322393417358398,0.16735941695515066
433,63601.171875,0.17562751471996307,0.011556343175470829,16348.4833984375,0.2853429913520813,6.339624404907227,0.1756974999443628
434,64134.9375,0.17777006328105927,0.009745032526552677,16668.38671875,0.28715038299560547,6.356844902038574,0.16141462500672787
435,64968.17578125,0.17356419563293457,0.02989811636507511,16165.0146484375,0.28456929326057434,6.374074459075928,0.160186082997825
436,65624.203125,0.17780062556266785,0.024468425661325455,16657.619140625,0.2873968183994293,6.391282558441162,0.14778795803431422
437,65077.296875,0.17289982736110687,0.033461544662714005,16025.5029296875,0.28415656089782715,6.4084930419921875,0.1481011250289157
438,63272.33203125,0.17631696164608002,0.006304142996668816,16381.4404296875,0.2862878143787384,6.425681114196777,0.14368841698160395
439,62180.51171875,0.17427177727222443,0.0004884456284344196,16179.8134765625,0.28524675965309143,6.442855358123779,0.1474302500137128
440,62819.90625,0.17206653952598572,0.01111674029380083,16054.4482421875,0.2844712734222412,6.460025310516357,0.1539965839474462
441,63740.265625,0.17387422919273376,0.012771916575729847,16434.2421875,0.28641408681869507,6.477176666259766,0.15071741701103747
442,63297.046875,0.1692584604024887,0.019170604646205902,16038.1416015625,0.2841600179672241,6.494332790374756,0.1598082500277087
443,62040.09375,0.17062965035438538,0.0010925192618742585,16305.5166015625,0.28562361001968384,6.511480331420898,0.16378529102075845
444,61768.7421875,0.1694919914007187,0.00018447331967763603,16260.4501953125,0.2854064702987671,6.528621196746826,0.15554170799441636
445,62468.625,0.1669655293226242,0.013021274469792843,16043.990234375,0.284259557723999,6.545764446258545,0.1630249580484815
446,62648.6875,0.16900485754013062,0.008097645826637745,16338.193359375,0.28600242733955383,6.562892913818359,0.16656195896212012
447,61864.15625,0.16598929464817047,0.008127805776894093,16015.96484375,0.28436481952667236,6.580018520355225,0.15613358304835856
448,61249.4375,0.16628919541835785,0.00020878567011095583,16101.8515625,0.28497785329818726,6.597134590148926,0.15904925001086667
449,61492.34375,0.16615091264247894,0.0016105392714962363,16171.8154296875,0.28544384241104126,6.614236831665039,0.14967654197243974
450,61874.8984375,0.16324551403522491,0.011969348415732384,15937.216796875,0.2841619551181793,6.6313371658325195,0.1503460410167463
451,61619.73828125,0.16448375582695007,0.004053082782775164,16200.103515625,0.2856594920158386,6.64842414855957,0.15266991598764434
452,61001.734375,0.16196352243423462,0.0034341574646532536,16003.3134765625,0.2845865488052368,6.6655073165893555,0.14732033404288813
453,60756.48046875,0.16136454045772552,0.0010322796879336238,16037.1767578125,0.28479620814323425,6.682584762573242,0.1469436659826897
454,60973.39453125,0.161388099193573,0.001575638190843165,16138.2978515625,0.28538721799850464,6.699651718139648,0.14853904204210266
455,61147.3046875,0.15891991555690765,0.009226665832102299,15915.2666015625,0.2841738164424896,6.716716289520264,0.15404233295703307
456,60934.9921875,0.16012470424175262,0.00275995722040534,16110.0234375,0.2853650152683258,6.733766555786133,0.15912125003524125
457,60506.734375,0.15817084908485413,0.003511236747726798,15906.9580078125,0.28431564569473267,6.750807762145996,0.18586429196875542
458,60235.140625,0.15813960134983063,0.0002284913935000077,15938.53515625,0.2845979630947113,6.767834663391113,0.16812116699293256
459,60246.5078125,0.1578776091337204,0.00024286452389787883,15956.474609375,0.2847798764705658,6.784844398498535,0.1648114159470424
460,60377.0390625,0.15606072545051575,0.005751695949584246,15801.365234375,0.283944308757782,6.801842212677002,0.1648902500164695
461,60414.6171875,0.1569231003522873,0.002627785550430417,15964.537109375,0.2849498987197876,6.81881856918335,0.16259283298859373
462,60273.6171875,0.154605433344841,0.006920628249645233,15745.8115234375,0.2837519645690918,6.835782527923584,0.16459783300524577
463,60010.35546875,0.15541715919971466,0.0011634749826043844,15886.3798828125,0.28465911746025085,6.852724552154541,0.1632357090129517
464,59743.59375,0.15378707647323608,0.0023591462522745132,15739.5400390625,0.28389427065849304,6.869649410247803,0.16048600000794977
465,59557.6015625,0.15364938974380493,7.102904783096164e-05,15769.375,0.28416183590888977,6.886553764343262,0.16361883300123736
466,59468.3671875,0.15301841497421265,2.6769001124193892e-05,15750.490234375,0.2841336131095886,6.903436660766602,0.15994054195471108
467,59452.76171875,0.1517844796180725,0.0022851410321891308,15671.853515625,0.28373944759368896,6.9203009605407715,0.14878962497459725
468,59490.01953125,0.15200316905975342,0.000924826948903501,15762.228515625,0.2843499183654785,6.937141418457031,0.14703737501986325
469,59584.1875,0.1498982161283493,0.006592264398932457,15594.35546875,0.2834078371524811,6.95396614074707,0.14558658300666139
470,59769.671875,0.15098953247070312,0.004377551842480898,15774.71484375,0.2845824956893921,6.970764636993408,0.14980108302552253
471,60109.0703125,0.1480395346879959,0.01501726359128952,15502.0029296875,0.28301385045051575,6.987549304962158,0.1516383329872042
472,60661.2421875,0.15042844414710999,0.013411914929747581,15787.8720703125,0.28489333391189575,7.004302501678467,0.1518064170377329
473,61373.640625,0.146464005112648,0.031122460961341858,15368.5849609375,0.28246408700942993,7.021042346954346,0.1546052080229856
474,61854.0546875,0.15040957927703857,0.02554524503648281,15753.259765625,0.2850531041622162,7.0377421379089355,0.16550000000279397
475,61426.01953125,0.14606831967830658,0.03348902240395546,15252.9365234375,0.2821734845638275,7.054422855377197,0.16391445801127702
476,59974.8984375,0.1494709998369217,0.0104085523635149,15557.3466796875,0.2842959761619568,7.071061134338379,0.1591531249578111
477,58654.84375,0.14704270660877228,0.003374845487996936,15320.125,0.2829296588897705,7.0876688957214355,0.16109395795501769
478,58565.8671875,0.14625586569309235,0.0032391774002462626,15323.375,0.2829298675060272,7.104248523712158,0.16078087501227856
479,59399.4921875,0.1469997763633728,0.007574959192425013,15529.7919921875,0.2841222584247589,7.120794296264648,0.16358620900427923
480,59999.4453125,0.14307188987731934,0.022066939622163773,15255.044921875,0.28230518102645874,7.137327194213867,0.16656287503428757
481,59584.27734375,0.14535152912139893,0.010501700453460217,15568.203125,0.2843075096607208,7.1538310050964355,0.30510520801180974
482,58559.30078125,0.14247974753379822,0.007183772046118975,15312.662109375,0.28280287981033325,7.170319557189941,0.14841037499718368
483,58009.1875,0.14281544089317322,0.00024271314032375813,15370.2880859375,0.28333085775375366,7.186786651611328,0.1455448329797946
484,58309.65625,0.1430298238992691,0.002052810974419117,15420.1865234375,0.2838120460510254,7.203227996826172,0.14830745803192258
485,58847.8203125,0.14052796363830566,0.01330780889838934,15206.7412109375,0.28257501125335693,7.2196550369262695,0.1529237920185551
486,58889.8359375,0.14237932860851288,0.007986430078744888,15433.396484375,0.2841986417770386,7.236052989959717,0.15136224997695535
487,58334.87890625,0.13954240083694458,0.009085286408662796,15194.216796875,0.28277894854545593,7.25243616104126,0.1534285829984583
488,57730.109375,0.1401337832212448,0.000287887902231887,15318.8203125,0.2836911976337433,7.268797397613525,0.1658860839670524
489,57581.33203125,0.139126256108284,1.0040106644737534e-05,15303.705078125,0.28363996744155884,7.285140514373779,0.1630913330009207
490,57841.03125,0.13729698956012726,0.005862842313945293,15216.44140625,0.28308603167533875,7.3014726638793945,0.16688062500907108
491,58112.3203125,0.13814927637577057,0.004771324340254068,15393.04296875,0.284272164106369,7.317785739898682,0.1839054999873042
492,58081.8359375,0.13547693192958832,0.010599304921925068,15179.009765625,0.28295204043388367,7.334091663360596,0.17725641699507833
493,57740.59375,0.1367517113685608,0.00306020793505013,15342.728515625,0.28416672348976135,7.35037899017334,0.16281120898202062
494,57328.0234375,0.13504280149936676,0.0031699156388640404,15180.0986328125,0.28326651453971863,7.3666534423828125,0.16459362499881536
495,57086.23046875,0.13513635098934174,8.723120845388621e-05,15204.0595703125,0.2835981249809265,7.38291072845459,0.16682362504070625
496,57077.25,0.1348802000284195,0.0001323506294284016,15202.0234375,0.28373974561691284,7.399148941040039,0.14842941699316725
497,57208.109375,0.1334276795387268,0.00462028244510293,15090.7236328125,0.2831259071826935,7.415373802185059,0.14950391702586785
498,57351.125,0.1341925859451294,0.0030745561234652996,15215.876953125,0.28408530354499817,7.431576728820801,0.14920716598862782
499,57418.46484375,0.1319236010313034,0.009068015031516552,15025.6279296875,0.2829367518424988,7.4477691650390625,0.1509859579964541
500,57375.29296875,0.13312476873397827,0.004510149825364351,15192.2568359375,0.2841954529285431,7.463939666748047,0.1727350419969298
501,57230.17578125,0.13085134327411652,0.008648419752717018,14983.6845703125,0.28296515345573425,7.480099678039551,0.1645924579934217
502,57020.140625,0.13192373514175415,0.0029123115818947554,15126.8095703125,0.284097284078598,7.496239185333252,0.16462258400861174
503,56791.69140625,0.13006429374217987,0.005165491718798876,14955.4404296875,0.28313273191452026,7.512366771697998,0.16106416698312387
504,56582.49609375,0.13057473301887512,0.0008422294049523771,15048.580078125,0.2839221954345703,7.528475761413574,0.17084995895856991
505,56410.46875,0.12917330861091614,0.0021265207324177027,14943.4296875,0.2833705544471741,7.544572830200195,0.16271591698750854
506,56275.7734375,0.1290256679058075,3.094935527769849e-05,14989.2880859375,0.28380823135375977,7.56065559387207,0.1683212909847498
507,56169.16796875,0.12797892093658447,0.0006624278030358255,14943.1865234375,0.2836184501647949,7.576727867126465,0.16060279100202024
508,56080.1796875,0.12737993896007538,0.00011989660561084747,14951.28125,0.28378915786743164,7.592790603637695,0.16394337499514222
509,56001.453125,0.12664006650447845,0.00013667330495081842,14939.8115234375,0.28383970260620117,7.6088457107543945,0.16074370901333168
510,55930.41015625,0.12583287060260773,0.0005496045923791826,14912.1064453125,0.28380054235458374,7.624894618988037,0.16531987499911338
511,55870.2109375,0.12544311583042145,3.871455646731192e-06,14921.724609375,0.28403791785240173,7.640936374664307,0.15060937497764826
512,55835.1015625,0.12445888668298721,0.0016673925565555692,14848.388671875,0.2837408781051636,7.656973838806152,0.15172045800136402
513,55866.8203125,0.12457671761512756,0.0007992210448719561,14899.5537109375,0.2842966914176941,7.673002243041992,0.14982979104388505
514,56086.0859375,0.12306050211191177,0.006943415384739637,14740.3486328125,0.28345346450805664,7.689027309417725,0.15128925000317395
515,56841.11328125,0.12429644167423248,0.010036978870630264,14920.0166015625,0.2848775386810303,7.705038070678711,0.15599133301293477
516,59047.55078125,0.1212996318936348,0.041334301233291626,14531.025390625,0.2825313210487366,7.7210493087768555,0.15871583297848701
517,64273.109375,0.12562063336372375,0.08030517399311066,15055.8037109375,0.28624722361564636,7.737030506134033,0.16157562501030043
518,70846.25,0.12053114175796509,0.16579000651836395,14140.1513671875,0.28073984384536743,7.753008842468262,0.16034604096785188
519,67345.59375,0.12817956507205963,0.11047868430614471,14874.4521484375,0.28605321049690247,7.7689337730407715,0.1938048749580048
520,56124.8671875,0.12609726190567017,0.01182588841766119,14120.4501953125,0.28212103247642517,7.784816265106201,0.16254687501350418
521,59302.2421875,0.12601794302463531,0.046936556696891785,13900.955078125,0.2810583710670471,7.800657272338867,0.16430158296134323
522,64183.6953125,0.13028566539287567,0.08136437088251114,14529.3466796875,0.2848934531211853,7.816435813903809,0.16519991599489003
523,56371.1875,0.1267106682062149,0.016110558062791824,13937.7646484375,0.2815130054950714,7.83217716217041,0.16819787496933714
524,57848.25,0.12548057734966278,0.03287992253899574,13897.6064453125,0.28114596009254456,7.847893238067627,0.16521862498484552
525,60949.453125,0.12760066986083984,0.052349671721458435,14498.5263671875,0.28455889225006104,7.863576889038086,0.15952595899580047
526,55176.4453125,0.12460494786500931,0.003837317693978548,14106.384765625,0.28225836157798767,7.879248142242432,0.14794545900076628
527,58225.1484375,0.1227991059422493,0.038451481610536575,13966.5859375,0.2813350558280945,7.8949174880981445,0.14829366700723767
528,58014.234375,0.12456493824720383,0.026689445599913597,14452.66015625,0.2843613922595978,7.910576343536377,0.14678624999942258
529,54923.90625,0.12321506440639496,0.000488459481857717,14227.453125,0.2832610309123993,7.926230430603027,0.15039491700008512
530,58172.16015625,0.12139804661273956,0.039480000734329224,13923.9404296875,0.281604140996933,7.941885471343994,0.14898362499661744
531,55544.30859375,0.12268099188804626,0.006219769362360239,14260.2412109375,0.283939927816391,7.957534313201904,0.152281665999908
532,55728.6328125,0.12230749428272247,0.008290426805615425,14253.615234375,0.2841522693634033,7.9731764793396,0.1623518340056762
533,56882.9609375,0.1202039122581482,0.027409879490733147,13899.9423828125,0.2822163701057434,7.988818645477295,0.1648193749715574
534,54509.875,0.12030420452356339,0.0001037667752825655,14107.79296875,0.28361284732818604,8.004459381103516,0.155281790997833
535,56275.59375,0.12014143168926239,0.01464045513421297,14310.69140625,0.28486713767051697,8.020098686218262,0.16784487501718104
536,55186.89453125,0.11797965317964554,0.010572983883321285,14012.705078125,0.2831892669200897,8.03574275970459,0.1650096250232309
537,54744.8203125,0.11710605025291443,0.006131610833108425,14067.0166015625,0.28354039788246155,8.051395416259766,0.16503283299971372
538,55758.02734375,0.11710788309574127,0.011769366450607777,14348.841796875,0.2852146029472351,8.067054748535156,0.16959125001449138
539,54235.8203125,0.1155974268913269,0.001163391163572669,14147.43359375,0.284123033285141,8.082723617553711,0.16366383305285126
540,55072.9140625,0.11453767865896225,0.012190952897071838,14042.5068359375,0.2835754156112671,8.098402976989746,0.16045383299933746
541,54750.78125,0.11480334401130676,0.004834295716136694,14278.0712890625,0.2850894331932068,8.114089012145996,0.14902666700072587
542,54096.18359375,0.11416657269001007,0.00035390735138207674,14176.912109375,0.28467223048210144,8.129779815673828,0.1479914999799803
543,54868.953125,0.11328307539224625,0.012130712158977985,13966.240234375,0.2836133539676666,8.14547348022461,0.14622462500119582
544,54001.046875,0.11357049643993378,0.0006197651382535696,14112.1220703125,0.2846989929676056,8.161166191101074,0.14266775001306087
545,54158.20703125,0.11339861899614334,0.002277066931128502,14103.46484375,0.2848717272281647,8.176854133605957,0.15478295797947794
546,54328.6953125,0.11254089325666428,0.008342762477695942,13868.419921875,0.28371912240982056,8.192536354064941,0.15253216604469344
547,53643.6640625,0.11250898241996765,0.00012652965961024165,13942.95703125,0.28437158465385437,8.208210945129395,0.15318475000094622
548,54055.171875,0.11235137283802032,0.003156031249091029,14009.79296875,0.28494638204574585,8.223877906799316,0.17053475003922358
549,53797.171875,0.11138536781072617,0.004575054626911879,13806.1357421875,0.28394994139671326,8.23953628540039,0.1601058340165764
550,53466.84765625,0.11096694320440292,0.0011281659826636314,13830.9130859375,0.2842642366886139,8.255187034606934,0.1660648339893669
551,53784.3203125,0.1106921136379242,0.0027763464022427797,13935.0126953125,0.28502458333969116,8.270831108093262,0.16644158301642165
552,53397.5703125,0.10970544815063477,0.002295286860316992,13773.376953125,0.2842411994934082,8.286469459533691,0.1623342499951832
553,53292.40625,0.10909468680620193,0.0018757949583232403,13762.3251953125,0.2843303084373474,8.302102088928223,0.15863604098558426
554,53459.27734375,0.10878247767686844,0.0020249169319868088,13867.537109375,0.2851099967956543,8.317730903625488,0.16540191700914875
555,53101.1953125,0.10790616273880005,0.001278896233998239,13733.8720703125,0.28448817133903503,8.333354949951172,0.16419304197188467
556,53072.8125,0.1073099672794342,0.0019674904178828,13699.2216796875,0.2844584584236145,8.34897518157959,0.15478624997194856
557,53148.1484375,0.10705133527517319,0.0014103840803727508,13785.443359375,0.28516533970832825,8.364590644836426,0.14963633299339563
558,52853.14453125,0.10633482784032822,0.0009681964875198901,13660.70703125,0.28462135791778564,8.38020133972168,0.14647166698705405
559,52818.12109375,0.10585478693246841,0.0016092283185571432,13615.646484375,0.2845607399940491,8.395805358886719,0.14573937497334555
560,52860.609375,0.10566513240337372,0.0010020099580287933,13678.4140625,0.2851548194885254,8.411402702331543,0.15061583399074152
561,52626.35546875,0.10506740212440491,0.0010374654084444046,13553.4345703125,0.2846243381500244,8.42699146270752,0.15603812504559755
562,52548.2890625,0.10468366742134094,0.0010270627681165934,13515.6474609375,0.2846156656742096,8.442570686340332,0.15084670798387378
563,52582.8125,0.10447318106889725,0.0006948604714125395,13557.63671875,0.28508371114730835,8.45814037322998,0.1655141250230372
564,52413.5390625,0.103879414498806,0.0013508902629837394,13435.2763671875,0.28455230593681335,8.473697662353516,0.15914891700958833
565,52281.7265625,0.10350030660629272,0.0004113333998247981,13422.8291015625,0.28467732667922974,8.489243507385254,0.16373091598507017
566,52295.2265625,0.10315332561731339,0.0003622679796535522,13443.9970703125,0.28499671816825867,8.504777908325195,0.1596410830388777
567,52204.828125,0.10249511897563934,0.0017236489802598953,13332.87890625,0.28450074791908264,8.520298957824707,0.165453375026118
568,52044.140625,0.10208906978368759,2.9675331461476162e-05,13352.0947265625,0.2848016917705536,8.535808563232422,0.1610991249908693
569,51994.8671875,0.10160127282142639,3.982006091973744e-05,13339.9130859375,0.2849084436893463,8.55130672454834,0.15980854199733585
570,51967.44140625,0.10095557570457458,0.0017027946887537837,13248.5771484375,0.28453028202056885,8.566792488098145,0.16495579201728106
571,51845.68359375,0.10057497024536133,7.554859621450305e-05,13285.4521484375,0.2849518060684204,8.582266807556152,0.16248437500325963
572,51723.109375,0.100021131336689,0.00016112555749714375,13226.2451171875,0.2847864031791687,8.597729682922363,0.15310883295023814
573,51675.7421875,0.09948881715536118,0.0008921009139157832,13172.12890625,0.28465524315834045,8.613181114196777,0.294187041989062
574,51627.6015625,0.09910738468170166,0.00017632072558626533,13197.408203125,0.2850182354450226,8.628621101379395,0.15020537498639897
575,51520.4375,0.09851562231779099,0.0009570452384650707,13106.9541015625,0.2846621572971344,8.644048690795898,0.15656358300475404
576,51405.7265625,0.09807176142930984,5.434132253867574e-05,13106.8466796875,0.2848626673221588,8.659464836120605,0.16129433299647644
577,51335.203125,0.09757117927074432,8.84375253917824e-07,13085.6318359375,0.28492361307144165,8.674869537353516,0.16079454100690782
578,51284.1484375,0.09697511792182922,0.001020105672068894,13016.8916015625,0.2846773564815521,8.690261840820312,0.16116499999770895
579,51207.14453125,0.096527598798275,8.970575436251238e-05,13043.0654296875,0.2850234806537628,8.705644607543945,0.1639645830146037
580,51102.8359375,0.09592513740062714,0.0006866920157335699,12968.4736328125,0.28473180532455444,8.721015930175781,0.1609709169715643
581,51001.96484375,0.0954490378499031,5.6065418903017417e-05,12963.33984375,0.2848811447620392,8.736377716064453,0.22963045904180035
582,50923.3203125,0.09496795386075974,2.4203303837566637e-05,12935.14453125,0.2848896086215973,8.751729011535645,0.17010116600431502
583,50858.9609375,0.09447555243968964,0.0006854196544736624,12873.61328125,0.28469252586364746,8.767069816589355,0.1630589590058662
584,50791.08984375,0.09411907941102982,5.4532953072339296e-05,12880.0302734375,0.2849369943141937,8.782400131225586,0.16867970797466114
585,50710.26171875,0.09366678446531296,0.0009380592964589596,12791.5712890625,0.28458207845687866,8.797718048095703,0.1504516249988228
586,50618.6171875,0.09336261451244354,2.755209061433561e-05,12796.7021484375,0.2848289906978607,8.813024520874023,0.14470312499906868
587,50523.4921875,0.09295546263456345,0.0005645093624480069,12717.87109375,0.2845362722873688,8.828316688537598,0.14792899996973574
588,50430.7109375,0.0926208421587944,1.4378832929651253e-05,12702.587890625,0.28464600443840027,8.843596458435059,0.15003600000636652
589,50342.3984375,0.09222103655338287,0.0001971542660612613,12649.896484375,0.28450682759284973,8.858861923217773,0.15232437499798834
590,50258.1953125,0.091819167137146,0.000165637640748173,12613.388671875,0.2844632565975189,8.874113082885742,0.149790083989501
591,50177.0546875,0.09140761941671371,3.11586118186824e-05,12586.0185546875,0.2844715714454651,8.889350891113281,0.15872487501474097
592,50098.734375,0.09095471352338791,0.0004324113833718002,12530.6630859375,0.28429362177848816,8.90457534790039,0.16323520801961422
593,50024.7578125,0.09055148810148239,8.977787729236297e-06,12524.9501953125,0.2844376266002655,8.91978645324707,0.16226637497311458
594,49960.1953125,0.09008045494556427,0.0009760019020177424,12444.8369140625,0.2840971052646637,8.93498420715332,0.16207508300431073
595,49918.15625,0.08972416818141937,0.0003188612754456699,12469.412109375,0.2844444215297699,8.950169563293457,0.1588180839898996
596,49932.625,0.08924125880002975,0.002904136199504137,12339.8193359375,0.28378263115882874,8.965340614318848,0.16155704198172316
597,50095.8046875,0.0889793187379837,0.002987499814480543,12437.5986328125,0.28461524844169617,8.980500221252441,0.16991904203314334
598,50661.53125,0.08844548463821411,0.013195369392633438,12184.48828125,0.28312957286834717,8.995641708374023,0.1648409169865772
599,52333.359375,0.08846462517976761,0.024692414328455925,12486.859375,0.28530794382095337,9.010775566101074,0.17237862496403977
600,56757.61328125,0.08782367408275604,0.07910525053739548,11906.498046875,0.281582236289978,9.025882720947266,0.1530840409686789
601,66055.5,0.08930384367704391,0.15736068785190582,12688.35546875,0.2870068848133087,9.04098129272461,0.14582158299162984
602,74484.1484375,0.08846129477024078,0.2619445323944092,11513.337890625,0.2793022692203522,9.056034088134766,0.1465175420162268
603,64876.8828125,0.09296055138111115,0.14636753499507904,12359.404296875,0.2858467400074005,9.071050643920898,0.14528704097028822
604,49526.421875,0.09365704655647278,0.00414226995781064,11592.9619140625,0.2815352976322174,9.08600902557373,0.15562845801468939
605,57813.515625,0.09442199021577835,0.09242092072963715,11208.3125,0.2792091369628906,9.100896835327148,0.15789091703481972
606,62043.2890625,0.09772857278585434,0.11932490020990372,11924.25390625,0.28413689136505127,9.115723609924316,0.15643520903540775
607,49925.15234375,0.09666627645492554,0.00960340816527605,11281.818359375,0.28016364574432373,9.13048267364502,0.1665257919812575
608,55037.8046875,0.09600656479597092,0.06435302644968033,11121.3271484375,0.2788051962852478,9.14517593383789,0.16012758301803842
609,57157.3046875,0.09750618040561676,0.07365571707487106,11738.2333984375,0.28302881121635437,9.159821510314941,0.16254891600692645
610,49092.6953125,0.09555152803659439,0.0004637436359189451,11429.1533203125,0.28062015771865845,9.174423217773438,0.1627953329589218
611,55141.9609375,0.0935932844877243,0.06632386893033981,11263.71875,0.2788652777671814,9.188986778259277,0.16494849999435246
612,52603.515625,0.09440576285123825,0.031700946390628815,11746.9716796875,0.28245875239372253,9.203529357910156,0.16200462501728907
613,49715.6484375,0.09303940087556839,0.005792607087641954,11659.521484375,0.2817292809486389,9.218055725097656,0.16083729197271168
614,54201.08984375,0.09083632379770279,0.058228760957717896,11361.513671875,0.27933067083358765,9.23256778717041,0.1658793749520555
615,49383.08984375,0.09156594425439835,0.003963650204241276,11652.6982421875,0.2817743122577667,9.247072219848633,0.1604040419915691
616,51287.4921875,0.09139133244752884,0.021630380302667618,11734.9404296875,0.28250378370285034,9.261571884155273,0.15226791700115427
617,51541.1640625,0.08939545601606369,0.03224068880081177,11381.2236328125,0.2799632251262665,9.276063919067383,0.14798958302708343
618,48759.2734375,0.08948910981416702,0.0022158948704600334,11488.3896484375,0.28100380301475525,9.290549278259277,0.14702412497717887
619,51620.8515625,0.08982063829898834,0.026710370555520058,11697.341796875,0.28270408511161804,9.30502986907959,0.1509354580193758
620,49100.109375,0.0879223421216011,0.007874549366533756,11443.541015625,0.28076881170272827,9.31950569152832,0.15616041695466265
621,49602.390625,0.08688780665397644,0.014187831431627274,11434.31640625,0.28060513734817505,9.333979606628418,0.15635270799975842
622,50318.8203125,0.0869840458035469,0.01663462445139885,11696.3203125,0.282606303691864,9.348456382751465,0.1607090830220841
623,48297.37109375,0.08531263470649719,1.040905226545874e-05,11599.6123046875,0.2816545367240906,9.36293888092041,0.16129329096293077
624,49957.8359375,0.08361585438251495,0.020174909383058548,11510.7119140625,0.28068047761917114,9.377429962158203,0.1621565839741379
625,48807.25,0.08356601744890213,0.0048888130113482475,11725.6865234375,0.28236082196235657,9.391934394836426,0.16022637498099357
626,48502.58203125,0.08263672888278961,0.0029029285069555044,11722.341796875,0.28226274251937866,9.406453132629395,0.16311583301285282
627,49387.96875,0.08115372061729431,0.01631864532828331,11554.6591796875,0.2808607518672943,9.420985221862793,0.16244716697838157
628,47990.015625,0.08128111809492111,0.0001526769483461976,11660.11328125,0.2818652093410492,9.435528755187988,0.16571595903951675
629,48668.53125,0.08124604821205139,0.006259918212890625,11690.060546875,0.28227874636650085,9.450081825256348,0.15378674998646602
630,48509.09375,0.08029258996248245,0.009167543612420559,11483.59375,0.2807948887348175,9.464639663696289,0.16312583402032033
631,47734.3984375,0.08044050633907318,0.0008687968947924674,11490.4833984375,0.2811298370361328,9.47919750213623,0.14972916699480265
632,48449.875,0.08078096061944962,0.006534224841743708,11538.587890625,0.2817976772785187,9.493753433227539,0.14594645897159353
633,47798.2265625,0.08003044128417969,0.003875935450196266,11357.01953125,0.2805057168006897,9.508302688598633,0.1443027500063181
634,47622.359375,0.0798385962843895,0.0027955081313848495,11319.7861328125,0.2803916037082672,9.522844314575195,0.14703604095848277
635,48003.28515625,0.0800345242023468,0.00493783550336957,11389.65625,0.28116393089294434,9.537378311157227,0.15519050002330914
636,47331.0859375,0.07924669981002808,0.001323977136053145,11257.9228515625,0.28016096353530884,9.55190372467041,0.15264820802258328
637,47439.0546875,0.07874710112810135,0.0038241068832576275,11202.6201171875,0.2797931432723999,9.566420555114746,0.1614924999885261
638,47529.31640625,0.07882168889045715,0.003199875121936202,11273.2802734375,0.28053879737854004,9.58092975616455,0.17202216701116413
639,46998.859375,0.07816100865602493,0.0004299032734706998,11165.1982421875,0.2797456979751587,9.595431327819824,0.16065958299441263
640,47160.90234375,0.0776931568980217,0.003823930164799094,11086.66796875,0.27922526001930237,9.609923362731934,0.15476699999999255
641,47109.046875,0.07785678654909134,0.0020414674654603004,11134.630859375,0.2798458933830261,9.624406814575195,0.15930570795899257
642,46705.640625,0.07742846012115479,0.00020400498760864139,11028.0107421875,0.2791438102722168,9.638877868652344,0.16059450001921505
643,46825.4609375,0.0770774707198143,0.0032342146150767803,10937.26171875,0.278570294380188,9.653335571289062,0.1549342920188792
644,46743.5625,0.0772211104631424,0.0014548487961292267,10968.83984375,0.27907124161720276,9.667778015136719,0.15360541600966826
645,46412.58984375,0.07677038758993149,0.00023281040193978697,10871.4267578125,0.2784084379673004,9.682204246520996,0.15784220898058265
646,46460.3984375,0.07631340622901917,0.002381241414695978,10799.4091796875,0.27791520953178406,9.696612358093262,0.15504120796686038
647,46408.51953125,0.0761825293302536,0.001198362442664802,10835.296875,0.2783513367176056,9.711004257202148,0.14978949999203905
648,46120.65234375,0.07548458129167557,0.0004853374557569623,10754.181640625,0.27769479155540466,9.725380897521973,0.14795966702513397
649,46078.578125,0.0748661458492279,0.0014038801891729236,10714.341796875,0.2773723602294922,9.739742279052734,0.1457512910128571
650,46071.06640625,0.07449737191200256,0.0009946582140401006,10750.01171875,0.27771851420402527,9.7540922164917,0.1706833749776706
651,45842.6015625,0.07368923723697662,0.0010371188400313258,10669.1337890625,0.2770082950592041,9.768430709838867,0.15511745802359655
652,45700.390625,0.0731486827135086,0.00046906780335120857,10651.0380859375,0.276875764131546,9.782759666442871,0.1553117500152439
653,45697.0390625,0.07275953143835068,0.0005925645236857235,10660.8134765625,0.2770101726055145,9.797080039978027,0.1648177919560112
654,45569.20703125,0.0720704048871994,0.0016904359217733145,10569.126953125,0.27623996138572693,9.811389923095703,0.1666587499785237
655,45368.3203125,0.07173885405063629,3.0514527225022903e-06,10565.5615234375,0.27628570795059204,9.825690269470215,0.1671081249951385
656,45284.19140625,0.07134080678224564,6.907389615662396e-05,10534.8818359375,0.27608323097229004,9.839980125427246,0.16136287502013147
657,45236.71484375,0.07077684998512268,0.0016567377606406808,10453.521484375,0.2753983438014984,9.85425853729248,0.16591995803173631
658,45091.640625,0.0704980120062828,0.0002441422548145056,10463.1826171875,0.27554240822792053,9.868526458740234,0.16267550003249198
659,44918.296875,0.06996259838342667,0.00025804550386965275,10398.8115234375,0.27497419714927673,9.882782936096191,0.164654457999859
660,44818.484375,0.06947216391563416,0.0005460805259644985,10357.390625,0.27459266781806946,9.897027969360352,0.16849266696954146
661,44749.7890625,0.06909259408712387,0.0002633024414535612,10356.6376953125,0.2745756208896637,9.911263465881348,0.16403841698775068
662,44629.65234375,0.06850263476371765,0.0012011340586468577,10277.65625,0.27381619811058044,9.925488471984863,0.14781191694783047
663,44468.12109375,0.06815412640571594,2.3054872144712135e-05,10273.8857421875,0.2737651765346527,9.939703941345215,0.14908854197710752
664,44328.09375,0.06772598624229431,7.112301682354882e-05,10221.607421875,0.2732677757740021,9.953909873962402,0.14733991702087224
665,44228.421875,0.06734035909175873,0.0005778144113719463,10163.71875,0.27272889018058777,9.96810531616211,0.1461719170329161
666,44134.7109375,0.06711126118898392,0.00016536733892280608,10147.6240234375,0.27259424328804016,9.982290267944336,0.15193391701905057
667,44014.3125,0.0667518749833107,0.0010464673396199942,10057.2587890625,0.27177220582962036,9.996461868286133,0.34050491702510044
668,43868.5,0.06657981872558594,7.126937271095812e-05,10039.865234375,0.2716352343559265,10.010621070861816,0.1600667919847183
669,43719.234375,0.06627923995256424,0.0003439897845964879,9963.4990234375,0.2709341049194336,10.024765014648438,0.16176666598767042
670,43583.3828125,0.06602493673563004,9.14919946808368e-05,9919.7021484375,0.2705203890800476,10.038893699645996,0.16228483302984387
671,43462.61328125,0.0657389685511589,1.4598563780054974e-07,9878.240234375,0.27010461688041687,10.053007125854492,0.1633898330037482
672,43349.30859375,0.06536438316106796,0.0006187930703163147,9810.0498046875,0.2694094181060791,10.06710433959961,0.1687562089646235
673,43235.6796875,0.06505448371171951,0.00012831288040615618,9796.474609375,0.26920923590660095,10.08118724822998,0.1642144579673186
674,43118.56640625,0.06460429728031158,0.001102210022509098,9714.095703125,0.2683382034301758,10.095254898071289,0.16737604199443012
675,42999.46484375,0.06428547948598862,0.00031579594360664487,9714.7705078125,0.268245667219162,10.109310150146484,0.16699154203524813
676,42883.2109375,0.06382438540458679,0.0015515252016484737,9620.818359375,0.2672480344772339,10.123350143432617,0.15137629100354388
677,42778.6015625,0.06354118138551712,0.0006767766899429262,9631.828125,0.26724979281425476,10.137378692626953,0.14694587502162904
678,42702.1171875,0.06309723109006882,0.0027069919742643833,9516.8466796875,0.26604846119880676,10.151391983032227,0.14603212504880503
679,42690.1640625,0.06288830190896988,0.002183276228606701,9553.2978515625,0.2662971019744873,10.165392875671387,0.14518279198091477
680,42828.81640625,0.06243332102894783,0.007347037550061941,9389.400390625,0.2646138072013855,10.179376602172852,0.15210291603580117
681,43334.86328125,0.062357209622859955,0.010412216186523438,9500.4462890625,0.26557475328445435,10.193349838256836,0.15656054200371727
682,44749.1875,0.06182902306318283,0.030866963788866997,9213.5810546875,0.26266008615493774,10.207300186157227,0.15739658300299197
683,48369.91796875,0.06214594468474388,0.06074671447277069,9526.158203125,0.26554495096206665,10.221242904663086,0.1642385830054991
684,56450.13671875,0.06158628687262535,0.15395547449588776,8935.0166015625,0.2596094608306885,10.235149383544922,0.16677779197925702
685,69205.7109375,0.06337665021419525,0.26566585898399353,9656.7763671875,0.2664468288421631,10.24905014038086,0.16392595798242837
686,73384.765625,0.06334909796714783,0.32811450958251953,8580.443359375,0.25657957792282104,10.262892723083496,0.16617445898009464
687,54585.84765625,0.06704223155975342,0.12368283420801163,9196.9697265625,0.2631637156009674,10.27669906616211,0.16184154199436307
688,41583.546875,0.06853770464658737,0.0007008978864178061,8712.7705078125,0.2594691812992096,10.290447235107422,0.1677734999684617
689,54897.9375,0.0692954733967781,0.14164769649505615,8269.3603515625,0.25534260272979736,10.304118156433105,0.16204462497262284
690,55930.140625,0.07205107808113098,0.13770101964473724,8872.7646484375,0.260821670293808,10.317733764648438,0.16015912499278784
691,41824.50390625,0.07181493192911148,0.0065173134207725525,8364.3857421875,0.2562689185142517,10.331280708312988,0.1547874590032734
692,48627.1484375,0.07154250144958496,0.07852920889854431,8212.84375,0.25407132506370544,10.344758033752441,0.14994979201583192
693,51480.3515625,0.0727977380156517,0.09652572870254517,8695.1162109375,0.25852885842323303,10.358189582824707,0.14775245799683034
694,41360.3984375,0.07132911682128906,0.0031162495724856853,8409.2578125,0.25506603717803955,10.371574401855469,0.14778474997729063
695,47183.42578125,0.07003286480903625,0.06551171839237213,8313.4052734375,0.2531556189060211,10.384915351867676,0.1528471659985371
696,47336.6484375,0.0706687793135643,0.05869966745376587,8700.873046875,0.2569892704486847,10.398233413696289,0.15913733403431252
697,40912.2578125,0.06907536089420319,1.6253186913672835e-05,8525.4208984375,0.2547767460346222,10.411529541015625,0.16500804194947705
698,46465.09375,0.06742263585329056,0.06106144189834595,8363.46875,0.25253215432167053,10.424803733825684,0.17749529203865677
699,43894.49609375,0.06805852800607681,0.02853544056415558,8673.1064453125,0.25561991333961487,10.438066482543945,0.1593818329856731
700,41121.34375,0.06698612123727798,0.003961160778999329,8580.125,0.25446489453315735,10.451316833496094,0.1702751669799909
701,45270.6796875,0.06527309864759445,0.0519271083176136,8364.8212890625,0.2518583834171295,10.464550971984863,0.16636500001186505
702,41525.203125,0.06565818190574646,0.009595553390681744,8588.5595703125,0.25411272048950195,10.477773666381836,0.15430795802967623
703,41525.796875,0.06490066647529602,0.010679063387215137,8585.466796875,0.25382354855537415,10.490984916687012,0.1632227500085719
704,43642.2578125,0.06306522339582443,0.03828597068786621,8391.2138671875,0.2511592507362366,10.504179954528809,0.15266500000143424
705,40274.0859375,0.06282225251197815,0.0016196381766349077,8559.80859375,0.2527008652687073,10.517363548278809,0.15257183299399912
706,41599.8984375,0.0620000846683979,0.014551947824656963,8639.4951171875,0.2530519962310791,10.530540466308594,0.15592587500577793
707,42114.1015625,0.06008553132414818,0.02555076964199543,8491.83984375,0.2505863308906555,10.543705940246582,0.15068483399227262
708,39714.59375,0.05937465652823448,3.601916205298039e-06,8618.640625,0.25158125162124634,10.556867599487305,0.14916933298809454
709,41245.1015625,0.05856393277645111,0.014410520903766155,8723.728515625,0.25223928689956665,10.570029258728027,0.14982733398210257
710,40946.2421875,0.05693241208791733,0.01676415279507637,8579.1865234375,0.24997401237487793,10.583187103271484,0.15561583399539813
711,39367.41796875,0.05627951771020889,0.00030922627774998546,8658.4228515625,0.25050121545791626,10.596343040466309,0.15713154198601842
712,40641.30078125,0.05579949542880058,0.01204382348805666,8746.5595703125,0.25110408663749695,10.609500885009766,0.18476312496932223
713,40131.24609375,0.05476747825741768,0.011791987344622612,8583.8681640625,0.24891431629657745,10.622649192810059,0.16666862496640533
714,39020.0859375,0.05447087809443474,0.00046259185182861984,8619.5595703125,0.24907182157039642,10.635787963867188,0.1620827909791842
715,39956.265625,0.05434688925743103,0.00909331813454628,8670.8623046875,0.24941383302211761,10.64891529083252,0.1606454579741694
716,39554.0,0.05382250249385834,0.009463246911764145,8498.79296875,0.24726633727550507,10.662017822265625,0.16088720795232803
717,38634.9609375,0.05375487729907036,0.0001754004624672234,8514.62890625,0.2472730427980423,10.675094604492188,0.16155920800520107
718,39252.3515625,0.05372166261076927,0.006114733871072531,8536.36328125,0.24732346832752228,10.688143730163574,0.1680397079908289
719,39105.3515625,0.053391821682453156,0.00860993005335331,8376.2158203125,0.2452896237373352,10.701152801513672,0.1627828330383636
720,38271.04296875,0.0533168688416481,1.552912908664439e-05,8400.4228515625,0.24537381529808044,10.714122772216797,0.16617437498643994
721,38544.62109375,0.05318009853363037,0.003169275587424636,8398.1513671875,0.24511533975601196,10.72705364227295,0.16141787497326732
722,38676.73828125,0.05287221074104309,0.008042852394282818,8256.7099609375,0.24328520894050598,10.739933967590332,0.1560999169596471
723,37996.9765625,0.05272388458251953,0.0006873364909552038,8301.498046875,0.24354353547096252,10.752769470214844,0.14941437501693144
724,37876.36328125,0.05249756574630737,0.000723845383618027,8265.58984375,0.24288633465766907,10.765557289123535,0.14796104200650007
725,38150.6640625,0.05220833048224449,0.006405877880752087,8151.96728515625,0.24137276411056519,10.778288841247559,0.14967816701391712
726,37809.671875,0.05200280249118805,0.0022432804107666016,8211.849609375,0.2417321503162384,10.790970802307129,0.15296579204732552
727,37377.4296875,0.05172241851687431,0.00011023401748389006,8133.57568359375,0.24060587584972382,10.803597450256348,0.14937545801512897
728,37470.9609375,0.051416218280792236,0.002994332229718566,8070.11328125,0.23959790170192719,10.816164016723633,0.16242129099555314
729,37520.6640625,0.051103975623846054,0.003045962192118168,8123.24072265625,0.2398242950439453,10.828676223754883,0.16121799999382347
730,37160.83203125,0.05073356255888939,0.0023127610329538584,8020.91748046875,0.23835283517837524,10.841126441955566,0.15854745800606906
731,36870.8359375,0.05032796412706375,0.00010355346603319049,8026.15087890625,0.23801535367965698,10.853516578674316,0.16492108401143923
732,36906.796875,0.04988598823547363,0.001075315405614674,8038.384765625,0.23772278428077698,10.865850448608398,0.16216345800785348
733,36917.06640625,0.04942958429455757,0.003869352862238884,7953.36083984375,0.23633812367916107,10.878121376037598,0.16057604103116319
734,36671.05078125,0.04894277825951576,0.0012246054830029607,8006.978515625,0.23647333681583405,10.890336990356445,0.16004366596462205
735,36380.265625,0.048484522849321365,0.00042232873965986073,7950.45751953125,0.23539122939109802,10.902493476867676,0.16438104101689532
736,36271.59375,0.048034198582172394,0.000689721608068794,7929.7275390625,0.2346947342157364,10.914590835571289,0.161254457954783
737,36277.69140625,0.047596920281648636,0.001126350136473775,7955.19482421875,0.2345016896724701,10.926633834838867,0.15100545797031373
738,36209.9765625,0.04723244905471802,0.003036659676581621,7870.9384765625,0.23312129080295563,10.938614845275879,0.14800350001314655
739,36012.9765625,0.04684973880648613,0.0010506686521694064,7911.6435546875,0.23311291635036469,10.950540542602539,0.14601508300984278
740,35775.828125,0.04654537886381149,0.0008748351829126477,7842.46728515625,0.23191341757774353,10.96240520477295,0.14599650003947318
741,35597.7890625,0.046224195510149,3.4884542401414365e-05,7834.17333984375,0.23137708008289337,10.974209785461426,0.1514297079993412
742,35500.703125,0.045911554247140884,0.00011490082397358492,7820.3564453125,0.23077699542045593,10.985954284667969,0.15451633295742795
743,35446.140625,0.04563065618276596,0.0015919319121167064,7759.18408203125,0.22964699566364288,10.997634887695312,0.1547144170035608
744,35389.7734375,0.04527631774544716,0.001257068943232298,7786.81689453125,0.22949615120887756,11.009257316589355,0.1685661249794066
745,35309.84375,0.04501575604081154,0.003057895228266716,7697.68505859375,0.2280479520559311,11.020813941955566,0.1618447919609025
746,35210.7265625,0.04463125020265579,0.001978090964257717,7742.021484375,0.2280777096748352,11.03231430053711,0.1603157499921508
747,35107.578125,0.044395435601472855,0.0037691141478717327,7640.74560546875,0.22650377452373505,11.043749809265137,0.16464445798192173
748,35024.20703125,0.04401073977351189,0.002680302830412984,7692.97265625,0.22662128508090973,11.055131912231445,0.15903670800616965
749,34991.24609375,0.043834056705236435,0.005461778026074171,7573.869140625,0.22487793862819672,11.066449165344238,0.16499533399473876
750,35070.2109375,0.043455686420202255,0.005520707927644253,7648.22998046875,0.22524338960647583,11.077716827392578,0.18622991599841043
751,35390.9296875,0.04340080916881561,0.012692206539213657,7480.86328125,0.2230076640844345,11.08891773223877,0.16581783298170194
752,36265.44921875,0.04298508167266846,0.019253145903348923,7627.021484375,0.2241460531949997,11.100076675415039,0.15971804200671613
753,38425.21875,0.043197400867938995,0.047075092792510986,7337.68505859375,0.2206028401851654,11.111159324645996,0.15043650002917275
754,43461.875,0.042691100388765335,0.09130959212779999,7683.03662109375,0.22378768026828766,11.122217178344727,0.1479649170069024
755,53858.79296875,0.0435623824596405,0.2067151665687561,7111.71240234375,0.21719324588775635,11.133174896240234,0.1475512920296751
756,68806.703125,0.04352870211005211,0.3416159451007843,7861.3125,0.2243092656135559,11.144129753112793,0.1447865420486778
757,73112.65625,0.045471616089344025,0.40315669775009155,6844.3271484375,0.21405500173568726,11.154961585998535,0.30497058300534263
758,50952.8046875,0.047666020691394806,0.16580507159233093,7525.71142578125,0.22079984843730927,11.165753364562988,0.15592741698492318
759,33681.79296875,0.04976419731974602,6.259230303840013e-06,7043.75,0.21660998463630676,11.176459312438965,0.16508345800684765
760,47954.15625,0.05146978050470352,0.14863227307796478,6663.404296875,0.21280546486377716,11.187041282653809,0.15377316699596122
761,52907.953125,0.05380328372120857,0.18460309505462646,7255.87744140625,0.21811442077159882,11.197555541992188,0.15450374997453764
762,35690.86328125,0.05459659919142723,0.022707877680659294,6678.767578125,0.2128164917230606,11.207955360412598,0.16151304199593142
763,39550.796875,0.05537952855229378,0.06285365670919418,6590.0087890625,0.2113746851682663,11.21823501586914,0.1580522499862127
764,47422.38671875,0.056659337133169174,0.13238999247550964,6977.1884765625,0.21540266275405884,11.228445053100586,0.161264292022679
765,35475.0625,0.05592617392539978,0.021085312590003014,6659.4970703125,0.21114416420459747,11.238558769226074,0.17543187498813495
766,37710.53515625,0.055461473762989044,0.04479559510946274,6649.27099609375,0.21035556495189667,11.248586654663086,0.14886966702761129
767,43092.65234375,0.05566888302564621,0.0917840227484703,6952.55126953125,0.2139481008052826,11.258581161499023,0.16532570798881352
768,34180.53515625,0.05403466895222664,0.009716988541185856,6720.6806640625,0.2108469009399414,11.268532752990723,0.1761199170141481
769,37243.4140625,0.05269022285938263,0.04295845329761505,6678.044921875,0.2100050151348114,11.27845573425293,0.14563283399911597
770,39655.3359375,0.052280157804489136,0.06094365566968918,7001.55419921875,0.213314026594162,11.288395881652832,0.14808699995046481
771,33182.27734375,0.05047711357474327,0.0021155700087547302,6812.9609375,0.2111004739999771,11.298348426818848,0.15045158402062953
772,36852.28125,0.048818062990903854,0.04241139814257622,6738.140625,0.20991195738315582,11.308317184448242,0.15961504104780033
773,36980.765625,0.04813099279999733,0.03826715052127838,7062.07177734375,0.21278879046440125,11.318337440490723,0.16002529201796278
774,32695.24609375,0.046635307371616364,1.6826335922814906e-05,6912.8642578125,0.21117167174816132,11.328400611877441,0.1673750000190921
775,36108.93359375,0.04517215117812157,0.038301028311252594,6797.28173828125,0.20964333415031433,11.338497161865234,0.16191404196433723
776,35079.390625,0.04444163665175438,0.023870768025517464,7049.1650390625,0.2119898498058319,11.348651885986328,0.16452879196731374
777,32391.875,0.04340684413909912,0.0003464563633315265,6943.560546875,0.21072985231876373,11.358853340148926,0.15895912499399856
778,35120.8828125,0.04239152744412422,0.03149619325995445,6825.951171875,0.2090616077184677,11.369084358215332,0.16515541699482128
779,33899.9609375,0.04174584150314331,0.01622171327471733,7009.56103515625,0.21093645691871643,11.379365921020508,0.16448387503623962
780,32054.9375,0.04106934741139412,0.00046757154632359743,6920.603515625,0.209806427359581,11.389684677124023,0.16235954099101946
781,34077.4453125,0.04041246697306633,0.024219145998358727,6797.11669921875,0.20817165076732635,11.400025367736816,0.1665429580025375
782,33166.921875,0.039834726601839066,0.01277994830161333,6939.3193359375,0.2096613347530365,11.410408973693848,0.1624847920029424
783,31627.19921875,0.039335209876298904,8.660743333166465e-05,6841.08251953125,0.20843935012817383,11.420823097229004,0.15405945800011978
784,33036.34765625,0.03884001448750496,0.017334099858999252,6725.3828125,0.20693552494049072,11.431255340576172,0.2280529590207152
785,32651.5546875,0.038282670080661774,0.011551422998309135,6860.62255859375,0.20807524025440216,11.441725730895996,0.29635345801943913
786,31210.173828125,0.03786873817443848,0.0001889908453449607,6745.56689453125,0.20658834278583527,11.452220916748047,0.23092637496301904
787,31995.845703125,0.037451356649398804,0.010641689412295818,6656.62451171875,0.20529915392398834,11.462732315063477,0.15416020900011063
788,32170.984375,0.036967746913433075,0.010987122543156147,6769.66845703125,0.2060583084821701,11.473275184631348,0.168555166979786
789,30912.44921875,0.03669380769133568,0.001922760158777237,6626.57470703125,0.20424218475818634,11.483833312988281,0.16773983399616554
790,30975.046875,0.03642154484987259,0.004319469910115004,6571.7529296875,0.20329193770885468,11.494400978088379,0.1667830829974264
791,31524.634765625,0.036140985786914825,0.009162026457488537,6635.818359375,0.2035851627588272,11.504989624023438,0.16650991700589657
792,30781.7109375,0.03607805445790291,0.005513272248208523,6469.17138671875,0.20153406262397766,11.515580177307129,0.16906729200854897
793,30178.84765625,0.035993192344903946,0.00030659371986985207,6446.1298828125,0.20102737843990326,11.526174545288086,0.1562336659990251
794,30573.12890625,0.03592822328209877,0.004694950766861439,6440.0419921875,0.20070768892765045,11.536776542663574,0.16915262496331707
795,30560.74609375,0.035974808037281036,0.008252205327153206,6268.68603515625,0.19869358837604523,11.547369003295898,0.16672591702081263
796,29844.6953125,0.03594612330198288,0.0011168303899466991,6278.57080078125,0.19859831035137177,11.557961463928223,0.16235137498006225
797,29578.990234375,0.03591837361454964,0.00031709374161437154,6199.92041015625,0.19755522906780243,11.568550109863281,0.15541604202007875
798,29825.232421875,0.035856474190950394,0.005666855722665787,6073.27685546875,0.1959962248802185,11.579127311706543,0.1489655000041239
799,29690.775390625,0.03570187836885452,0.004169039893895388,6103.02978515625,0.19600655138492584,11.589704513549805,0.14368045900482684
800,29142.3671875,0.03553532436490059,0.0018261511577293277,5970.591796875,0.1943562924861908,11.600273132324219,0.1465672500198707
801,28855.9296875,0.03530484437942505,0.00040354757220484316,5926.99951171875,0.19358091056346893,11.610836029052734,0.15080670797033235
802,28937.126953125,0.03502822294831276,0.002106420462951064,5914.111328125,0.19309550523757935,11.621399879455566,0.1566245419671759
803,28907.45703125,0.034742582589387894,0.00509809423238039,5784.0830078125,0.19139306247234344,11.631956100463867,0.15461374999722466
804,28558.984375,0.03446636348962784,0.0019219082314521074,5798.8125,0.1912134289741516,11.6425142288208,0.1720842919894494
805,28159.62890625,0.03418361768126488,0.0006022762972861528,5698.70654296875,0.18982331454753876,11.653070449829102,0.1674381250049919
806,27974.626953125,0.03390684723854065,0.0005434592021629214,5641.189453125,0.18888406455516815,11.66362476348877,0.15966000000480562
807,27957.236328125,0.03363141790032387,0.0014182309387251735,5619.70458984375,0.1883256584405899,11.674182891845703,0.16755112499231473
808,27902.36328125,0.033317260444164276,0.003951598424464464,5502.90576171875,0.18672572076320648,11.684738159179688,0.1635704169748351
809,27701.27734375,0.033044155687093735,0.0023755498696118593,5511.84326171875,0.18647462129592896,11.695300102233887,0.16351891600061208
810,27396.75390625,0.032688841223716736,0.002386328298598528,5400.10400390625,0.18489132821559906,11.705862045288086,0.17159058299148455
811,27091.287109375,0.03236454352736473,0.0003317232767585665,5387.107421875,0.1843455284833908,11.7164306640625,0.16213441704167053
812,26849.775390625,0.03197469934821129,0.00012281454110052437,5320.8623046875,0.18319162726402283,11.727004051208496,0.15552145900437608
813,26681.05078125,0.03157910704612732,0.00038341167964972556,5268.46240234375,0.18216335773468018,11.737582206726074,0.14635912497760728
814,26564.857421875,0.03121376782655716,0.000536158331669867,5245.60107421875,0.18144263327121735,11.748167037963867,0.14464912499533966
815,26483.72265625,0.030809301882982254,0.002463236218318343,5156.64013671875,0.1799982786178589,11.758753776550293,0.1462933329748921
816,26443.455078125,0.030562972649931908,0.0026656959671527147,5160.73876953125,0.17959849536418915,11.769346237182617,0.150836042012088
817,26480.81640625,0.030210766941308975,0.0064707063138484955,5035.828125,0.17776842415332794,11.77993392944336,0.15600499999709427
818,26692.85546875,0.030156981199979782,0.008354575373232365,5067.47021484375,0.17774228751659393,11.790522575378418,0.15546749997884035
819,27295.22265625,0.02983144111931324,0.01890142820775509,4889.8828125,0.17532052099704742,11.801094055175781,0.16143479099264368
820,28791.94921875,0.030077891424298286,0.03188895806670189,4986.021484375,0.17609243094921112,11.811661720275879,0.1606726250029169
821,32312.72265625,0.029681244865059853,0.07406460493803024,4699.556640625,0.1723857969045639,11.822193145751953,0.1621272920165211
822,40077.3828125,0.03070242889225483,0.14548125863075256,4954.59423828125,0.1750442087650299,11.832715034484863,0.15889091696590185
823,54573.65234375,0.03039545752108097,0.3025488555431366,4420.2109375,0.16859011352062225,11.843164443969727,0.1626489160116762
824,71269.2734375,0.03377088904380798,0.45543554425239563,4919.27392578125,0.17429357767105103,11.853582382202148,0.16429445799440145
825,68167.828125,0.03459435701370239,0.44121524691581726,4046.634521484375,0.165402352809906,11.863872528076172,0.1576843750081025
826,38235.6015625,0.040105853229761124,0.12898796796798706,4365.38818359375,0.16960832476615906,11.87405014038086,0.16012608399614692
827,25858.87109375,0.041704077273607254,0.008714833296835423,4108.3076171875,0.16708672046661377,11.884093284606934,0.15741579205496237
828,45287.2109375,0.04077215865254402,0.21030490100383759,3840.275390625,0.16339229047298431,11.893990516662598,0.15715058299247175
829,45465.46484375,0.04320983961224556,0.2004586011171341,4326.29931640625,0.16772322356700897,11.903788566589355,0.1745620000292547
830,25877.671875,0.04048288241028786,0.013037949800491333,4110.04541015625,0.16415543854236603,11.913492202758789,0.14882491703610867
831,33122.5859375,0.038463883101940155,0.08810247480869293,4179.544921875,0.1628640741109848,11.923123359680176,0.15251187497051433
832,40936.2578125,0.03943533077836037,0.15798620879650116,4553.40185546875,0.1664070039987564,11.932722091674805,0.16200945799937472
833,26786.59375,0.03660726547241211,0.024276569485664368,4394.64404296875,0.16303567588329315,11.942290306091309,0.15663712500827387
834,29025.22265625,0.03570534661412239,0.04827910661697388,4387.6318359375,0.16239146888256073,11.951837539672852,0.16187866701511666
835,36224.9921875,0.03714894503355026,0.11422371119260788,4574.8935546875,0.16512830555438995,11.961383819580078,0.20075141702545807
836,26140.923828125,0.03546517714858055,0.020864496007561684,4299.15087890625,0.1620880514383316,11.970918655395508,0.16362029098672792
837,27337.25,0.035086456686258316,0.03445710986852646,4228.9404296875,0.16153952479362488,11.980441093444824,0.16244591597933322
838,32639.4296875,0.036062635481357574,0.0819963663816452,4450.72998046875,0.16382798552513123,11.989967346191406,0.16544204199453816
839,25177.326171875,0.0342402420938015,0.014072749763727188,4211.44873046875,0.16134577989578247,11.99948787689209,0.1639685840345919
840,26389.40234375,0.03303302079439163,0.02790781483054161,4204.21875,0.16091099381446838,12.009007453918457,0.16233800002373755
841,29995.5,0.03272206336259842,0.05958506092429161,4465.6943359375,0.16299094259738922,12.018548965454102,0.16343133396003395
842,24355.35546875,0.030491365119814873,0.00902255903929472,4304.40625,0.16099555790424347,12.028108596801758,0.16532999998889863
843,25501.287109375,0.028912104666233063,0.022331740707159042,4322.052734375,0.16054849326610565,12.037690162658691,0.14936875004786998
844,28002.78515625,0.028351731598377228,0.04420464485883713,4524.08154296875,0.16223065555095673,12.04731273651123,0.1490068330313079
845,23781.88671875,0.02679711952805519,0.006638547871261835,4404.26708984375,0.16034051775932312,12.056961059570312,0.14754583296598867
846,24584.83984375,0.0260173249989748,0.016287848353385925,4387.67431640625,0.1596664935350418,12.066628456115723,0.14508233300875872
847,26511.45703125,0.026197653263807297,0.03343449532985687,4477.1396484375,0.16071102023124695,12.076316833496094,0.16020229196874425
848,23393.23828125,0.025685088708996773,0.006300470791757107,4324.33935546875,0.15870343148708344,12.086000442504883,0.15385670895921066
849,23637.1171875,0.02575068175792694,0.010218274779617786,4253.4853515625,0.15786737203598022,12.095664024353027,0.16093112499220297
850,25298.0625,0.02637140080332756,0.025415387004613876,4281.29931640625,0.15838085114955902,12.105302810668945,0.1645769589813426
851,23123.10546875,0.026125116273760796,0.007432412821799517,4127.65478515625,0.1563969850540161,12.114893913269043,0.32394425000529736
852,22755.34765625,0.02618061751127243,0.004829061217606068,4083.31005859375,0.15571069717407227,12.124428749084473,0.16302858298877254
853,24227.01171875,0.02636812813580036,0.018686622381210327,4126.1826171875,0.1559535413980484,12.1339111328125,0.16649583302205428
854,22956.94140625,0.025579432025551796,0.009643923491239548,4017.625732421875,0.15416979789733887,12.143329620361328,0.16435841604834422
855,22028.2265625,0.02516310289502144,0.0010068153496831656,4029.17919921875,0.15382055938243866,12.152688980102539,0.1590359999681823
856,23134.673828125,0.024765457957983017,0.011960739269852638,4077.697509765625,0.15384356677532196,12.161998748779297,0.16368237498681992
857,22787.95703125,0.02364727482199669,0.01192736066877842,4004.390380859375,0.15226103365421295,12.17125415802002,0.15205620898632333
858,21595.15234375,0.023261386901140213,0.00012833127402700484,4037.958251953125,0.1521822214126587,12.180463790893555,0.14542291598627344
859,22019.2734375,0.022846337407827377,0.005054768640547991,4047.03076171875,0.1518213152885437,12.189630508422852,0.14637112501077354
860,22411.45703125,0.02205801196396351,0.011954456567764282,3970.856201171875,0.150393545627594,12.198748588562012,0.14592808403540403
861,21520.611328125,0.022171344608068466,0.0027890487108379602,3984.8076171875,0.1503976434469223,12.207819938659668,0.15075000002980232
862,21120.060546875,0.021954983472824097,0.00037798527046106756,3932.282958984375,0.14954480528831482,12.216838836669922,0.15397833299357444
863,21613.1640625,0.021634982898831367,0.007587474305182695,3853.43115234375,0.14837487041950226,12.225797653198242,0.15130395797314122
864,21493.3984375,0.022000862285494804,0.006069486029446125,3855.415771484375,0.14830946922302246,12.234695434570312,0.16692958399653435
865,20785.265625,0.021644258871674538,0.0013650860637426376,3773.572998046875,0.1471075862646103,12.243524551391602,0.15922520903404802
866,20662.109375,0.02151498757302761,0.001404598238877952,3732.084228515625,0.14638066291809082,12.252283096313477,0.15980720799416304
867,20960.234375,0.021584706380963326,0.004642681684345007,3728.672607421875,0.14608822762966156,12.26097297668457,0.16233958303928375
868,20783.38671875,0.020914152264595032,0.0055084228515625,3656.84423828125,0.14484286308288574,12.269590377807617,0.15730891696875915
869,20262.154296875,0.02085798792541027,0.000647250097244978,3657.1142578125,0.14454515278339386,12.278139114379883,0.16779520799173042
870,20086.55078125,0.020474102348089218,0.00025935363373719156,3629.534912109375,0.14383669197559357,12.286620140075684,0.15980116598075256
871,20241.044921875,0.019910922273993492,0.0037744331639260054,3585.21337890625,0.14287295937538147,12.295032501220703,0.16364904097281396
872,20203.98828125,0.019962530583143234,0.003576164599508047,3585.632080078125,0.14264485239982605,12.30337905883789,0.15866637497674674
873,19855.04296875,0.01940598152577877,0.0023071402683854103,3527.955078125,0.1415577530860901,12.311657905578613,0.14851595798972994
874,19544.525390625,0.01938086375594139,9.860551472229417e-06,3501.069580078125,0.14104384183883667,12.319866180419922,0.1466027920250781
875,19493.015625,0.01931009814143181,0.0005657118163071573,3464.348388671875,0.14041085541248322,12.3280029296875,0.14683179196435958
876,19545.466796875,0.018960820510983467,0.003013059962540865,3405.86669921875,0.13942211866378784,12.336063385009766,0.14781612501246855
877,19464.41796875,0.019187064841389656,0.0025335452519357204,3383.997802734375,0.139083594083786,12.344046592712402,0.15604466700460762
878,19219.04296875,0.018752237781882286,0.0021412617061287165,3324.828857421875,0.13804863393306732,12.351948738098145,0.15918583399616182
879,18956.509765625,0.01878655143082142,0.0002224071358796209,3298.867431640625,0.1375674605369568,12.359769821166992,0.16096054197987542
880,18801.35546875,0.01852981187403202,4.270147201168584e-06,3263.483642578125,0.13684463500976562,12.367509841918945,0.16285283397883177
881,18753.484375,0.018157901242375374,0.0010316248517483473,3228.49658203125,0.13606035709381104,12.37516975402832,0.16262212494621053
882,18732.521484375,0.018110305070877075,0.0014529868494719267,3213.64306640625,0.13562549650669098,12.38275146484375,0.1570779589819722
883,18666.0625,0.017503704875707626,0.002744491444900632,3174.680419921875,0.13466563820838928,12.390254974365234,0.1522667920216918
884,18534.90234375,0.017554841935634613,0.0018579696770757437,3163.5849609375,0.1343003511428833,12.397683143615723,0.15990287502063438
885,18360.22265625,0.01698782667517662,0.0020265039056539536,3124.638671875,0.13334150612354279,12.405035972595215,0.1530792909907177
886,18175.28125,0.01703111082315445,0.0007830554968677461,3105.927001953125,0.132879376411438,12.412313461303711,0.15431654104031622
887,18002.662109375,0.01664910651743412,0.0006835195235908031,3068.113037109375,0.13201285898685455,12.419514656066895,0.1609969160053879
888,17851.0625,0.016620540991425514,7.388307130895555e-05,3040.36865234375,0.13141250610351562,12.42663860321045,0.16013679199386388
889,17718.703125,0.016417134553194046,6.386110180756077e-05,3005.195556640625,0.13065409660339355,12.433683395385742,0.15295783296460286
890,17601.01953125,0.016279831528663635,5.972444705548696e-05,2972.235595703125,0.12994828820228577,12.44064712524414,0.16743187501560897
891,17494.62890625,0.016187651082873344,4.800828901352361e-05,2942.00146484375,0.1292906105518341,12.447528839111328,0.1516784579725936
892,17400.06640625,0.015907585620880127,0.0005020386888645589,2907.659912109375,0.12851443886756897,12.454327583312988,0.15444474999094382
893,17325.23828125,0.015900595113635063,0.0005495510995388031,2883.938720703125,0.1279628574848175,12.461041450500488,0.15079262503422797
894,17291.615234375,0.015429841354489326,0.0018974500708281994,2848.5556640625,0.1271033138036728,12.467671394348145,0.1600829579983838
895,17353.94921875,0.01560253743082285,0.0029048698488622904,2832.353515625,0.12670855224132538,12.47421646118164,0.16910208301851526
896,17650.255859375,0.014806651510298252,0.008120543323457241,2791.62744140625,0.12565909326076508,12.480677604675293,0.16026129201054573
897,18543.46875,0.015484560281038284,0.016484882682561874,2787.037353515625,0.1255948692560196,12.487051963806152,0.1645360830007121
898,21006.353515625,0.013941638171672821,0.04476921632885933,2730.602783203125,0.12404664605855942,12.493343353271484,0.16447308397619054
899,27559.02734375,0.01601956970989704,0.10713411867618561,2758.95849609375,0.12484697997570038,12.499542236328125,0.16256220795912668
900,43903.22265625,0.012715504504740238,0.27773597836494446,2658.827880859375,0.12199246138334274,12.505656242370605,0.1634164999704808
901,76456.53125,0.018081502988934517,0.5932495594024658,2818.3349609375,0.1250508725643158,12.51166820526123,0.16709812503540888
902,107985.71875,0.012883873656392097,0.9220951199531555,2520.072509765625,0.11967738717794418,12.517566680908203,0.16420958400703967
903,80411.9921875,0.020467331632971764,0.6303938031196594,2865.9794921875,0.12459897994995117,12.523345947265625,0.1506032919860445
904,20484.48046875,0.01946704089641571,0.038813237100839615,2546.043701171875,0.12110410630702972,12.528970718383789,0.14857695798855275
905,40253.390625,0.020249156281352043,0.23704785108566284,2518.7109375,0.12004979699850082,12.534428596496582,0.14582420903025195
906,63388.828125,0.0255114883184433,0.4546712636947632,2987.310791015625,0.12383244186639786,12.539739608764648,0.14821525005390868
907,22033.4921875,0.02394586242735386,0.049771059304475784,2622.080322265625,0.12039719521999359,12.544885635375977,0.1540456660441123
908,34182.86328125,0.02393651008605957,0.17268060147762299,2570.711669921875,0.1195044070482254,12.549875259399414,0.154168542008847
909,45536.71484375,0.027096500620245934,0.2771979570388794,2840.314453125,0.12266957014799118,12.554746627807617,0.15486220800084993
910,17394.908203125,0.025540513917803764,0.0017037407960742712,2642.13037109375,0.12028352916240692,12.559500694274902,0.16877774999011308
911,37387.25,0.024110285565257072,0.2051967978477478,2588.975341796875,0.11867567151784897,12.564146041870117,0.16513337497599423
912,29192.908203125,0.026091773062944412,0.11647520214319229,2778.418212890625,0.1215779259800911,12.56872272491455,0.15891954099060968
913,20205.498046875,0.02531464770436287,0.028500663116574287,2739.21533203125,0.12084752321243286,12.573241233825684,0.16647141700377688
914,34930.83203125,0.023272879421710968,0.18126033246517181,2619.834716796875,0.1185767650604248,12.577698707580566,0.16409516602288932
915,18331.357421875,0.02410908229649067,0.010876604355871677,2767.537353515625,0.12065251916646957,12.582127571105957,0.16501054097898304
916,26838.140625,0.023956580087542534,0.09407530725002289,2880.206787109375,0.12154745310544968,12.5865478515625,0.16002387495245785
917,24924.66015625,0.021777823567390442,0.08132374286651611,2696.169189453125,0.11918333917856216,12.590954780578613,0.1867855000309646
918,18407.05859375,0.021244049072265625,0.015033512376248837,2786.85205078125,0.11992451548576355,12.595368385314941,0.16153587499866262
919,27085.7421875,0.021168360486626625,0.09762227535247803,3018.91064453125,0.12187767028808594,12.599818229675293,0.14981341699603945
920,17393.771484375,0.0192706435918808,0.005735623650252819,2860.527587890625,0.12032616883516312,12.604305267333984,0.14820195897482336
921,22946.21484375,0.017840582877397537,0.06391455233097076,2800.996337890625,0.11969704926013947,12.608835220336914,0.1457740839687176
922,20691.640625,0.01776207610964775,0.03762434795498848,2992.569091796875,0.1216043010354042,12.61343002319336,0.1498377919779159
923,17959.03515625,0.01673625037074089,0.01210345234721899,2952.013427734375,0.12123052775859833,12.618090629577637,0.1546663329936564
924,22396.140625,0.01536258403211832,0.06073519587516785,2817.444580078125,0.11968917399644852,12.622806549072266,0.15445691702188924
925,16547.17578125,0.015397148206830025,0.0005643346812576056,2894.5,0.12056528776884079,12.627577781677246,0.1614987920038402
926,20494.916015625,0.015425488352775574,0.03929424658417702,2926.649169921875,0.12096292525529861,12.63239860534668,0.16002137499162927
927,18147.603515625,0.014709246344864368,0.019723156467080116,2780.78759765625,0.11923576146364212,12.63724422454834,0.1679255830240436
928,17345.8671875,0.014787553809583187,0.012397561222314835,2739.861572265625,0.1188749447464943,12.642099380493164,0.1671439170022495
929,19465.013671875,0.015408200211822987,0.03213081881403923,2766.5234375,0.11944589018821716,12.646955490112305,0.16851524997036904
930,16014.84375,0.015251806005835533,0.00011616935080382973,2659.22216796875,0.11818823963403702,12.651789665222168,0.16257620800752193
931,18540.1640625,0.015115226618945599,0.027387049049139023,2579.861572265625,0.11710073798894882,12.65658187866211,0.1622433330048807
932,16877.875,0.015584138222038746,0.00951682310551405,2616.2412109375,0.11751537770032883,12.66132926940918,0.16470529203070328
933,16513.9296875,0.01548014022409916,0.006738908588886261,2592.995849609375,0.11699029058218002,12.666024208068848,0.16873633401701227
934,17774.974609375,0.014894206076860428,0.02176053449511528,2530.1484375,0.11579351127147675,12.670654296875,0.15616329200565815
935,15643.2353515625,0.014781088568270206,7.539804209955037e-05,2562.763671875,0.11594823002815247,12.675225257873535,0.15221366699552163
936,17056.638671875,0.014470454305410385,0.014196931384503841,2589.855712890625,0.11600043624639511,12.679744720458984,0.1453167910221964
937,16295.728515625,0.013585534878075123,0.008871532045304775,2548.0419921875,0.11501980572938919,12.684210777282715,0.14575258403783664
938,15646.19921875,0.013067817315459251,0.0029011638835072517,2559.869140625,0.1148943156003952,12.688630104064941,0.15637079096632078
939,16672.08984375,0.012747786939144135,0.012838449329137802,2594.662841796875,0.11518803983926773,12.693015098571777,0.1571577499853447
940,15354.7421875,0.011981425806879997,0.00147189199924469,2564.646240234375,0.11444763839244843,12.697366714477539,0.1601857920177281
941,15802.4208984375,0.011456627398729324,0.007028548046946526,2550.872314453125,0.11403031647205353,12.70168685913086,0.17087187501601875
942,15883.392578125,0.011350713670253754,0.0075306361541152,2569.43603515625,0.11425821483135223,12.705982208251953,0.15689970896346495
943,14997.978515625,0.010932198725640774,1.2492239875427913e-05,2538.494140625,0.11365015804767609,12.710249900817871,0.15939562499988824
944,15662.08984375,0.010580542497336864,0.008035888895392418,2502.86572265625,0.11297581344842911,12.714485168457031,0.31357770902104676
945,15194.8701171875,0.010682857595384121,0.0032086195424199104,2506.482177734375,0.11299240589141846,12.71868896484375,0.16523870802484453
946,14857.75,0.010553705506026745,0.000808487762697041,2477.5634765625,0.11243966966867447,12.722854614257812,0.16235879203304648
947,15305.931640625,0.010324944742023945,0.0067982240580022335,2432.5849609375,0.1116102933883667,12.726974487304688,0.16019299998879433
948,14721.8251953125,0.010501977987587452,0.0010184955317527056,2427.164306640625,0.11142613738775253,12.73104476928711,0.15927204198669642
949,14701.6962890625,0.01050677988678217,0.0015728948637843132,2402.801025390625,0.11090927571058273,12.735060691833496,0.14783149998402223
950,14894.2724609375,0.010307122021913528,0.005016110371798277,2358.220947265625,0.11003728210926056,12.739014625549316,0.15071549999993294
951,14391.59375,0.010468226857483387,0.00023928488371893764,2348.05615234375,0.1097278743982315,12.742903709411621,0.14654495799914002
952,14481.255859375,0.010518452152609825,0.0017560728592798114,2329.17529296875,0.10924628376960754,12.746723175048828,0.15182033297605813
953,14519.72265625,0.010325525887310505,0.0035591397900134325,2290.8525390625,0.10840403288602829,12.750468254089355,0.1673538750037551
954,14132.953125,0.010463958606123924,4.4161886762594804e-05,2278.330322265625,0.10803810507059097,12.754136085510254,0.16128945804666728
955,14226.216796875,0.010535881854593754,0.001531957183033228,2260.85546875,0.10758578032255173,12.75772476196289,0.1748536250088364
956,14201.5673828125,0.010353454388678074,0.0026046002749353647,2225.2802734375,0.10680481046438217,12.761229515075684,0.15975937497569248
957,13901.09765625,0.010470251552760601,1.341890401818091e-05,2209.500732421875,0.10643229633569717,12.7646484375,0.1478141660336405
958,13957.96875,0.010522328317165375,0.0011403622338548303,2190.96630859375,0.10600733011960983,12.767980575561523,0.17942079104250297
959,13923.23828125,0.01031837984919548,0.0020291609689593315,2158.029541015625,0.1053045466542244,12.771224021911621,0.18399429199052975
960,13679.9697265625,0.01037982851266861,2.227026561740786e-05,2143.655029296875,0.10496104508638382,12.774377822875977,0.17053933400893584
961,13691.3896484375,0.010352774523198605,0.0007265018066391349,2127.514892578125,0.10455947369337082,12.777441024780273,0.16356474999338388
962,13670.3203125,0.01009333599358797,0.0016654162900522351,2100.980712890625,0.1039346382021904,12.780414581298828,0.16764616698492318
963,13469.6015625,0.010085612535476685,7.222129352157936e-05,2091.251220703125,0.10362567007541656,12.783299446105957,0.15671800001291558
964,13432.59765625,0.009967082180082798,0.0003550876572262496,2078.10302734375,0.1032227873802185,12.78609561920166,0.14973937498871237
965,13428.01953125,0.009681104682385921,0.0013630740577355027,2058.11865234375,0.102654829621315,12.788803100585938,0.1457082909764722
966,13270.521484375,0.009648243896663189,0.00018660085333976895,2051.270263671875,0.1023576632142067,12.791423797607422,0.14446049998514354
967,13187.6328125,0.00948468316346407,8.661409083288163e-05,2038.5628662109375,0.10191940516233444,12.793956756591797,0.14961316698463634
968,13186.001953125,0.009240268729627132,0.0010134722106158733,2022.0633544921875,0.10138564556837082,12.796402931213379,0.1528936250251718
969,13079.490234375,0.009233532473444939,0.00034239888191223145,2014.57373046875,0.1010732352733612,12.798761367797852,0.1589430409949273
970,12964.521484375,0.009064652025699615,2.3264879018825013e-06,1999.560791015625,0.10058262944221497,12.801031112670898,0.16841562499757856
971,12940.232421875,0.008901244029402733,0.0005780755891464651,1984.0137939453125,0.1000828742980957,12.803210258483887,0.1603025840013288
972,12883.4853515625,0.00891672633588314,0.00042877538362517953,1974.5504150390625,0.09974384307861328,12.8052978515625,0.160773333045654
973,12768.365234375,0.008739344775676727,0.00014909602759871632,1957.6331787109375,0.09921887516975403,12.807291984558105,0.16155879199504852
974,12702.7353515625,0.00864601694047451,0.00017022990505211055,1943.7716064453125,0.09877339005470276,12.809191703796387,0.15693058300530538
975,12669.234375,0.008633274585008621,0.000321832369081676,1932.9908447265625,0.0984073206782341,12.810995101928711,0.16021083301166072
976,12587.958984375,0.008437580429017544,0.00039302045479416847,1916.287109375,0.0978861153125763,12.812701225280762,0.1597165419952944
977,12493.9814453125,0.008387371897697449,1.0191575938733877e-07,1904.814208984375,0.09750419855117798,12.814309120178223,0.1638502919813618
978,12442.259765625,0.008306027390062809,8.378628990612924e-05,1892.7626953125,0.09710516035556793,12.815816879272461,0.16025295801227912
979,12395.0361328125,0.008117008954286575,0.00043297704542055726,1877.867919921875,0.09662169963121414,12.817224502563477,0.14657570800045505
980,12314.52734375,0.008088004775345325,0.00010016199667006731,1867.71875,0.09627992659807205,12.818531036376953,0.14497837499948218
981,12233.9716796875,0.007940021343529224,1.3363066500460263e-05,1854.4925537109375,0.0958414077758789,12.819735527038574,0.14699325000401586
982,12181.046875,0.007804637309163809,0.00017406183178536594,1841.7347412109375,0.0954144224524498,12.820837020874023,0.1502515830215998
983,12129.5380859375,0.007764753419905901,0.00015183629875537008,1831.3272705078125,0.09506551921367645,12.821834564208984,0.1530160420225002
984,12057.0947265625,0.0075870174914598465,0.0002013447810895741,1817.911865234375,0.09460347145795822,12.822728157043457,0.15642183303134516
985,11982.0537109375,0.007519911974668503,5.1355200980651716e-08,1807.1356201171875,0.09422922134399414,12.823515892028809,0.16177725000306964
986,11924.0478515625,0.007426720578223467,1.7387414118275046e-05,1796.2252197265625,0.09383412450551987,12.824197769165039,0.16553916700650007
987,11872.439453125,0.0072709606029093266,0.00021900331194046885,1784.4864501953125,0.09338956326246262,12.824772834777832,0.16196129203308374
988,11809.5263671875,0.007229364011436701,7.67371675465256e-05,1775.47021484375,0.09303446114063263,12.825241088867188,0.16241166699910536
989,11739.1142578125,0.00707694236189127,7.2219263529405e-05,1764.7908935546875,0.09259407222270966,12.825601577758789,0.16262100002495572
990,11675.5322265625,0.0069826701655983925,1.8183704014518298e-05,1755.609619140625,0.09219836443662643,12.825854301452637,0.1637037910404615
991,11621.287109375,0.006903761066496372,2.647545625222847e-05,1746.9566650390625,0.09181306511163712,12.825998306274414,0.1622028750134632
992,11566.45703125,0.006752909626811743,0.00016870288527570665,1737.1964111328125,0.09137099981307983,12.826033592224121,0.15793045796453953
993,11504.53515625,0.006708420347422361,4.103618994122371e-05,1729.1331787109375,0.09100455790758133,12.825960159301758,0.16530699998838827
994,11439.7666015625,0.006579257547855377,5.172508826944977e-05,1719.60400390625,0.09057064354419708,12.825777053833008,0.15344595798524097
995,11379.294921875,0.0065040141344070435,1.164668174169492e-05,1710.6396484375,0.09017089009284973,12.825484275817871,0.1949603339890018
996,11324.2841796875,0.006442065816372633,9.04596072359709e-06,1701.6190185546875,0.08977553248405457,12.825079917907715,0.16497250000247732
997,11270.2685546875,0.006331052165478468,0.00011466582509456202,1691.694580078125,0.08934002369642258,12.824564933776855,0.15757079102331772
998,11213.228515625,0.006307512987405062,3.3295284083578736e-05,1682.7603759765625,0.08896386623382568,12.823936462402344,0.17691924999235198
999,11153.4248046875,0.006201470736414194,7.706542237428948e-05,1672.7783203125,0.08852793276309967,12.823195457458496,0.16667245799908414
1000,11093.8974609375,0.006162273697555065,1.7052025214070454e-07,1663.7225341796875,0.08813930302858353,12.82234001159668,0.16323104198090732
1001,11037.0517578125,0.0060915821231901646,3.116532525382354e-06,1654.5224609375,0.08773059397935867,12.821369171142578,0.14163170900428668
1002,10982.85546875,0.006012688856571913,4.0627895941725e-05,1645.558837890625,0.08731964975595474,12.820282936096191,0.19019624998327345
1003,10929.634765625,0.005971044767647982,1.2409794180712197e-05,1637.4364013671875,0.0869385302066803,12.819080352783203,0.15809350000927225
1004,10875.896484375,0.005864083766937256,8.762216020841151e-05,1629.0125732421875,0.08651712536811829,12.817761421203613,0.16030437499284744
1005,10820.9833984375,0.005827680230140686,1.7364554878440686e-05,1621.726806640625,0.08614751696586609,12.816325187683105,0.1676264579873532
1006,10765.451171875,0.005718789529055357,6.24608583166264e-05,1614.0738525390625,0.08573251962661743,12.814772605895996,0.16221070796018466
1007,10710.10546875,0.005668130237609148,1.8062432900478598e-06,1607.2552490234375,0.08535856008529663,12.813102722167969,0.16282504197442904
1008,10655.64453125,0.005576741881668568,1.8360013200435787e-05,1600.268310546875,0.08495866507291794,12.81131649017334,0.16446958400774747
1009,10602.2724609375,0.005507325753569603,5.790562227048213e-06,1593.6011962890625,0.08457358926534653,12.80941390991211,0.1543006249703467
1010,10549.888671875,0.005439162254333496,4.625210294761928e-07,1587.0206298828125,0.08418905735015869,12.807394027709961,0.1472561659757048
1011,10498.322265625,0.005355219356715679,3.056112473132089e-05,1580.3758544921875,0.08379368484020233,12.805256843566895,0.1487027089460753
1012,10447.30078125,0.0053074597381055355,3.940988335671136e-06,1574.020263671875,0.08342140167951584,12.80300235748291,0.150173916015774
1013,10396.7568359375,0.005214363802224398,5.9852573031093925e-05,1567.39404296875,0.08301941305398941,12.800631523132324,0.15631383401341736
1014,10346.65625,0.005181712564080954,1.5899609934422188e-05,1561.2255859375,0.08265668898820877,12.798142433166504,0.1610055420314893
1015,10297.224609375,0.005080736707895994,9.37884469749406e-05,1554.6890869140625,0.08225082606077194,12.795536041259766,0.15689741598907858
1016,10248.669921875,0.005061652977019548,3.891243977705017e-05,1548.76513671875,0.08189848810434341,12.792811393737793,0.16158124996582046
1017,10201.58203125,0.004948324523866177,0.00015594139404129237,1542.386962890625,0.08148768544197083,12.789969444274902,0.16089766699587926
1018,10156.8564453125,0.0049481987953186035,0.00010199809912592173,1536.8033447265625,0.08115033805370331,12.787008285522461,0.15851812501205131
1019,10116.50390625,0.00481006782501936,0.0003208878042642027,1530.6046142578125,0.08072803169488907,12.783929824829102,0.15476525004487485
1020,10084.30859375,0.0048462157137691975,0.0003251599846407771,1525.46875,0.08041702210903168,12.780732154846191,0.16143120802007616
1021,10068.7158203125,0.0046560452319681644,0.0008712494745850563,1519.3690185546875,0.07996617257595062,12.777417182922363,0.19331875001080334
1022,10087.75,0.004771197680383921,0.0012504714541137218,1514.830810546875,0.07970751821994781,12.773982048034668,0.15991166699677706
1023,10182.947265625,0.004466732032597065,0.003087601624429226,1508.6014404296875,0.07918912917375565,12.770430564880371,0.1614162499899976
1024,10451.134765625,0.004762382712215185,0.00565367192029953,1505.126708984375,0.07904402911663055,12.76675796508789,0.1552394999889657
1025,11123.228515625,0.00419766828417778,0.013687685132026672,1498.2833251953125,0.07836409658193588,12.762970924377441,0.14589283295208588
1026,12765.0791015625,0.004930512513965368,0.02925698459148407,1497.66015625,0.07848668843507767,12.759057998657227,0.1450693339575082
1027,16678.8828125,0.0037715479265898466,0.07071657478809357,1488.6507568359375,0.07741419225931168,12.755034446716309,0.14422491600271314
1028,25776.291015625,0.005579056683927774,0.15897423028945923,1501.0584716796875,0.07819903641939163,12.750873565673828,0.15172870800597593
1029,44118.60546875,0.0032628129702061415,0.346955806016922,1474.5303955078125,0.07622209936380386,12.746602058410645,0.1545618330128491
1030,71827.390625,0.007186613976955414,0.617216169834137,1546.4132080078125,0.07840695232152939,12.742171287536621,0.15356304205488414
1031,83457.65625,0.00392186688259244,0.7413644194602966,1401.6845703125,0.07527334988117218,12.737591743469238,0.330101250030566
1032,49711.4296875,0.00868812296539545,0.3951461911201477,1540.4339599609375,0.07787565141916275,12.73282527923584,0.16168920800555497
1033,10997.427734375,0.008302681148052216,0.01097421906888485,1420.5367431640625,0.07649201899766922,12.727850914001465,0.17120366700692102
1034,28689.076171875,0.008386334404349327,0.1886737048625946,1382.7659912109375,0.0760030597448349,12.722668647766113,0.16356366698164493
1035,46291.33203125,0.011444661766290665,0.35834410786628723,1510.55712890625,0.07801900058984756,12.71730899810791,0.16178374999435619
1036,17791.2890625,0.009835676290094852,0.07775065302848816,1387.174560546875,0.07645480334758759,12.711773872375488,0.16612437495496124
1037,16259.828125,0.009806826710700989,0.06192987784743309,1422.6368408203125,0.0766352042555809,12.706099510192871,0.16611120896413922
1038,34435.1328125,0.010969248600304127,0.2396969050168991,1540.6495361328125,0.07827863097190857,12.700342178344727,0.1714441659860313
1039,16145.3564453125,0.009127354249358177,0.059938933700323105,1545.85546875,0.07692871987819672,12.694515228271484,0.15039695799350739
1040,15008.650390625,0.00865178182721138,0.04816991835832596,1610.9356689453125,0.0771554484963417,12.6886568069458,0.14977141696726903
1041,27081.25390625,0.009222996421158314,0.16565148532390594,1719.1396484375,0.07874669134616852,12.682817459106445,0.1470033330260776
1042,12641.494140625,0.007801815401762724,0.024435972794890404,1661.4671630859375,0.07756248116493225,12.677003860473633,0.1481639589765109
1043,15964.51953125,0.007237272337079048,0.0583980567753315,1654.04248046875,0.07746943831443787,12.671234130859375,0.1517633749754168
1044,21367.970703125,0.00777112040668726,0.10910571366548538,1783.8441162109375,0.07896442711353302,12.665541648864746,0.15899829199770465
1045,10495.6728515625,0.006867161486297846,0.002934067277237773,1716.19189453125,0.07799357920885086,12.65992259979248,0.1644176670233719
1046,17005.97265625,0.006272285711020231,0.06940334290266037,1692.490478515625,0.0774591937661171,12.654376983642578,0.16843704198254272
1047,16415.099609375,0.0067691318690776825,0.06001489609479904,1862.3408203125,0.07874355465173721,12.648921966552734,0.15397933300118893
1048,10416.0244140625,0.006254266481846571,0.0016369433142244816,1817.0233154296875,0.07809880375862122,12.643548011779785,0.1685640420182608
1049,16820.13671875,0.005633056629449129,0.06801602244377136,1735.587890625,0.07719641178846359,12.6382417678833,0.16497354197781533
1050,12584.1591796875,0.0060503603890538216,0.02323201484978199,1843.430419921875,0.07812491059303284,12.63300895690918,0.16550375003134832
1051,11431.0556640625,0.005864047445356846,0.012435631826519966,1818.687255859375,0.07782400399446487,12.627837181091309,0.16207374999066815
1052,15185.21484375,0.00530776334926486,0.052569642663002014,1724.8060302734375,0.07672668248414993,12.62270450592041,0.16507266700500622
1053,10469.0478515625,0.005667268298566341,0.004015982151031494,1779.7352294921875,0.07720987498760223,12.617605209350586,0.1574070420465432
1054,12362.412109375,0.005781768821179867,0.022851724177598953,1784.78369140625,0.07714279741048813,12.612527847290039,0.15883145801490173
1055,12980.328125,0.005364566575735807,0.031380098313093185,1705.176513671875,0.07600685954093933,12.607446670532227,0.14729604200692847
1056,9897.3056640625,0.005640557035803795,0.00011807872942881659,1714.3514404296875,0.07607090473175049,12.602352142333984,0.14522087498335168
1057,12507.01953125,0.00592563534155488,0.025764858350157738,1723.083984375,0.0761488676071167,12.597235679626465,0.1466575000085868
1058,11107.71875,0.005597039591521025,0.013707887381315231,1661.1417236328125,0.07516084611415863,12.59207534790039,0.15482570900348946
1059,10122.30078125,0.005680540110915899,0.003990518860518932,1657.2169189453125,0.07497978210449219,12.58686351776123,0.1489045000053011
1060,11947.9521484375,0.005922726355493069,0.021565690636634827,1680.7724609375,0.07518337666988373,12.581599235534668,0.15375512500759214
1061,10024.439453125,0.005568270105868578,0.003726774826645851,1649.089111328125,0.07445845752954483,12.57627010345459,0.1559870839701034
1062,10445.3525390625,0.005392271559685469,0.008447668515145779,1644.7015380859375,0.07416657358407974,12.57087230682373,0.15875479200622067
1063,11107.8212890625,0.005476723425090313,0.01449571829289198,1667.9774169921875,0.07442599534988403,12.565411567687988,0.15725183399626985
1064,9582.4453125,0.005084637552499771,0.00029524954152293503,1650.68212890625,0.07393775135278702,12.559885025024414,0.16081400000257418
1065,10494.8447265625,0.004745779559016228,0.01019588578492403,1641.83056640625,0.07358847558498383,12.554292678833008,0.16141770797548816
1066,10342.6552734375,0.004739753436297178,0.008291431702673435,1657.0948486328125,0.07382442057132721,12.548641204833984,0.16286641696933657
1067,9452.5234375,0.004412830341607332,0.0001378240849589929,1648.7503662109375,0.07348708063364029,12.542932510375977,0.1654397920356132
1068,10304.2744140625,0.004077285062521696,0.009490163996815681,1638.8626708984375,0.07308667153120041,12.537164688110352,0.16447016701567918
1069,9806.3828125,0.004091920796781778,0.004281871020793915,1646.393310546875,0.07322610914707184,12.531343460083008,0.16471495799487457
1070,9396.904296875,0.003899249481037259,0.000752663123421371,1638.2320556640625,0.07293480634689331,12.525467872619629,0.15425754198804498
1071,10008.72265625,0.0036504727322608232,0.007733984850347042,1623.33935546875,0.07246936857700348,12.519535064697266,0.14845254202373326
1072,9459.16796875,0.003720082575455308,0.002128312597051263,1626.06640625,0.0724826231598854,12.51354694366455,0.1485935830278322
1073,9313.771484375,0.003640806069597602,0.0011283574858680367,1618.3387451171875,0.07218515872955322,12.507500648498535,0.14818854100303724
1074,9709.4423828125,0.003466907190158963,0.005924506578594446,1602.2098388671875,0.07168091088533401,12.501391410827637,0.1534329170244746
1075,9231.994140625,0.0035662339068949223,0.0011060840915888548,1604.74658203125,0.07160016149282455,12.495218276977539,0.15513008297421038
1076,9195.322265625,0.003544887760654092,0.001135938335210085,1597.578369140625,0.07129661738872528,12.488978385925293,0.15739700000267476
1077,9445.8642578125,0.0034108564723283052,0.004449921194463968,1580.5386962890625,0.07079247385263443,12.482666969299316,0.16527295799460262
1078,9065.1689453125,0.0035174875520169735,0.0006713847396895289,1580.4029541015625,0.07065878808498383,12.476282119750977,0.16224729199893773
1079,9050.92578125,0.003521037520840764,0.0009105576318688691,1572.4241943359375,0.0703534185886383,12.469820976257324,0.15703612501965836
1080,9220.64453125,0.003415648126974702,0.0033490231726318598,1557.0067138671875,0.06987170875072479,12.463278770446777,0.16011970798717812
1081,8931.681640625,0.003530338406562805,0.000520882778801024,1555.44775390625,0.0697111114859581,12.456653594970703,0.1539243750157766
1082,8902.078125,0.003548508509993553,0.0005932209314778447,1547.7060546875,0.06940198689699173,12.449942588806152,0.15294966695364565
1083,9029.900390625,0.003470698604360223,0.0025320693384855986,1534.371337890625,0.0689525231719017,12.44314193725586,0.16402470797766
1084,8819.1591796875,0.0035906436387449503,0.0005073681240901351,1531.1448974609375,0.06878212839365005,12.436250686645508,0.15869120799470693
1085,8759.0322265625,0.0036028618924319744,0.0002911426417995244,1522.4879150390625,0.06847143918275833,12.429265975952148,0.18839824997121468
1086,8859.4072265625,0.0035334485583007336,0.0018908558413386345,1510.3172607421875,0.06806659698486328,12.422185897827148,0.14982283295830712
1087,8717.2119140625,0.0036327256821095943,0.000561848166398704,1507.28564453125,0.06790468841791153,12.415011405944824,0.14553762500872836
1088,8627.689453125,0.0036035131197422743,7.704658492002636e-05,1499.481201171875,0.0676015242934227,12.40774154663086,0.14672924997285008
1089,8700.892578125,0.0035171692725270987,0.001334529253654182,1490.423583984375,0.0672529935836792,12.40037727355957,0.17268983303802088
1090,8620.802734375,0.003569879801943898,0.0006359239923767745,1489.511474609375,0.06710711121559143,12.39292049407959,0.1532176670152694
1091,8512.798828125,0.003482985543087125,1.5311400147766108e-08,1483.407958984375,0.06681091338396072,12.38537311553955,0.15288341703126207
1092,8549.1953125,0.003381775226444006,0.0008153560338541865,1477.9141845703125,0.06651568412780762,12.377737045288086,0.1683179580140859
1093,8521.486328125,0.0033939594868570566,0.0006651474395766854,1478.3702392578125,0.06637205183506012,12.370015144348145,0.16681733302539214
1094,8415.927734375,0.003272400936111808,7.926388207124546e-05,1473.6695556640625,0.06607091426849365,12.362210273742676,0.15920287498738617
1095,8407.486328125,0.0031884207855910063,0.00036456226371228695,1470.8572998046875,0.06581331044435501,12.354323387145996,0.1617537080310285
1096,8412.486328125,0.003186085494235158,0.0005789988790638745,1471.1815185546875,0.06564795970916748,12.346357345581055,0.17358354199677706
1097,8333.5380859375,0.0030673325527459383,0.0002686974185053259,1466.7264404296875,0.0653320848941803,12.338313102722168,0.1610039590159431
1098,8284.263671875,0.0030275648459792137,7.003165956120938e-05,1464.6802978515625,0.06509824097156525,12.330191612243652,0.1644272920093499
1099,8291.0185546875,0.003023158758878708,0.0003573150315787643,1463.460693359375,0.06489510089159012,12.321992874145508,0.1622297090361826
1100,8251.9560546875,0.002927046036347747,0.00043453124817460775,1458.474365234375,0.0645732432603836,12.313716888427734,0.15328262496041134
1101,8185.95458984375,0.002929381327703595,5.194037839828525e-06,1456.5252685546875,0.06435971707105637,12.305363655090332,0.14535804197657853
1102,8167.47265625,0.0029128873720765114,0.00010430328984512016,1453.708740234375,0.06412044912576675,12.296932220458984,0.1452227080008015
1103,8156.6689453125,0.0028410956729203463,0.0004212160420138389,1448.7901611328125,0.06381647288799286,12.288421630859375,0.14664666599128395
1104,8106.1943359375,0.002861886052414775,0.00010998384095728397,1446.8773193359375,0.06362129747867584,12.279831886291504,0.1503641659510322
1105,8060.5126953125,0.0028190265875309706,2.8166346055513714e-07,1442.8072509765625,0.06335774809122086,12.271162033081055,0.1553074579569511
1106,8046.435546875,0.0027700995560735464,0.00021461164578795433,1438.650634765625,0.0630931407213211,12.262411117553711,0.15282191603910178
1107,8023.1484375,0.0027827187441289425,0.0001809577370295301,1436.3795166015625,0.06290401518344879,12.253580093383789,0.17105733294738457
1108,7976.71875,0.0027156462892889977,0.00010053935693576932,1431.94482421875,0.06263155490159988,12.244668006896973,0.16749899997375906
1109,7941.1884765625,0.00269027310423553,2.309116280230228e-05,1428.768798828125,0.062410831451416016,12.235675811767578,0.16060537501471117
1110,7923.90380859375,0.0026769463438540697,9.358306124340743e-05,1425.9976806640625,0.06220852956175804,12.226602554321289,0.15956600004574284
1111,7897.3388671875,0.002604539506137371,0.0002044658176600933,1421.9669189453125,0.061944715678691864,12.217450141906738,0.1667541660135612
1112,7856.806640625,0.002596053294837475,2.325643436051905e-05,1419.4520263671875,0.06175423413515091,12.208218574523926,0.16234208300011232
1113,7824.18994140625,0.0025515540037304163,4.6430636757577304e-07,1416.3114013671875,0.061526767909526825,12.198908805847168,0.1646474580047652
1114,7803.4990234375,0.002495395950973034,0.00012050041550537571,1413.0849609375,0.06128824129700661,12.189521789550781,0.16153791698161513
1115,7777.673828125,0.002485948381945491,7.885685772635043e-05,1410.96435546875,0.06110228970646858,12.180057525634766,0.16266158397775143
1116,7742.294921875,0.0024215078447014093,6.642803055001423e-05,1407.85498046875,0.06085646525025368,12.170517921447754,0.147456125007011
1117,7710.05908203125,0.002391624730080366,4.96726806886727e-06,1405.5648193359375,0.060648348182439804,12.160902976989746,0.146842582966201
1118,7686.34716796875,0.0023639434948563576,2.3369248083326966e-05,1403.4224853515625,0.06044193357229233,12.151213645935059,0.14563791698310524
1119,7662.2412109375,0.0023047819267958403,0.00011198314314242452,1400.6837158203125,0.06019880622625351,12.141451835632324,0.14755829103523865
1120,7631.47705078125,0.0022932530846446753,2.74072681349935e-05,1398.87744140625,0.06000533699989319,12.131616592407227,0.1581995419692248
1121,7599.67041015625,0.0022478788159787655,1.391867408528924e-05,1396.38671875,0.059771038591861725,12.121709823608398,0.15928591700503603
1122,7573.0322265625,0.002216726541519165,2.413846959825605e-05,1394.1168212890625,0.059548284858465195,12.111730575561523,0.3330399169935845
1123,7549.26171875,0.0022044910583645105,2.4803644919302315e-05,1392.11669921875,0.0593421570956707,12.101679801940918,0.1572604160173796
1124,7522.767578125,0.002160911215469241,7.425138755934313e-05,1389.4981689453125,0.0590975321829319,12.091557502746582,0.16111354198073968
1125,7493.0654296875,0.0021560098975896835,7.778635335853323e-06,1387.4808349609375,0.058892056345939636,12.081363677978516,0.15995308296987787
1126,7464.4814453125,0.0021294786129146814,4.27482882514596e-06,1385.059326171875,0.05866046994924545,12.071098327636719,0.15527237497735769
1127,7439.1015625,0.0021068197675049305,2.5180283046211116e-05,1382.71484375,0.05843186378479004,12.060761451721191,0.16379762499127537
1128,7414.68896484375,0.0021019417326897383,1.5217838154057972e-05,1380.6981201171875,0.05822274833917618,12.050353050231934,0.16546095797093585
1129,7388.513671875,0.002068084664642811,5.173709359951317e-05,1378.26025390625,0.05798271298408508,12.039873123168945,0.1722573750303127
1130,7360.68896484375,0.0020628077909350395,3.977517280873144e-06,1376.3956298828125,0.05777614563703537,12.029322624206543,0.1527679999708198
1131,7333.513671875,0.002036868827417493,5.364951448427746e-06,1374.312255859375,0.05754977837204933,12.01870059967041,0.14879550004843622
1132,7308.20703125,0.0020137678366154432,1.4923512935638428e-05,1372.39453125,0.05732943117618561,12.00800895690918,0.14872683299472556
1133,7283.79541015625,0.002000587061047554,6.423129889299162e-06,1370.766357421875,0.05712328106164932,11.997246742248535,0.15123562497319654
1134,7258.74169921875,0.0019646629225462675,3.9416754589183256e-05,1368.8729248046875,0.056894607841968536,11.98641586303711,0.15834370802622288
1135,7232.6083984375,0.0019525287207216024,4.684470695792697e-06,1367.4560546875,0.056694310158491135,11.975516319274902,0.15847070794552565
1136,7206.328125,0.0019198392983525991,1.2575803339132108e-05,1365.7908935546875,0.05647295340895653,11.96454906463623,0.16323408397147432
1137,7180.8330078125,0.0018976941937580705,3.3641213121882174e-06,1364.32373046875,0.056264035403728485,11.95351505279541,0.1665525829885155
1138,7156.2802734375,0.0018767825094982982,2.9627295816681e-07,1362.907470703125,0.05605664849281311,11.942415237426758,0.15975320897996426
1139,7132.068359375,0.0018456169636920094,2.400278208369855e-05,1361.356201171875,0.05583750084042549,11.93125057220459,0.1668102919938974
1140,7107.51611328125,0.0018324072007089853,4.165121936239302e-06,1360.0660400390625,0.05563792958855629,11.920021057128906,0.1649112500017509
1141,7082.546875,0.0018011179054155946,2.185256926168222e-05,1358.5140380859375,0.05541735887527466,11.908727645874023,0.16382654203334823
1142,7057.47314453125,0.0017870606388896704,1.9057102917940938e-07,1357.2066650390625,0.055215414613485336,11.897370338439941,0.1572104580118321
1143,7032.716796875,0.001762973377481103,4.809135134564713e-06,1355.76416015625,0.055001743137836456,11.885951042175293,0.15504133299691603
1144,7008.44140625,0.0017430735751986504,5.238689482212067e-06,1354.3809814453125,0.054792288690805435,11.874468803405762,0.16137479100143537
1145,6984.55419921875,0.001727342139929533,8.516144589520991e-08,1353.0687255859375,0.05458742752671242,11.862924575805664,0.15559679095167667
1146,6960.8251953125,0.0017026535933837295,1.6975318430922925e-05,1351.6397705078125,0.05437222868204117,11.851319313049316,0.14773891703225672
1147,6937.025390625,0.0016915450105443597,1.7383229078404838e-06,1350.41015625,0.05417287349700928,11.839653015136719,0.14862137503223494
1148,6913.13037109375,0.0016659855609759688,1.8231519788969308e-05,1348.9996337890625,0.05395708978176117,11.827926635742188,0.14830312499543652
1149,6889.16796875,0.0016548180719837546,6.004086117172847e-07,1347.7840576171875,0.053758420050144196,11.816140174865723,0.15553420799551532
1150,6865.30078125,0.0016319311689585447,1.017027534544468e-05,1346.4315185546875,0.053546592593193054,11.80429458618164,0.1679845410399139
1151,6841.5810546875,0.0016177844954654574,3.387004312571662e-07,1345.1976318359375,0.05334571376442909,11.792389869689941,0.17605929099954665
1152,6818.0771484375,0.001598833710886538,2.9492189241864253e-06,1343.9073486328125,0.05313991755247116,11.780426979064941,0.16604124999139458
1153,6794.78515625,0.001581193646416068,3.877350991388084e-06,1342.63525390625,0.052936431020498276,11.76840591430664,0.16263041697675362
1154,6771.64501953125,0.0015657733893021941,2.1261462279653642e-07,1341.3974609375,0.05273648723959923,11.756327629089355,0.168515708995983
1155,6748.6552734375,0.0015451806830242276,9.031625268107746e-06,1340.0960693359375,0.05253137648105621,11.744193077087402,0.1690152079681866
1156,6725.73779296875,0.0015321344835683703,1.3428513057078817e-07,1338.8779296875,0.052336327731609344,11.732003211975098,0.16745158401317894
1157,6702.9208984375,0.0015096334973350167,1.2938560757902451e-05,1337.5577392578125,0.052131060510873795,11.719758033752441,0.17668708297424018
1158,6680.1748046875,0.0014980348059907556,6.947411748114973e-07,1336.34716796875,0.051939547061920166,11.707457542419434,0.16142166702775285
1159,6657.5302734375,0.0014747701352462173,1.5801841072971e-05,1334.9962158203125,0.051734767854213715,11.695103645324707,0.16643700003623962
1160,6634.95556640625,0.0014643189497292042,1.430194970453158e-06,1333.7735595703125,0.051546066999435425,11.682696342468262,0.14988795801764354
1161,6612.5224609375,0.0014408298302441835,1.8702810848481022e-05,1332.39208984375,0.05134177207946777,11.670236587524414,0.14771137502975762
1162,6590.201171875,0.0014320467598736286,2.7157366275787354e-06,1331.15576171875,0.051155686378479004,11.65772533416748,0.14516370801720768
1163,6568.064453125,0.0014079733518883586,2.4208802642533556e-05,1329.75146484375,0.050950948148965836,11.645162582397461,0.14982325001619756
1164,6546.1416015625,0.001401793910190463,6.325615231617121e-06,1328.514404296875,0.050768155604600906,11.632549285888672,0.1572653339826502
1165,6524.5693359375,0.0013762741582468152,3.738398663699627e-05,1327.0660400390625,0.05056137591600418,11.619885444641113,0.15622908296063542
1166,6503.46142578125,0.0013742317678406835,1.7780314010451548e-05,1325.85498046875,0.050384052097797394,11.607172012329102,0.15991662500891834
1167,6483.2001953125,0.0013444942887872458,7.182673289207742e-05,1324.362548828125,0.05017205700278282,11.594409942626953,0.16764583298936486
1168,6464.32421875,0.0013498630141839385,5.6786713685141876e-05,1323.2174072265625,0.050004418939352036,11.581599235534668,0.17105795803945512
1169,6448.1171875,0.0013113541062921286,0.0001719200809020549,1321.647705078125,0.04978141933679581,11.568740844726562,0.16373262502020225
1170,6436.888671875,0.0013304867316037416,0.00019982190860901028,1320.6331787109375,0.0496322438120842,11.555834770202637,0.1653417919878848
1171,6435.77685546875,0.0012735597556456923,0.0005091418861411512,1318.903564453125,0.04938603192567825,11.542881965637207,0.1661865419591777
1172,6455.322265625,0.0013202965492382646,0.0007775177946314216,1318.1817626953125,0.04927359148859978,11.529882431030273,0.18188962497515604
1173,6518.33056640625,0.0012248307466506958,0.0018196313176304102,1316.14306640625,0.04897741228342056,11.516838073730469,0.16201900003943592
1174,6676.0302734375,0.0013306476175785065,0.0033258148469030857,1316.09375,0.04894290491938591,11.503747940063477,0.16021141596138477
1175,7040.48828125,0.0011530861956998706,0.00758109986782074,1313.464599609375,0.04853605106472969,11.490614891052246,0.1551186250289902
1176,7878.97802734375,0.0013938695192337036,0.015567594207823277,1315.319580078125,0.04867511987686157,11.477435111999512,0.1463063340052031
1177,9756.83203125,0.0010376526042819023,0.03539528325200081,1311.7279052734375,0.04801810905337334,11.464214324951172,0.1451553330407478
1178,14050.234375,0.0016057861503213644,0.0771293118596077,1321.16650390625,0.04855559021234512,11.450942993164062,0.14505112502956763
1179,23007.169921875,0.0008753712172619998,0.16870707273483276,1313.9989013671875,0.047349270433187485,11.437630653381348,0.15007337502902374
1180,40799.203125,0.0022658309899270535,0.34340155124664307,1359.2806396484375,0.04873184859752655,11.424253463745117,0.1559157919837162
1181,63716.73046875,0.0008924254216253757,0.5766183137893677,1308.1055908203125,0.04657549783587456,11.41081714630127,0.1551250420161523
1182,76532.9921875,0.003771064803004265,0.6981813907623291,1448.1998291015625,0.048895422369241714,11.397279739379883,0.16378050000639632
1183,47219.2421875,0.0023974638897925615,0.4105723798274994,1270.0751953125,0.04652182012796402,11.38361930847168,0.1605764579726383
1184,9520.826171875,0.0047281477600336075,0.029074816033244133,1372.6868896484375,0.047678425908088684,11.369818687438965,0.1648496249690652
1185,17728.869140625,0.005988430231809616,0.10932964086532593,1398.8013916015625,0.04798261448740959,11.355873107910156,0.16049799998290837
1186,39148.91796875,0.004869796335697174,0.3270460367202759,1281.5238037109375,0.04675813019275665,11.341787338256836,0.16173475002869964
1187,21221.482421875,0.006848365068435669,0.14396969974040985,1320.7852783203125,0.04818890988826752,11.32759952545166,0.15809741598786786
1188,7341.1083984375,0.006327922455966473,0.006468107923865318,1275.748046875,0.04785757139325142,11.313335418701172,0.1632565829786472
1189,25068.609375,0.005117800552397966,0.185371533036232,1286.727294921875,0.04732950031757355,11.299028396606445,0.16721637500450015
1190,20520.490234375,0.005837840493768454,0.13747496902942657,1314.79296875,0.04874416068196297,11.28473949432373,0.15465866698650643
1191,6665.78515625,0.00473136967048049,0.00017874514742288738,1330.8056640625,0.04843968152999878,11.27050495147705,0.1484062080271542
1192,18744.0859375,0.0036244031507521868,0.12214387953281403,1349.5020751953125,0.0481775626540184,11.256360054016113,0.14783100003842264
1193,16565.6953125,0.003831472247838974,0.0984535962343216,1381.0816650390625,0.04956107586622238,11.24235725402832,0.14580783300334588
1194,6650.3818359375,0.0030072913505136967,0.0005055009969510138,1367.6610107421875,0.04931441321969032,11.228520393371582,0.14757379097864032
1195,15894.65234375,0.0022641289979219437,0.09417372196912766,1351.641845703125,0.048992257565259933,11.214865684509277,0.158135499979835
1196,12703.45703125,0.002431296743452549,0.05993572250008583,1445.4715576171875,0.05021283030509949,11.201421737670898,0.1522552919923328
1197,7008.7158203125,0.002034394768998027,0.0035553574562072754,1448.4307861328125,0.05001309514045715,11.188190460205078,0.1600839999737218
1198,14172.48046875,0.0016079318011179566,0.07643207162618637,1419.7357177734375,0.04948744922876358,11.175163269042969,0.16369979095179588
1199,9702.259765625,0.0018432618817314506,0.02965060994029045,1512.954345703125,0.050399184226989746,11.16234302520752,0.16219004202866927
1200,7710.68896484375,0.0017568422481417656,0.01011834666132927,1499.5469970703125,0.05023622885346413,11.149714469909668,0.16804675001185387
1201,12430.05859375,0.0015269315335899591,0.05893944948911667,1433.2655029296875,0.04950154572725296,11.137250900268555,0.16136358299991116
1202,7677.67626953125,0.0018351892940700054,0.010159109719097614,1474.4105224609375,0.05003836005926132,11.12493896484375,0.1658308749902062
1203,8392.2236328125,0.001965000992640853,0.017373863607645035,1465.090576171875,0.049932464957237244,11.11275577545166,0.1655749169876799
1204,10541.521484375,0.0018496495904400945,0.04032798856496811,1413.27294921875,0.049104850739240646,11.100667953491211,0.1662487080320716
1205,6711.24609375,0.0021870071068406105,0.0012952800607308745,1431.5316162109375,0.04931485652923584,11.08865737915039,0.16284474998246878
1206,8771.482421875,0.00244655623100698,0.021655520424246788,1433.201171875,0.049280740320682526,11.076705932617188,0.15657424996607006
1207,8807.46875,0.0023677125573158264,0.023273387923836708,1394.5660400390625,0.04848792403936386,11.064785957336426,0.1497860419913195
1208,6536.04736328125,0.002622645813971758,0.0002934905933216214,1395.9298095703125,0.04848503693938255,11.052886009216309,0.14534770901082084
1209,8678.99609375,0.002872871933504939,0.021338675171136856,1402.4471435546875,0.048553939908742905,11.040997505187988,0.14637825003592297
1210,7508.421875,0.0027327444404363632,0.010651265271008015,1378.2974853515625,0.047917235642671585,11.029105186462402,0.15556291700340807
1211,6744.998046875,0.0027896591927856207,0.0030195284634828568,1381.34814453125,0.04782731458544731,11.017206192016602,0.1626602920005098
1212,8226.080078125,0.0029082761611789465,0.01738033816218376,1396.874267578125,0.04800344631075859,11.005303382873535,0.1565405839937739
1213,6748.798828125,0.002666311338543892,0.0034405237529426813,1382.4822998046875,0.047556329518556595,10.993392944335938,0.1612427500076592
1214,6962.6845703125,0.0025278721004724503,0.005868667270988226,1380.2545166015625,0.047427766025066376,10.981476783752441,0.15890083299018443
1215,7616.8857421875,0.0025214271154254675,0.012078428640961647,1391.0855712890625,0.04765814542770386,10.969565391540527,0.3133294170256704
1216,6394.638671875,0.002248534467071295,0.0005405450938269496,1379.2066650390625,0.04736524075269699,10.957659721374512,0.16495170904090628
1217,7011.4365234375,0.00203368510119617,0.007140141911804676,1373.432861328125,0.04720620438456535,10.94576358795166,0.15710433397907764
1218,7064.134765625,0.001997527666389942,0.007395748049020767,1381.9285888671875,0.047428786754608154,10.93388557434082,0.15869112499058247
1219,6276.470703125,0.0017906101420521736,2.4149542241502786e-06,1374.6715087890625,0.04722496494650841,10.922027587890625,0.19694699998944998
1220,6916.6357421875,0.0016097200568765402,0.006871310994029045,1367.0074462890625,0.047015249729156494,10.910189628601074,0.15658087498741224
1221,6659.76318359375,0.0016110404394567013,0.004110311158001423,1371.2012939453125,0.04716426879167557,10.89837646484375,0.14854925003601238
1222,6239.79931640625,0.0015040712896734476,0.0002840267843566835,1363.0985107421875,0.0469789132475853,10.886585235595703,0.14705937501275912
1223,6740.8447265625,0.001391903031617403,0.005795037839561701,1351.6439208984375,0.04670506715774536,10.874812126159668,0.14881566702388227
1224,6385.90625,0.001441653468646109,0.0021283014211803675,1353.14794921875,0.04675762727856636,10.863055229187012,0.15095991699490696
1225,6205.7919921875,0.0014154219534248114,0.0006212315056473017,1345.5955810546875,0.046565309166908264,10.851309776306152,0.15536820801207796
1226,6546.7841796875,0.001357894390821457,0.0045286910608410835,1333.144287109375,0.046249814331531525,10.839568138122559,0.15449433302273974
1227,6204.9130859375,0.0014385682297870517,0.0010593381011858582,1332.5927734375,0.04622529819607735,10.827825546264648,0.16664716595551
1228,6152.123046875,0.0014585404423996806,0.0007846475346013904,1324.8924560546875,0.046029116958379745,10.816075325012207,0.1655144999967888
1229,6364.6572265625,0.0014279624447226524,0.0033932512160390615,1312.306640625,0.04570229351520538,10.804309844970703,0.1637985419947654
1230,6077.57666015625,0.00151573505718261,0.0005326694808900356,1309.8114013671875,0.04562924802303314,10.792524337768555,0.1647924170247279
1231,6079.6181640625,0.0015500063309445977,0.0007730169454589486,1303.538330078125,0.0454377718269825,10.78071403503418,0.17016841599252075
1232,6208.56640625,0.001521955942735076,0.0025009489618241787,1294.0115966796875,0.045122645795345306,10.768874168395996,0.16452662501251325
1233,5983.13818359375,0.0015957844443619251,0.00029071970493532717,1291.8284912109375,0.045026592910289764,10.757000923156738,0.1593878329731524
1234,5999.18994140625,0.0016197268851101398,0.0006525531644001603,1287.35205078125,0.044846098870038986,10.745092391967773,0.1617919160053134
1235,6078.13623046875,0.0015772758051753044,0.0018501264275982976,1279.8348388671875,0.04455561190843582,10.733146667480469,0.15196933399420232
1236,5904.12255859375,0.0016228756867349148,0.00018601508054416627,1277.75830078125,0.044454753398895264,10.721163749694824,0.14672658301424235
1237,5913.7705078125,0.0016215457580983639,0.00048613519174978137,1274.1583251953125,0.04428844153881073,10.70914363861084,0.14464270800817758
1238,5965.47900390625,0.0015583434142172337,0.0013885960215702653,1267.9228515625,0.044028621166944504,10.697087287902832,0.14542775001609698
1239,5832.48828125,0.001572909066453576,0.00014823264791630208,1267.0233154296875,0.04393351078033447,10.684996604919434,0.153221083979588
1240,5828.98876953125,0.00154552748426795,0.00031882402254268527,1264.585693359375,0.043779678642749786,10.672874450683594,0.1567352499696426
1241,5866.7724609375,0.0014690030366182327,0.0010545633267611265,1259.58203125,0.0435483381152153,10.660721778869629,0.1577053329674527
1242,5766.09765625,0.0014647431671619415,0.00014484439452644438,1259.3074951171875,0.04345831647515297,10.648541450500488,0.1732614169595763
1243,5747.9560546875,0.0014248829102143645,0.00017725012730807066,1257.000244140625,0.04330742731690407,10.636335372924805,0.16158904205076396
1244,5777.3779296875,0.0013526981929317117,0.0007989102159626782,1252.6939697265625,0.04309522733092308,10.624105453491211,0.15886695799417794
1245,5703.4208984375,0.0013486894313246012,0.00016153437900356948,1252.181640625,0.0430021658539772,10.61185359954834,0.1628747500362806
1246,5672.48486328125,0.0013130943989381194,7.362405449384823e-05,1249.5841064453125,0.04284229129552841,10.599580764770508,0.15774150000652298
1247,5694.6240234375,0.0012606343952938914,0.0005893713678233325,1245.7152099609375,0.04263908416032791,10.587286949157715,0.15851112501695752
1248,5643.5537109375,0.0012694705510511994,0.00018647061369847506,1244.459716796875,0.042534999549388885,10.574972152709961,0.16416991699952632
1249,5603.0830078125,0.0012460154248401523,1.375372175971279e-05,1241.132080078125,0.042359739542007446,10.562636375427246,0.15929304098244756
1250,5615.52783203125,0.0012168834218755364,0.0004039859340991825,1237.1444091796875,0.04216296225786209,10.550278663635254,0.1592594999819994
1251,5584.0439453125,0.0012378233950585127,0.00020399561617523432,1235.09619140625,0.042047660797834396,10.537898063659668,0.14502499997615814
1252,5539.6591796875,0.0012222413206472993,1.1531265045050532e-06,1231.189208984375,0.04186130315065384,10.525493621826172,0.14524400001391768
1253,5540.1650390625,0.0012092024553567171,0.00024262307852040976,1227.294921875,0.041676875203847885,10.51306438446045,0.1485154579859227
1254,5523.7265625,0.0012322766706347466,0.00020018605573568493,1224.8658447265625,0.04155614972114563,10.500608444213867,0.1516965830232948
1255,5481.953125,0.001215017051436007,2.8789772841264494e-05,1220.7689208984375,0.0413680374622345,10.488125801086426,0.15263124997727573
1256,5469.59228515625,0.0012079094303771853,0.00011371043365215883,1217.176025390625,0.041202545166015625,10.475615501403809,0.15695670899003744
1257,5461.4970703125,0.0012223288649693131,0.00016757138655520976,1214.49755859375,0.04108009114861488,10.463077545166016,0.17365775001235306
1258,5427.7197265625,0.001197058241814375,7.71889608586207e-05,1210.562744140625,0.040897320955991745,10.450511932373047,0.16369808302260935
1259,5404.658203125,0.0011899376986548305,3.0135573979350738e-05,1207.4320068359375,0.04075218737125397,10.437918663024902,0.1872363750007935
1260,5397.36865234375,0.0011907354928553104,0.00010868749086512253,1204.720947265625,0.04062705487012863,10.425297737121582,0.1625869999988936
1261,5374.0859375,0.0011584358289837837,0.00011758699838537723,1201.2064208984375,0.04045277088880539,10.412650108337402,0.16111595800612122
1262,5345.9814453125,0.0011506344890221953,3.144523361697793e-07,1198.503173828125,0.040323834866285324,10.39997673034668,0.16233470797305927
1263,5333.427734375,0.0011388813145458698,4.4919281208422035e-05,1195.8184814453125,0.040192294865846634,10.387279510498047,0.16059954202501103
1264,5318.4326171875,0.0011055052746087313,0.0001250600180355832,1192.6395263671875,0.04002736508846283,10.374558448791504,0.1670852079987526
1265,5292.12109375,0.0010987379355356097,1.2291651728446595e-05,1190.22412109375,0.03990793973207474,10.361815452575684,0.16218450001906604
1266,5272.5556640625,0.0010788110084831715,4.5492306526284665e-06,1187.5074462890625,0.03976712375879288,10.349051475524902,0.15155866602435708
1267,5260.0224609375,0.00105093524325639,9.103134652832523e-05,1184.577880859375,0.039612479507923126,10.336267471313477,0.14942925004288554
1268,5239.876953125,0.0010461718775331974,3.474983896012418e-05,1182.2791748046875,0.03949505463242531,10.323463439941406,0.14571249997243285
1269,5216.80712890625,0.0010230964981019497,5.858459189767018e-06,1179.408935546875,0.03934502601623535,10.310641288757324,0.14750545902643353
1270,5201.01513671875,0.0010053218575194478,3.752113843802363e-05,1176.6248779296875,0.03920105844736099,10.29780101776123,0.1566067910171114
1271,5185.78173828125,0.0010018775938078761,3.598333933041431e-05,1174.1722412109375,0.0390782356262207,10.284942626953125,0.159095624985639
1272,5164.80078125,0.0009805974550545216,3.338889655424282e-05,1171.1612548828125,0.03892240673303604,10.272067070007324,0.16376279201358557
1273,5144.919921875,0.0009734432096593082,3.6316150726634078e-06,1168.4716796875,0.03878740966320038,10.259173393249512,0.16364491696003824
1274,5129.64404296875,0.000969033339060843,1.4778343938814942e-05,1165.822021484375,0.03865440562367439,10.246262550354004,0.15645720897009596
1275,5112.80615234375,0.0009525534114800394,4.827462544199079e-05,1162.8470458984375,0.038498762995004654,10.233333587646484,0.15407016698736697
1276,5092.7021484375,0.0009524651104584336,2.924703494500136e-06,1160.252685546875,0.03836910426616669,10.22038745880127,0.15725370799191296
1277,5074.58056640625,0.0009448573691770434,8.474449941786588e-08,1157.49267578125,0.0382259339094162,10.207423210144043,0.15987158298958093
1278,5058.96240234375,0.0009337178780697286,3.209564965800382e-05,1154.6964111328125,0.03807684779167175,10.194441795349121,0.15899237501434982
1279,5041.6513671875,0.0009344246936962008,1.1575190001167357e-05,1152.20849609375,0.037948429584503174,10.181442260742188,0.16262754099443555
1280,5022.66259765625,0.0009221050422638655,9.80410823103739e-06,1149.5172119140625,0.037799544632434845,10.168424606323242,0.15489241702016443
1281,5005.28076171875,0.0009148325189016759,7.154651484597707e-06,1147.00244140625,0.03766079619526863,10.155389785766602,0.15741599997272715
1282,4989.3154296875,0.0009106691577471793,6.881805802549934e-06,1144.625732421875,0.037529345601797104,10.142337799072266,0.17396924999775365
1283,4972.1806640625,0.00089538365136832,2.3762760974932462e-05,1142.1136474609375,0.03738152235746384,10.12926959991455,0.15002474997891113
1284,4954.0224609375,0.0008898027590475976,2.398176093265647e-07,1139.8531494140625,0.03725165128707886,10.116185188293457,0.14749875001143664
1285,4936.9013671875,0.0008789583225734532,2.3194388631964102e-09,1137.5491943359375,0.03711456060409546,10.103084564208984,0.14911658299388364
1286,4920.76171875,0.000864843197632581,1.6975318430922925e-05,1135.25,0.03697329759597778,10.089969635009766,0.14960295800119638
1287,4903.98388671875,0.0008586492040194571,3.993700374849141e-06,1133.1214599609375,0.03684598207473755,10.0768404006958,0.15390120801748708
1288,4886.4990234375,0.0008438986260443926,7.908171937742736e-06,1130.876220703125,0.036704424768686295,10.06369686126709,0.16492170799756423
1289,4869.49560546875,0.0008341232896782458,2.583792820587405e-06,1128.7242431640625,0.03657100722193718,10.05053997039795,0.15867654100293294
1290,4853.27001953125,0.0008260314934886992,1.1251358955632895e-06,1126.59375,0.03643960505723953,10.037370681762695,0.16147162503330037
1291,4836.875,0.0008125093881972134,1.4125799680186901e-05,1124.3822021484375,0.03629828989505768,10.024188995361328,0.1705285839852877
1292,4819.9111328125,0.0008068954339250922,4.2613487494236324e-07,1122.263916015625,0.036169152706861496,10.010994911193848,0.17152704199543223
1293,4803.08544921875,0.0007968528079800308,1.5799050743225962e-06,1120.0745849609375,0.03603167459368706,9.99778938293457,0.16462587501155213
1294,4786.8193359375,0.0007880338234826922,6.281319656409323e-06,1117.868896484375,0.03589518740773201,9.984572410583496,0.16761133295949548
1295,4770.65576171875,0.0007833658019080758,1.0471276254975237e-06,1115.705810546875,0.035765089094638824,9.971344947814941,0.16239620896521956
1296,4754.19091796875,0.0007734114187769592,8.743063517613336e-06,1113.442138671875,0.03562533110380173,9.95810604095459,0.16839087498374283
1297,4737.5869140625,0.0007688596961088479,1.0825260687852278e-07,1111.2366943359375,0.03549453616142273,9.944856643676758,0.15336591697996482
1298,4721.2900390625,0.0007624044665135443,3.182069576723734e-07,1108.9879150390625,0.03536029905080795,9.931596755981445,0.145791916991584
1299,4705.28662109375,0.0007548723369836807,6.797007699788082e-06,1106.703857421875,0.03522415831685066,9.918326377868652,0.14400045800721273
1300,4689.1904296875,0.0007513620657846332,4.4501598495116923e-07,1104.4659423828125,0.03509543836116791,9.905045509338379,0.1463264999911189
1301,4672.93017578125,0.0007431631674990058,5.599396445177263e-06,1102.1651611328125,0.034958887845277786,9.891755104064941,0.1550525410566479
1302,4656.71875,0.0007384908385574818,5.831685143675713e-07,1099.8919677734375,0.03482919558882713,9.878454208374023,0.15688237501308322
1303,4640.71484375,0.0007326195482164621,1.7708003952066065e-07,1097.6126708984375,0.03469822555780411,9.865143775939941,0.16168066597310826
1304,4624.8779296875,0.000724995625205338,5.764200977864675e-06,1095.3106689453125,0.03456491231918335,9.851823806762695,0.16275562497321516
1305,4608.97314453125,0.0007207328453660011,1.2840979479733505e-07,1093.0479736328125,0.03443839028477669,9.838495254516602,0.1655572500312701
1306,4592.99658203125,0.0007124837138690054,4.436034942045808e-06,1090.749267578125,0.03430555388331413,9.82515811920166,0.31662037497153506
1307,4577.0390625,0.0007067771512083709,6.089367730055528e-07,1088.4793701171875,0.03417821228504181,9.811812400817871,0.16271479096030816
1308,4561.26171875,0.0007001911289989948,3.604056928452337e-07,1086.2042236328125,0.034050021320581436,9.79845905303955,0.1649492080323398
1309,4545.5849609375,0.0006922143511474133,4.338158760219812e-06,1083.92333984375,0.03392006456851959,9.7850980758667,0.16261987498728558
1310,4529.9013671875,0.0006869927747175097,1.1459690085757757e-08,1081.6591796875,0.03379541635513306,9.771729469299316,0.16282466700067744
1311,4514.1923828125,0.0006785730947740376,4.069336227985332e-06,1079.3719482421875,0.03366556391119957,9.758354187011719,0.14943862496875226
1312,4498.4892578125,0.0006728434818796813,3.6644229339799494e-07,1077.1016845703125,0.03354066610336304,9.744972229003906,0.14827387500554323
1313,4482.8876953125,0.0006660270737484097,8.637018709123367e-07,1074.823486328125,0.03341374918818474,9.731584548950195,0.14588345802621916
1314,4467.37353515625,0.000659037206787616,2.8140502763562836e-06,1072.5367431640625,0.03328651562333107,9.718191146850586,0.14908133301651105
1315,4451.916015625,0.0006538876332342625,2.506203600205481e-08,1070.262939453125,0.033162616193294525,9.704792022705078,0.1521819579647854
1316,4436.453125,0.0006465921178460121,3.7414774851640686e-06,1067.9710693359375,0.03303448483347893,9.691387176513672,0.15504474996123463
1317,4420.99609375,0.0006419022101908922,1.8172522686654702e-07,1065.690673828125,0.032910969108343124,9.677977561950684,0.15675395901780576
1318,4405.583984375,0.0006356564699672163,1.5925165826047305e-06,1063.3997802734375,0.0327845923602581,9.664563179016113,0.16515366703970358
1319,4390.2431640625,0.0006302071269601583,1.566746732351021e-06,1061.1099853515625,0.032659560441970825,9.651144027709961,0.16643074998864904
1320,4374.96484375,0.0006253922474570572,2.468741513439454e-07,1058.82568359375,0.03253575414419174,9.637721061706543,0.16032595897559077
1321,4359.73779296875,0.0006192661239765584,3.034997916984139e-06,1056.5360107421875,0.03240971639752388,9.624293327331543,0.16535099997418
1322,4344.509765625,0.0006150075932964683,1.248465650860453e-07,1054.25390625,0.03228743001818657,9.610861778259277,0.16309337504208088
1323,4329.3115234375,0.0006089562084525824,2.394988314335933e-06,1051.962890625,0.0321621373295784,9.597426414489746,0.16361733298981562
1324,4314.14794921875,0.0006043054163455963,5.893753041164018e-07,1049.678955078125,0.03203979507088661,9.58398723602295,0.16181458299979568
1325,4299.0380859375,0.0005988961784169078,1.029635313898325e-06,1047.3934326171875,0.03191651776432991,9.570545196533203,0.1615244169952348
1326,4283.98828125,0.0005935693625360727,1.6215312825806905e-06,1045.102783203125,0.03179366514086723,9.557100296020508,0.15060295799048617
1327,4268.970703125,0.000588694354519248,3.696243311424041e-07,1042.828125,0.031672362238168716,9.543652534484863,0.14615070802392438
1328,4253.990234375,0.0005828173016197979,2.281252818647772e-06,1040.5445556640625,0.0315493568778038,9.53020191192627,0.1484948750003241
1329,4239.044921875,0.0005782590596936643,3.022726104973117e-07,1038.2620849609375,0.031429268419742584,9.516749382019043,0.14639225002611056
1330,4224.12939453125,0.0005724315997213125,1.8833097783499397e-06,1035.988037109375,0.031307097524404526,9.503294944763184,0.1582831249688752
1331,4209.23681640625,0.0005675193970091641,6.520945703414327e-07,1033.7113037109375,0.031187083572149277,9.489838600158691,0.15622029197402298
1332,4194.40185546875,0.000562198634725064,1.0944941095658578e-06,1031.4371337890625,0.031066352501511574,9.476380348205566,0.16220512497238815
1333,4179.6064453125,0.0005570773500949144,1.2386308299028315e-06,1029.161865234375,0.03094613179564476,9.462921142578125,0.16299541696207598
1334,4164.8447265625,0.0005522343562915921,6.059636348254571e-07,1026.8909912109375,0.03082669898867607,9.449460983276367,0.15620012499857694
1335,4150.130859375,0.0005469496827572584,1.7509194094600389e-06,1024.6146240234375,0.030706463381648064,9.435999870300293,0.15658675000304356
1336,4135.4453125,0.0005425424897111952,3.728201249941776e-07,1022.3441772460938,0.030588096007704735,9.422537803649902,0.15371004201006144
1337,4120.7978515625,0.0005373017047531903,2.018491613853257e-06,1020.0682373046875,0.030467979609966278,9.409075736999512,0.15461245900951326
1338,4106.1923828125,0.0005332254222594202,3.353785018589406e-07,1017.7930297851562,0.03035043179988861,9.395613670349121,0.15300354099599645
1339,4091.615234375,0.0005281614139676094,1.8017601632891456e-06,1015.5211181640625,0.03023097664117813,9.38215160369873,0.1544395000091754
1340,4077.07666015625,0.0005241254693828523,5.406409400166012e-07,1013.2464599609375,0.03011363558471203,9.36868953704834,0.15544466697610915
1341,4062.57568359375,0.0005194798577576876,1.2949799383932259e-06,1010.9713745117188,0.0299952682107687,9.355228424072266,0.15965995896840468
1342,4048.097412109375,0.0005152634694240987,8.748161803850962e-07,1008.6959228515625,0.02987787500023842,9.341767311096191,0.15465258300537243
1343,4033.6748046875,0.0005110103520564735,8.544207616978383e-07,1006.423828125,0.02976064570248127,9.328307151794434,0.14769458305090666
1344,4019.282958984375,0.0005066380253992975,1.2460716334317112e-06,1004.1492919921875,0.029643451794981956,9.314847946166992,0.17168679198948666
1345,4004.92431640625,0.0005026612780056894,6.284395226430206e-07,1001.869384765625,0.02952726185321808,9.301390647888184,0.15271858300548047
1346,3990.609130859375,0.0004982263781130314,1.409739525115583e-06,999.5947875976562,0.029410507529973984,9.287934303283691,0.15581012499751523
1347,3976.32763671875,0.0004943729727528989,5.43449459655676e-07,997.3197021484375,0.029295161366462708,9.274479866027832,0.15664841700345278
1348,3962.081298828125,0.000489935337100178,1.5335010630224133e-06,995.0471801757812,0.02917887270450592,9.261027336120605,0.17204729100922123
1349,3947.86962890625,0.00048615093692205846,4.220979121782875e-07,992.7703247070312,0.029064420610666275,9.247576713562012,0.1619824169902131
1350,3933.69970703125,0.00048159610014408827,1.859825715655461e-06,990.4948120117188,0.0289485901594162,9.23412799835205,0.1609883750206791
1351,3919.56982421875,0.0004780552117154002,2.1349501366785262e-07,988.2135620117188,0.028835292905569077,9.220682144165039,0.18908800004282966
1352,3905.47509765625,0.00047329472727142274,2.4821056285873055e-06,985.9414672851562,0.02871955931186676,9.207239151000977,0.16049058304633945
1353,3891.4169921875,0.0004701153375208378,5.0547953378554666e-08,983.6561279296875,0.0286074448376894,9.193799018859863,0.1625829580007121
1354,3877.41552734375,0.00046505779027938843,3.354507725816802e-06,981.3845825195312,0.028491897508502007,9.1803617477417,0.16384762502275407
1355,3863.45263671875,0.0004622957785613835,1.2825296380469808e-08,979.1012573242188,0.02838120423257351,9.166927337646484,0.162802999955602
1356,3849.5556640625,0.00045689320540986955,5.224510914558778e-06,976.8330078125,0.028265107423067093,9.153496742248535,0.15422741702059284
1357,3835.730224609375,0.000454826484201476,5.494417223417258e-07,974.54345703125,0.028156492859125137,9.140069007873535,0.149292417045217
1358,3822.031005859375,0.00044867966789752245,9.68502808973426e-06,972.2816772460938,0.028039129450917244,9.1266450881958,0.14806220802711323
1359,3808.48876953125,0.0004478922055568546,3.4486060940253083e-06,969.9795532226562,0.027933752164244652,9.113225936889648,0.14577604201622307
1360,3795.24853515625,0.0004402854829095304,2.141785626008641e-05,967.7315673828125,0.027813466265797615,9.099810600280762,0.15264579199720174
1361,3782.526123046875,0.00044165729195810854,1.597670780029148e-05,965.412841796875,0.02771349810063839,9.08639907836914,0.16008850000798702
1362,3770.8916015625,0.0004311062803026289,5.892654735362157e-05,963.1908569335938,0.027586976066231728,9.072992324829102,0.15267266699811444
1363,3761.3330078125,0.00043702975381165743,7.041126082185656e-05,960.8269653320312,0.02749761939048767,9.059590339660645,0.16256416600663215
1364,3756.032470703125,0.000420391937950626,0.0001956646447069943,958.671875,0.027357548475265503,9.04619312286377,0.16615937498863786
1365,3759.557861328125,0.00043538151658140123,0.00030848776805214584,956.244873046875,0.027289260178804398,9.032800674438477,0.15895720903063193
1366,3782.0888671875,0.00040596749749965966,0.000752381922211498,954.2597045898438,0.027119943872094154,9.019412994384766,0.1622095420025289
1367,3846.1708984375,0.00044059069477953017,0.0014073516940698028,951.7158203125,0.02709660865366459,9.006031036376953,0.15980299998773262
1368,4002.444580078125,0.00038378522731363773,0.003276364179328084,950.208984375,0.02686220593750477,8.992654800415039,0.16310616600094363
1369,4370.296875,0.0004632702621165663,0.006823803298175335,947.6566772460938,0.026939325034618378,8.97928237915039,0.1662428340059705
1370,5215.38427734375,0.00034635429619811475,0.015774546191096306,947.6910400390625,0.02655603364109993,8.965916633605957,0.16651870898203924
1371,7192.529296875,0.0005364040262065828,0.03505538031458855,946.7816772460938,0.026865694671869278,8.952553749084473,0.17001262499252334
1372,11630.6259765625,0.00028800242580473423,0.08035857230424881,951.914794921875,0.02614053711295128,8.939194679260254,0.15218525001546368
1373,21678.408203125,0.0007851050468161702,0.17935815453529358,965.5613403320312,0.026985207572579384,8.925830841064453,0.15113775001373142
1374,40608.65625,0.0002535654348321259,0.37053459882736206,976.4473876953125,0.025533901527523994,8.912459373474121,0.1487777919974178
1375,70753.515625,0.001699900021776557,0.667839527130127,1064.0604248046875,0.027355043217539787,8.8990478515625,0.1528096660040319
1376,85137.1484375,0.000697433715686202,0.8159496784210205,979.7122802734375,0.024927295744419098,8.885574340820312,0.15963274997193366
1377,57329.171875,0.0036899116821587086,0.5311196446418762,1149.625,0.026985887438058853,8.871984481811523,0.15139245800673962
1378,9431.6572265625,0.0038714739494025707,0.05443599447607994,1044.2222900390625,0.025566881522536278,8.858235359191895,0.15908708301139995
1379,16383.546875,0.0048908656463027,0.12295497208833694,1056.52880859375,0.02542434073984623,8.844314575195312,0.16602829203475267
1380,44071.5234375,0.007479536347091198,0.3947371542453766,1168.2208251953125,0.02681632526218891,8.830238342285156,0.16263350000372157
1381,20919.2109375,0.006361669395118952,0.16697761416435242,1043.7708740234375,0.025415120646357536,8.816012382507324,0.16457004100084305
1382,5779.505859375,0.006866924464702606,0.014859281480312347,1027.5438232421875,0.02579341270029545,8.801677703857422,0.16810450004413724
1383,27772.482421875,0.007359582930803299,0.23332473635673523,1029.5498046875,0.026744980365037918,8.787293434143066,0.16315474995644763
1384,17457.6015625,0.005390748381614685,0.1330539733171463,1036.66015625,0.025764692574739456,8.772900581359863,0.16063929098891094
1385,4967.80810546875,0.004837614018470049,0.008095650933682919,1037.9970703125,0.026364846155047417,8.758563995361328,0.16853441699640825
1386,20517.326171875,0.004396113567054272,0.16280384361743927,1052.7230224609375,0.027446076273918152,8.744351387023926,0.1631574589991942
1387,11588.611328125,0.002770413411781192,0.07585063576698303,1048.6934814453125,0.026778127998113632,8.730307579040527,0.15673112496733665
1388,5664.765625,0.0021342341788113117,0.01655651442706585,1058.6026611328125,0.027370881289243698,8.716483116149902,0.14678320899838582
1389,16379.2626953125,0.001854020287282765,0.12215904146432877,1121.07470703125,0.028568819165229797,8.702924728393555,0.14630929101258516
1390,6965.3603515625,0.0010761814191937447,0.029501689597964287,1104.8900146484375,0.02802683413028717,8.689650535583496,0.14635258301859722
1391,7321.0,0.0007775377598591149,0.032717857509851456,1140.1297607421875,0.02831331081688404,8.676676750183105,0.15403799997875467
1392,12713.62890625,0.0007978929206728935,0.08459021151065826,1234.6153564453125,0.029402030631899834,8.66401195526123,0.15660041704541072
1393,4565.5341796875,0.0005626961938105524,0.004195366986095905,1199.046875,0.0289068054407835,8.651641845703125,0.15223374997731298
1394,8805.224609375,0.0004842288326472044,0.047054655849933624,1178.9481201171875,0.028723880648612976,8.639544486999512,0.16527170804329216
1395,8878.0234375,0.000679340329952538,0.04646455496549606,1213.8895263671875,0.029497435316443443,8.627699851989746,0.1638850829913281
1396,4255.18408203125,0.000710416934452951,0.0010601452086120844,1168.076416015625,0.029100514948368073,8.616071701049805,0.16055908403359354
1397,8962.759765625,0.0007490470889024436,0.04903993010520935,1127.0831298828125,0.028567787259817123,8.604620933532715,0.3155554170371033
1398,5737.0712890625,0.0010863497154787183,0.01595797762274742,1131.48828125,0.029011502861976624,8.593318939208984,0.15484412503428757
1399,5237.908203125,0.0013079071650281549,0.011158385314047337,1110.0411376953125,0.028812378644943237,8.582131385803223,0.1568987499922514
1400,7698.6923828125,0.0013963272795081139,0.036614906042814255,1080.4224853515625,0.028171466663479805,8.571022033691406,0.1525735420291312
1401,4211.6513671875,0.0017444225959479809,0.0012917815474793315,1070.793212890625,0.028372380882501602,8.559972763061523,0.15424262499436736
1402,6166.3349609375,0.002011478878557682,0.02066110074520111,1058.509765625,0.028405673801898956,8.548966407775879,0.1485891669872217
1403,5842.5576171875,0.002016679150983691,0.018178807571530342,1037.3436279296875,0.027856653556227684,8.537982940673828,0.1522076660185121
1404,4192.2001953125,0.0021640488412231207,0.0015291775343939662,1031.7745361328125,0.027911031618714333,8.527018547058105,0.14839454198954627
1405,6187.25048828125,0.0022931843996047974,0.021110331639647484,1033.8406982421875,0.028130581602454185,8.516074180603027,0.15064354200148955
1406,4478.166015625,0.0021403515711426735,0.004649011418223381,1023.377685546875,0.02775852382183075,8.505146980285645,0.17859099997440353
1407,4744.1689453125,0.0020348140969872475,0.007505312096327543,1019.7185668945312,0.027704380452632904,8.494240760803223,0.1523279589600861
1408,5436.892578125,0.001999941887333989,0.0141303651034832,1023.6082153320312,0.028002535924315453,8.483368873596191,0.16707045800285414
1409,3978.5947265625,0.00176555709913373,6.702397513436154e-05,1014.6482543945312,0.027806883677840233,8.472536087036133,0.16146683401893824
1410,5021.88671875,0.0015374445356428623,0.010926191695034504,1008.2125244140625,0.027673104777932167,8.461749076843262,0.16939216700848192
1411,4574.9765625,0.0014423958491533995,0.006215334869921207,1013.0072631835938,0.027961961925029755,8.451021194458008,0.16070408298401162
1412,4047.308837890625,0.001252023153938353,0.0012074785772711039,1010.566650390625,0.027907921001315117,8.440359115600586,0.16308062500320375
1413,4867.5419921875,0.0010468891123309731,0.009861750528216362,1005.1383056640625,0.027715396136045456,8.429766654968262,0.16134895803406835
1414,4043.70654296875,0.0009801420383155346,0.0014561375137418509,1008.4121704101562,0.027916662395000458,8.419251441955566,0.16338362504029647
1415,4230.798828125,0.0008893725462257862,0.003427613992244005,1006.3427124023438,0.027927575632929802,8.408814430236816,0.16388108301907778
1416,4493.23095703125,0.0007664024014957249,0.00652575958520174,996.0409545898438,0.02767973579466343,8.398453712463379,0.1621119580231607
1417,3845.90625,0.0007522315136156976,2.0654615582316183e-05,993.7241821289062,0.02774893492460251,8.388167381286621,0.15408387494971976
1418,4283.12890625,0.0007513620657846332,0.004410043358802795,990.3290405273438,0.02776659093797207,8.377951622009277,0.1498587079695426
1419,4126.43310546875,0.0007055068854242563,0.00329437549225986,977.5504150390625,0.027488945052027702,8.367795944213867,0.14569891698192805
1420,3825.28857421875,0.0007355910493060946,0.0003652909945230931,971.4570922851562,0.02743743360042572,8.35769271850586,0.1467493330128491
1421,4192.28125,0.0007974316831678152,0.0040192012675106525,966.748046875,0.027438702061772346,8.34763240814209,0.1546766249812208
1422,3870.81884765625,0.0008038979722186923,0.0012038525892421603,953.552734375,0.02716490998864174,8.337602615356445,0.15558162500383332
1423,3843.07763671875,0.0008552641374990344,0.0010981926461681724,944.6869506835938,0.027030451223254204,8.327593803405762,0.16246670903638005
1424,4030.14453125,0.0009451322257518768,0.0029520459938794374,939.0240478515625,0.027014026418328285,8.317596435546875,0.1684065000154078
1425,3728.002197265625,0.0009688292630016804,0.0002491429913789034,928.9762573242188,0.026772286742925644,8.307600975036621,0.1631398340105079
1426,3836.31640625,0.0010055562015622854,0.0015429884660989046,921.5206298828125,0.02659941464662552,8.297600746154785,0.16429849999258295
1427,3866.6328125,0.0010798723669722676,0.001841071993112564,917.0409545898438,0.02657497487962246,8.287590980529785,0.160985000024084
1428,3657.158203125,0.0010839934693649411,3.427386673138244e-06,910.472412109375,0.026379436254501343,8.277567863464355,0.15813533397158608
1429,3791.8232421875,0.0010766586055979133,0.0015944704646244645,904.76220703125,0.02619948238134384,8.267529487609863,0.1622588750324212
1430,3729.443359375,0.0011069802567362785,0.000998454401269555,901.5853271484375,0.026173144578933716,8.257476806640625,0.16318174998741597
1431,3612.640625,0.0010781807359308004,5.25289578945376e-05,897.3828125,0.026021867990493774,8.247410774230957,0.1615578340133652
1432,3720.373046875,0.0010289463680237532,0.0013918852200731635,893.422607421875,0.025848673656582832,8.237332344055176,0.1613827919936739
1433,3624.414794921875,0.0010212442139163613,0.00048015048378147185,892.348876953125,0.025819266214966774,8.227246284484863,0.14701050001895055
1434,3572.868896484375,0.0009750878671184182,0.0001518245553597808,890.1839599609375,0.025699937716126442,8.217154502868652,0.14451479201670736
1435,3641.5166015625,0.0009104317286983132,0.00109775026794523,887.2525024414062,0.025534460321068764,8.207060813903809,0.14711045898729935
1436,3546.15625,0.000890442926902324,0.00020839140051975846,886.7440795898438,0.025495288893580437,8.196967124938965,0.15169291599886492
1437,3530.33251953125,0.0008506267331540585,0.00021114003902766854,884.9486694335938,0.025392070412635803,8.18687629699707,0.15388466703006998
1438,3566.33837890625,0.0007958603673614562,0.0008181496523320675,881.9270629882812,0.025230102241039276,8.176789283752441,0.1532056670403108
1439,3485.08154296875,0.000784063246101141,8.466809231322259e-05,880.6594848632812,0.025175487622618675,8.166707038879395,0.16143212496535853
1440,3484.195556640625,0.0007633362547494471,0.00021898567501921207,878.3681030273438,0.02507595159113407,8.15662956237793,0.16577183303888887
1441,3498.4384765625,0.0007289683562703431,0.0005924082361161709,874.8165893554688,0.02491484396159649,8.146556854248047,0.16812179196858779
1442,3433.206787109375,0.0007321872399188578,3.342748459544964e-05,872.2236328125,0.02484421618282795,8.136487007141113,0.1605522920144722
1443,3435.678955078125,0.0007307042251341045,0.00019455899018794298,868.87255859375,0.02474280074238777,8.126419067382812,0.16138658300042152
1444,3437.37890625,0.0007142985705286264,0.00043074251152575016,864.4967651367188,0.024583781138062477,8.116351127624512,0.19295104197226465
1445,3385.477783203125,0.0007289007771760225,1.4588317753805313e-05,860.868896484375,0.024502599611878395,8.106281280517578,0.1655652499757707
1446,3386.2705078125,0.0007388180820271373,0.00015443853044416755,856.8818969726562,0.024400630965828896,8.096206665039062,0.1637055409955792
1447,3382.082763671875,0.0007315616239793599,0.00031784563907422125,852.2645874023438,0.024248775094747543,8.086125373840332,0.17085758299799636
1448,3340.560302734375,0.000748857855796814,8.133692972478457e-06,848.3745727539062,0.024164866656064987,8.07603645324707,0.14664083300158381
1449,3338.1669921875,0.0007589095621369779,0.00011334969894960523,844.361572265625,0.024065792560577393,8.065937042236328,0.14684008399490267
1450,3331.60498046875,0.0007503886008635163,0.00024025951279327273,840.021484375,0.023925185203552246,8.055826187133789,0.14495508302934468
1451,3297.5263671875,0.0007611081819050014,6.934443717909744e-06,836.32470703125,0.023843973875045776,8.045703887939453,0.14888254198012874
1452,3291.5126953125,0.0007624472491443157,7.613268826389685e-05,832.6942138671875,0.02374960482120514,8.035569190979004,0.153297292010393
1453,3284.32275390625,0.0007460419437848032,0.00018524847109802067,829.0440063476562,0.023621495813131332,8.025423049926758,0.15314945799764246
1454,3255.793701171875,0.0007458400796167552,8.186816558009014e-06,825.8933715820312,0.023544976487755775,8.015265464782715,0.16079000005265698
1455,3246.51416015625,0.000736034067813307,4.594777419697493e-05,822.876953125,0.023454390466213226,8.005097389221191,0.16465291602071375
1456,3239.312744140625,0.0007124136900529265,0.00014489603927358985,819.899658203125,0.023336822167038918,7.994920253753662,0.15913933294359595
1457,3215.171630859375,0.0007040954078547657,1.145222267950885e-05,817.2598876953125,0.02326356992125511,7.984735488891602,0.16441066697007045
1458,3203.067138671875,0.0006876552943140268,2.267828858748544e-05,814.6795654296875,0.023173542693257332,7.974544525146484,0.15946737496415153
1459,3195.856201171875,0.0006627269904129207,0.00011206389172002673,812.0800170898438,0.023062970489263535,7.964348793029785,0.15904729202156886
1460,3175.5849609375,0.0006530587561428547,1.5473744497285224e-05,809.7278442382812,0.022990038618445396,7.9541497230529785,0.1567219999851659
1461,3161.469482421875,0.0006365915178321302,7.79194033384556e-06,807.3048706054688,0.02289726212620735,7.943948268890381,0.1555877499631606
1462,3153.880126953125,0.0006165014347061515,8.377974882023409e-05,804.783203125,0.022790689021348953,7.93374490737915,0.1557507500401698
1463,3136.9814453125,0.000610539922490716,1.967400748981163e-05,802.4131469726562,0.02271546795964241,7.923540115356445,0.15573866700287908
1464,3121.576171875,0.0005981612484902143,7.395584020741808e-07,799.865966796875,0.02261820062994957,7.913334369659424,0.15297649998683482
1465,3112.97900390625,0.0005854189512319863,5.754381345468573e-05,797.2377319335938,0.022514451295137405,7.903127670288086,0.1489555829903111
1466,3098.92626953125,0.0005843868129886687,2.2029018509783782e-05,794.6802978515625,0.02243604138493538,7.892919540405273,0.14802491600858048
1467,3083.20458984375,0.0005761940265074372,7.75244700434996e-07,791.9884643554688,0.022335192188620567,7.882709980010986,0.15529270900879055
1468,3073.24072265625,0.0005695716245099902,3.5141652915626764e-05,789.2763061523438,0.022234931588172913,7.872498035430908,0.1640612090122886
1469,3061.285888671875,0.0005711317644454539,2.1601410480798222e-05,786.6143798828125,0.022153981029987335,7.862283229827881,0.18552624998847023
1470,3046.11181640625,0.0005647198995575309,5.768781193182804e-06,783.9028930664062,0.022051602602005005,7.852065563201904,0.1728388339979574
1471,3034.681396484375,0.0005609556101262569,1.7261383618460968e-05,781.2335205078125,0.02195626124739647,7.841844081878662,0.16336066700750962
1472,3023.95703125,0.0005618821014650166,1.7665890482021496e-05,778.6251831054688,0.021873770281672478,7.831618785858154,0.16855841595679522
1473,3010.0234375,0.0005544524756260216,1.3088212654110976e-05,776.0519409179688,0.021772176027297974,7.821389675140381,0.1661022079642862
1474,2997.407470703125,0.0005508429603651166,5.227781002759002e-06,773.5596313476562,0.021682407706975937,7.811156272888184,0.16521912504686043
1475,2986.900146484375,0.0005485734436661005,1.0478227522980887e-05,771.1415405273438,0.021598534658551216,7.800919055938721,0.16235083405626938
1476,2974.46630859375,0.0005391657468862832,1.8044687749352306e-05,768.791015625,0.02149954065680504,7.79067850112915,0.16085820796433836
1477,2961.462890625,0.0005343987140804529,4.0250375832329155e-07,766.5220336914062,0.021414605900645256,7.780434608459473,0.1629030840122141
1478,2950.45751953125,0.0005285231163725257,3.882047167280689e-06,764.3175048828125,0.021328993141651154,7.770187854766846,0.16283379099331796
1479,2939.165283203125,0.0005179811269044876,1.8696624465519562e-05,762.1791381835938,0.02123318240046501,7.759938716888428,0.14686925004934892
1480,2926.53125,0.0005124962772242725,4.946798526361817e-07,760.080810546875,0.02115151286125183,7.749687671661377,0.14691775001119822
1481,2914.876953125,0.0005043866112828255,2.5427340233363793e-07,758.0355224609375,0.021063774824142456,7.73943567276001,0.14520837500458583
1482,2904.065185546875,0.0004943862440995872,1.4622942217101809e-05,756.0357666015625,0.020971283316612244,7.729182720184326,0.14774720801506191
1483,2892.267578125,0.0004893339355476201,2.4573764676460996e-06,754.0228881835938,0.020890654996037483,7.718929767608643,0.1523372910451144
1484,2880.27783203125,0.0004808011290151626,9.903417321766028e-07,752.0535888671875,0.020800452679395676,7.708676815032959,0.15137591701932251
1485,2869.3115234375,0.0004731572698801756,7.736136467428878e-06,750.0853271484375,0.020711369812488556,7.698424339294434,0.16398549999576062
1486,2858.2685546875,0.00046905619092285633,3.0516348488163203e-06,748.0869750976562,0.020629705861210823,7.688172817230225,0.16543212498072535
1487,2846.56494140625,0.00046166032552719116,4.825880751013756e-06,746.1146850585938,0.02053801529109478,7.677922248840332,0.16600929101696238
1488,2835.227294921875,0.00045709707774221897,2.0266293176973704e-06,744.1117553710938,0.02045203186571598,7.667672634124756,0.16882495902245864
1489,2824.4443359375,0.0004539116926025599,1.385499672323931e-06,742.0908813476562,0.020368237048387527,7.657424449920654,0.16151391697349027
1490,2813.33935546875,0.00044825050281360745,7.482283763238229e-06,740.090087890625,0.020276758819818497,7.647177219390869,0.16973679198417813
1491,2801.974853515625,0.0004459063638933003,3.934837877750397e-08,738.05322265625,0.020193271338939667,7.6369309425354,0.1677020830102265
1492,2791.0439453125,0.00044281547889113426,2.5137580905720824e-08,736.0259399414062,0.020107340067625046,7.626685619354248,0.16792008298216388
1493,2780.337890625,0.0004384888452477753,6.65479547024006e-06,734.0120849609375,0.020018113777041435,7.616441249847412,0.31146908400114626
1494,2769.330322265625,0.00043691013706848025,3.339991963002831e-07,731.9752197265625,0.01993630640208721,7.606197357177734,0.14873883302789181
1495,2758.320068359375,0.00043314078357070684,8.990655828711169e-07,729.9728393554688,0.01984943263232708,7.595954418182373,0.14611604198580608
1496,2747.64501953125,0.0004294174141250551,3.4203280847577844e-06,727.9890747070312,0.019763721153140068,7.585712432861328,0.14572679199045524
1497,2737.023681640625,0.0004271083162166178,4.987125521438429e-07,725.9908447265625,0.01968272216618061,7.5754714012146,0.1546375000034459
1498,2726.214599609375,0.0004222368879709393,3.2608497804176295e-06,724.0449829101562,0.019596198573708534,7.5652313232421875,0.15257741598179564
1499,2715.4697265625,0.00041866564424708486,6.613686878154112e-07,722.0978393554688,0.01951439306139946,7.55499267578125,0.1626181669998914
1500,2704.969482421875,0.0004148983280174434,2.745679239524179e-08,720.1634521484375,0.01943313516676426,7.544755935668945,0.17005295801209286
1501,2694.473388671875,0.0004094118776265532,4.151508619543165e-06,718.274169921875,0.019348429515957832,7.534521102905273,0.16245833301218227
1502,2683.87939453125,0.00040579456253908575,3.547597771103028e-10,716.3648071289062,0.019269350916147232,7.524288177490234,0.16138754202984273
1503,2673.3505859375,0.0004007792449556291,5.174052262191253e-07,714.4923095703125,0.019187284633517265,7.5140581130981445,0.1588256250252016
1504,2662.9892578125,0.00039562437450513244,2.5258689220208907e-06,712.6322631835938,0.019105421379208565,7.503830909729004,0.1642939590383321
1505,2652.653564453125,0.00039180193562060595,6.642500238740467e-08,710.7619018554688,0.019027048721909523,7.4936065673828125,0.16738587495638058
1506,2642.25439453125,0.0003863935708068311,2.089562258333899e-06,708.9271850585938,0.018944790586829185,7.4833855628967285,0.1711386670358479
1507,2631.91455078125,0.00038222913281060755,6.348820988932857e-07,707.0751953125,0.01886553131043911,7.47316837310791,0.1681694999570027
1508,2621.707763671875,0.00037825878825969994,1.3042210866842652e-08,705.2267456054688,0.018786538392305374,7.462954998016357,0.16090700001223013
1509,2611.52978515625,0.00037344940938055515,2.700826826185221e-06,703.401611328125,0.018705131486058235,7.4527459144592285,0.15051791700534523
1510,2601.3125,0.0003701623936649412,2.1012965589761734e-08,701.55322265625,0.018627408891916275,7.442541122436523,0.15068387502105907
1511,2591.14501953125,0.0003660934162326157,6.726622814312577e-07,699.7301025390625,0.018547384068369865,7.432340621948242,0.14896733302157372
1512,2581.074951171875,0.0003623486845754087,1.5370460459962487e-06,697.9033813476562,0.01846783049404621,7.422144412994385,0.15436149999732152
1513,2571.0546875,0.00035944540286436677,5.459241947392002e-10,696.0682983398438,0.018390417098999023,7.411952972412109,0.15437291702255607
1514,2561.02587890625,0.0003555505536496639,1.849435648182407e-06,694.2657470703125,0.018310202285647392,7.401766300201416,0.1530601250124164
1515,2551.01318359375,0.0003526993386913091,3.1125182431424037e-07,692.4381713867188,0.018232738599181175,7.391584396362305,0.17383583402261138
1516,2541.08349609375,0.0003495831333566457,2.2965309653955046e-07,690.6322631835938,0.018154701218008995,7.381407260894775,0.16086641600122675
1517,2531.21044921875,0.00034615688491612673,1.7263982954318635e-06,688.840087890625,0.018075820058584213,7.371235370635986,0.16407487500691786
1518,2521.348388671875,0.00034351155045442283,3.361498102094629e-08,687.0355834960938,0.01799958385527134,7.361068248748779,0.16261016699718311
1519,2511.498291015625,0.00034006466739811003,1.0736423519119853e-06,685.2640380859375,0.0179212037473917,7.3509063720703125,0.16171358397696167
1520,2501.701904296875,0.00033704214729368687,7.099263257259736e-07,683.48681640625,0.01784439943730831,7.340750217437744,0.16147762502077967
1521,2491.9736328125,0.0003341551055200398,1.0237295100523625e-07,681.7183227539062,0.017768295481801033,7.330599308013916,0.1556864160229452
1522,2482.267578125,0.0003305410500615835,1.5961290955601726e-06,679.977294921875,0.017690766602754593,7.320454120635986,0.15577654202934355
1523,2472.588134765625,0.0003278050571680069,1.248465650860453e-07,678.2189331054688,0.01761576347053051,7.310314655303955,0.1539644580334425
1524,2462.927978515625,0.00032433937303721905,6.935493388482428e-07,676.48779296875,0.01753936894237995,7.300180912017822,0.14777562499511987
1525,2453.327392578125,0.00032108003506436944,8.465054293083085e-07,674.7589721679688,0.01746375858783722,7.290053367614746,0.14817979198414832
1526,2443.773193359375,0.00031808370840735734,1.3709546919926652e-07,673.0286254882812,0.017389224842190742,7.279932498931885,0.14957399998093024
1527,2434.23876953125,0.0003145853406749666,1.181460902444087e-06,671.3193359375,0.017313428223133087,7.26981782913208,0.15104945795610547
1528,2424.732421875,0.0003116742882411927,2.726267211983213e-07,669.6027221679688,0.017239348962903023,7.25970983505249,0.16685466695344076
1529,2415.271240234375,0.0003085254575125873,4.859984983340837e-07,667.8968505859375,0.01716473326086998,7.249608993530273,0.16463912499602884
1530,2405.841796875,0.00030538009013980627,9.081309713110386e-07,666.2019653320312,0.01709010824561119,7.23951530456543,0.16784983302932233
1531,2396.46044921875,0.0003026655176654458,1.4954844118619803e-07,664.4989624023438,0.017016800120472908,7.229428768157959,0.2006260000052862
1532,2387.101806640625,0.0002995275426656008,1.0711733011703473e-06,662.8175048828125,0.01694224402308464,7.219349384307861,0.1634955410263501
1533,2377.76708984375,0.00029689871007576585,2.706385657802457e-07,661.1265258789062,0.016869235783815384,7.209277153015137,0.15936029196018353
1534,2368.472900390625,0.0002940995036624372,5.533365765586495e-07,659.452392578125,0.016795551404356956,7.199212551116943,0.1605358330416493
1535,2359.22265625,0.00029141525737941265,6.844459221611032e-07,657.7791748046875,0.016722334548830986,7.189155578613281,0.16534912498900667
1536,2350.004150390625,0.00028893581475131214,2.6471775527170394e-07,656.1092529296875,0.016649749130010605,7.17910623550415,0.16182633297285065
1537,2340.815185546875,0.00028620270313695073,8.24278686195612e-07,654.4544677734375,0.016576580703258514,7.169064998626709,0.1694937080028467
1538,2331.65673828125,0.00028378775459714234,3.384229785297066e-07,652.7946166992188,0.016504494473338127,7.159031867980957,0.16454629198415205
1539,2322.5400390625,0.0002812650636769831,5.153493134457676e-07,651.14306640625,0.01643219031393528,7.149006366729736,0.1637874580337666
1540,2313.44873046875,0.00027869592304341495,6.22029801888857e-07,649.5054321289062,0.01636011339724064,7.138989448547363,0.1484521249658428
1541,2304.40087890625,0.00027634858270175755,3.144523361697793e-07,647.8656005859375,0.016288690268993378,7.12898063659668,0.14412866701604798
1542,2295.3740234375,0.00027373104239813983,6.98322821790498e-07,646.2377319335938,0.016216931864619255,7.118980407714844,0.14501354098320007
1543,2286.38720703125,0.0002713733119890094,3.8131133806018624e-07,644.612060546875,0.016145996749401093,7.108988285064697,0.14752429199870676
1544,2277.427734375,0.0002688733220566064,4.7673529479652643e-07,642.990478515625,0.016075022518634796,7.099004745483398,0.15503750002244487
1545,2268.509765625,0.00026643936871550977,6.126634275460674e-07,641.3783569335938,0.01600426249206066,7.0890302658081055,0.15458337496966124
1546,2259.61865234375,0.000264086207607761,3.0489991331705824e-07,639.7681274414062,0.015934113413095474,7.07906436920166,0.1513714169850573
1547,2250.759521484375,0.0002615545236039907,7.147557425923878e-07,638.1676025390625,0.015863649547100067,7.069107532501221,0.16595812502782792
1548,2241.93798828125,0.00025927682872861624,3.0833240316496813e-07,636.5609130859375,0.015794184058904648,7.059159755706787,0.15821979095926508
1549,2233.138427734375,0.0002568142081145197,5.79532809297234e-07,634.9699096679688,0.015724290162324905,7.049221515655518,0.16635920898988843
1550,2224.377685546875,0.00025451165856793523,4.691929120781424e-07,633.3784790039062,0.01565501093864441,7.039292335510254,0.16223479196196422
1551,2215.64794921875,0.0002521967689972371,3.792529810198175e-07,631.7921752929688,0.015585980378091335,7.029372692108154,0.16004183399491012
1552,2206.9501953125,0.0002498246030882001,6.291957674875448e-07,630.2134399414062,0.015516913495957851,7.019462585449219,0.16056741698412225
1553,2198.28759765625,0.0002476361987646669,3.1231684261001647e-07,628.634033203125,0.015448587946593761,7.0095624923706055,0.16590525000356138
1554,2189.651611328125,0.0002452893531881273,5.923075150349177e-07,627.0617065429688,0.015380017459392548,6.999671936035156,0.16324066696688533
1555,2181.04345703125,0.00024308936554007232,4.022012944915332e-07,625.488525390625,0.015312057919800282,6.989791393280029,0.15666074998443946
1556,2172.477294921875,0.0002409103763056919,4.370991177893302e-07,623.9241333007812,0.01524418406188488,6.979920864105225,0.1535849580541253
1557,2163.93017578125,0.00023870989389251918,5.291327056511363e-07,622.3665771484375,0.015176397748291492,6.9700608253479,0.14721120795002207
1558,2155.425537109375,0.00023664967739023268,3.566938744370418e-07,620.8045654296875,0.015109202824532986,6.960210800170898,0.14567724999506027
1559,2146.94287109375,0.00023445235274266452,5.490883268066682e-07,619.2544555664062,0.01504188310354948,6.950371265411377,0.14942462497856468
1560,2138.500732421875,0.00023248152865562588,3.687551384246035e-07,617.7026977539062,0.014975130558013916,6.940542221069336,0.1488978749839589
1561,2130.081787109375,0.0002303923392901197,4.963581545780471e-07,616.1610107421875,0.01490831933915615,6.930723667144775,0.1508067089598626
1562,2121.703369140625,0.00022840625024400651,4.140816258768609e-07,614.6192626953125,0.014842020347714424,6.920915603637695,0.15365170798031613
1563,2113.3447265625,0.00022639289090875536,4.4406220922610373e-07,613.0841674804688,0.014775767922401428,6.911118507385254,0.16101112496107817
1564,2105.0224609375,0.0002243955823360011,4.5944540261189104e-07,611.558349609375,0.014709786511957645,6.901331901550293,0.16010541701689363
1565,2096.73193359375,0.00022246758453547955,3.678869688883424e-07,610.033447265625,0.01464414969086647,6.891556262969971,0.16021391603862867
1566,2088.4677734375,0.0002204363700002432,5.448564479593188e-07,608.51953125,0.0145785016939044,6.881791591644287,0.1640979999792762
1567,2080.233642578125,0.00021853958605788648,3.0965770747570787e-07,606.9990844726562,0.014513496309518814,6.8720383644104,0.16222033399390057
1568,2072.0341796875,0.00021652116265613586,5.849906301591545e-07,605.4912719726562,0.014448324218392372,6.862296104431152,0.16212383296806365
1569,2063.865234375,0.00021469722560141236,2.8115755412727594e-07,603.981689453125,0.01438385620713234,6.852565288543701,0.16060808300971985
1570,2055.727783203125,0.0002127227489836514,6.000391863381083e-07,602.4851684570312,0.0143191022798419,6.842845916748047,0.1626854170463048
1571,2047.613525390625,0.0002108802873408422,2.90076570763631e-07,600.9845581054688,0.014255119487643242,6.8331379890441895,0.16113554098410532
1572,2039.53662109375,0.00020898724324069917,5.371405222831527e-07,599.495849609375,0.014190883375704288,6.823441505432129,0.1498874580138363
1573,2031.482177734375,0.00020716279686894268,3.326227329125686e-07,598.0050659179688,0.0141272759065032,6.813756942749023,0.14703545899828896
1574,2023.46630859375,0.00020528824825305492,4.813557552552084e-07,596.5257568359375,0.014063634909689426,6.804084300994873,0.1444308339850977
1575,2015.470947265625,0.00020344433141872287,3.777861365961144e-07,595.0482788085938,0.014000404626131058,6.794423580169678,0.14847987500252202
1576,2007.51220703125,0.00020163581939414144,3.860370725305984e-07,593.5773315429688,0.013937326148152351,6.7847747802734375,0.15371816704282537
1577,1999.5859375,0.00019979999342467636,5.287859039526666e-07,592.1089477539062,0.01387444045394659,6.775137901306152,0.15147979103494436
1578,1991.6837158203125,0.00019809670629911125,2.255583240184933e-07,590.6403198242188,0.01381211169064045,6.7655134201049805,0.15117095899768174
1579,1983.8134765625,0.0001962052920134738,7.171765901148319e-07,589.1876831054688,0.013749335892498493,6.755900859832764,0.1598207499482669
1580,1975.976806640625,0.00019465212244540453,1.5028695088403765e-07,587.7256469726562,0.013687709346413612,6.74630069732666,0.16228637500898913
1581,1968.164306640625,0.0001927805715240538,8.109128089017759e-07,586.2837524414062,0.013625213876366615,6.73671293258667,0.16340708296047524
1582,1960.38232421875,0.0001912377483677119,1.1705338920364738e-07,584.8294677734375,0.013564173132181168,6.727137565612793,0.16649174998747185
1583,1952.631103515625,0.0001893892913358286,8.473830916955194e-07,583.3960571289062,0.013502112589776516,6.7175750732421875,0.1665430419961922
1584,1944.901611328125,0.00018790914327837527,1.1918382369913161e-07,581.9487915039062,0.013441500253975391,6.708024978637695,0.17243433295516297
1585,1937.20556640625,0.00018610290135256946,8.083384841484076e-07,580.525634765625,0.013379888609051704,6.698487758636475,0.1590864589670673
1586,1929.542724609375,0.0001846891245804727,1.1770686114687123e-07,579.0853881835938,0.013319767080247402,6.688963413238525,0.28623729199171066
1587,1921.908935546875,0.000182906529516913,8.399374564760365e-07,577.6751098632812,0.013258591294288635,6.679451942443848,0.1493287499761209
1588,1914.29736328125,0.00018149372772313654,9.874406714516226e-08,576.2429809570312,0.01319895125925541,6.669953346252441,0.14934879203792661
1589,1906.7244873046875,0.00017972185742110014,8.592760423198342e-07,574.841796875,0.013138245791196823,6.660467624664307,0.15013091696891934
1590,1899.1689453125,0.00017831508012022823,8.924467920223833e-08,573.4214477539062,0.013079069554805756,6.650995254516602,0.15956558304606006
1591,1891.649658203125,0.0001765414053807035,9.163287018054689e-07,572.0289306640625,0.013018748722970486,6.641535758972168,0.16266016603913158
1592,1884.164794921875,0.00017522131383884698,5.729907570639625e-08,570.6162719726562,0.012960207648575306,6.632089614868164,0.1587724580313079
1593,1876.701904296875,0.0001734019024297595,1.0515236681385431e-06,569.236572265625,0.012900199741125107,6.62265682220459,0.18059945898130536
1594,1869.2724609375,0.00017213741375599056,1.8403682133794064e-08,567.8302001953125,0.012842266820371151,6.613237380981445,0.16450245800660923
1595,1861.8721923828125,0.00017029834270942956,1.3575781849795021e-06,566.4701538085938,0.012782364152371883,6.603831768035889,0.16284908296074718
1596,1854.50927734375,0.0001691491052042693,3.7544509723375086e-09,565.0657348632812,0.012725282460451126,6.594439506530762,0.1553305410197936
1597,1847.185546875,0.0001672012294875458,2.0826751097047236e-06,563.717529296875,0.012665396556258202,6.585061073303223,0.15997541695833206
1598,1839.9127197265625,0.0001663191505940631,2.235247507087479e-07,562.3059692382812,0.01260952465236187,6.5756964683532715,0.16227712499676272
1599,1832.69970703125,0.00016411879914812744,3.970862962887622e-06,560.9871215820312,0.012549037113785744,6.566345691680908,0.15631716599455103
1600,1825.562744140625,0.00016359996516257524,1.4108720733929658e-06,559.5632934570312,0.012494983151555061,6.557008743286133,0.16018820903263986
1601,1818.542236328125,0.00016095310274977237,8.503625394951086e-06,558.2844848632812,0.012433121912181377,6.547685623168945,0.15949391602771357
1602,1811.7353515625,0.00016113463789224625,6.037545972503722e-06,556.8248291015625,0.012381932698190212,6.538376331329346,0.14953574998071417
1603,1805.306884765625,0.00015767899458296597,2.2002170226187445e-05,555.61572265625,0.012317229993641376,6.529081344604492,0.14757933298824355
1604,1799.580078125,0.0001591117907082662,2.4801269319141284e-05,554.0802612304688,0.012271084822714329,6.519800662994385,0.14575116703053936
1605,1795.2939453125,0.00015390271437354386,6.881987064843997e-05,553.0079956054688,0.012200136668980122,6.510533809661865,0.1446566249942407
1606,1793.844482421875,0.0001578646624693647,0.00010342855239287019,551.3104248046875,0.012164046056568623,6.501281261444092,0.15263200004119426
1607,1798.2698974609375,0.00014917900261934847,0.00024851865600794554,550.51513671875,0.01207984983921051,6.4920430183410645,0.1539596249931492
1608,1814.9835205078125,0.0001584268466103822,0.000442379096057266,548.4850463867188,0.012064178474247456,6.482819080352783,0.15600550000090152
1609,1857.8839111328125,0.00014240997552406043,0.001002119155600667,548.2964477539062,0.011951345019042492,6.473609924316406,0.16556704201502725
1610,1957.7034912109375,0.00016305303142871708,0.001978987129405141,545.6063842773438,0.011978930793702602,6.464415073394775,0.16753312497166917
1611,2181.487060546875,0.00013171043246984482,0.004410803318023682,546.860107421875,0.011803755536675453,6.455234527587891,0.16236595896771178
1612,2683.38134765625,0.00017837398627307266,0.009298435412347317,543.0744018554688,0.011926259845495224,6.446067810058594,0.16644025000277907
1613,3796.91455078125,0.00011444636766100302,0.020760810002684593,548.1337280273438,0.011612550355494022,6.436914920806885,0.16450841701589525
1614,6307.6943359375,0.00022673023340757936,0.045460887253284454,544.0089721679688,0.011949237436056137,6.427773475646973,0.1594405840151012
1615,11736.1787109375,9.303263504989445e-05,0.10034448653459549,559.4971313476562,0.011329300701618195,6.418642044067383,0.1652016660082154
1616,23353.37109375,0.0004046618996653706,0.21532054245471954,566.72412109375,0.012141247279942036,6.409510135650635,0.16689699998823926
1617,43806.21875,0.00010908803960774094,0.42107218503952026,597.5509643554688,0.010905388742685318,6.400368690490723,0.169300583016593
1618,72404.1328125,0.0011596857802942395,0.7036981582641602,665.5797729492188,0.0125277703627944,6.391178607940674,0.15026183403097093
1619,80221.484375,0.0006034617545083165,0.7849058508872986,614.89599609375,0.010556573048233986,6.3819050788879395,0.1491310420096852
1620,46487.34765625,0.003111853264272213,0.44220656156539917,730.5462036132812,0.012249600142240524,6.372480869293213,0.14748791698366404
1621,4761.8671875,0.0037369555793702602,0.025805363431572914,675.4353637695312,0.011322000995278358,6.362856388092041,0.14930520899361
1622,17106.0234375,0.00469184760004282,0.14825674891471863,695.1461181640625,0.011160168796777725,6.35301399230957,0.1880947090103291
1623,40413.39453125,0.007025610189884901,0.37685588002204895,786.6856079101562,0.012385562993586063,6.342966079711914,0.15492358297342435
1624,16295.052734375,0.006312929559499025,0.13830098509788513,705.2423095703125,0.011284190230071545,6.3327202796936035,0.16080054099438712
1625,4490.125,0.006661480292677879,0.01986386813223362,685.0717163085938,0.011525181122124195,6.322319030761719,0.16279270802624524
1626,25095.033203125,0.006920381914824247,0.22505246102809906,669.3947143554688,0.01228354126214981,6.311826705932617,0.16314466699259356
1627,14620.2939453125,0.005094469059258699,0.12301734834909439,663.2691040039062,0.011458427645266056,6.301296710968018,0.1608665000530891
1628,3012.1591796875,0.00434901425614953,0.007420455105602741,645.6688842773438,0.011895433068275452,6.290802955627441,0.16259550000540912
1629,17588.658203125,0.0036516468971967697,0.15297332406044006,652.9334106445312,0.01273227110505104,6.28042459487915,0.16583937499672174
1630,9939.9921875,0.0021173495333641768,0.07842842489480972,665.838623046875,0.012195765040814877,6.270223140716553,0.16358774999389425
1631,3182.4560546875,0.001452641561627388,0.010727828368544579,692.47998046875,0.012719289399683475,6.260260581970215,0.1669657080201432
1632,13642.2060546875,0.0010708109475672245,0.11408695578575134,760.3325805664062,0.013660963624715805,6.250589847564697,0.16122800001176074
1633,6017.927734375,0.00047195228398777544,0.03878355771303177,770.149658203125,0.013222268782556057,6.241240501403809,0.15363170899217948
1634,4185.23876953125,0.00027588504599407315,0.01991564966738224,811.5474243164062,0.013545379042625427,6.232231140136719,0.14941866701701656
1635,10710.68359375,0.00025428348453715444,0.08373682200908661,875.2305297851562,0.014363419264554977,6.223567962646484,0.14619875000789762
1636,3461.76318359375,0.00013430885155685246,0.012109262868762016,848.9659423828125,0.013884398154914379,6.215233325958252,0.14455304201692343
1637,5306.1357421875,0.0001250600180355832,0.030690021812915802,841.201904296875,0.013834254816174507,6.207201957702637,0.1536271670483984
1638,7753.1162109375,0.00024063291493803263,0.05440262705087662,848.7481079101562,0.01440042071044445,6.1994428634643555,0.15570424997713417
1639,2300.42529296875,0.00028485109214670956,0.0006558705936186016,811.4462280273438,0.013949069194495678,6.191911220550537,0.15730454202275723
1640,5899.005859375,0.0003812136419583112,0.03710753098130226,787.1353759765625,0.01362996269017458,6.1845622062683105,0.1612272079801187
1641,4980.9560546875,0.0006688912399113178,0.027441782876849174,768.9671020507812,0.014009217731654644,6.177358150482178,0.16272637498332188
1642,2428.907958984375,0.0008733408176340163,0.002249427605420351,742.9386596679688,0.013736923225224018,6.170258045196533,0.16815537499496713
1643,5625.4755859375,0.0010402500629425049,0.03463906794786453,722.7213745117188,0.013348226435482502,6.163224697113037,0.16305120900506154
1644,3035.66943359375,0.0013834655983373523,0.008312026038765907,702.847900390625,0.013632725924253464,6.1562371253967285,0.16081012500217184
1645,3186.12646484375,0.0016012751730158925,0.009789763018488884,687.5722045898438,0.013594504445791245,6.149276256561279,0.16107999999076128
1646,4587.568359375,0.0016554679023101926,0.024217911064624786,675.0999145507812,0.013251304626464844,6.142324924468994,0.15852341701975092
1647,2237.77734375,0.0018084612675011158,0.00043359739356674254,667.8403930664062,0.01345730945467949,6.135382652282715,0.1674567919690162
1648,3717.48583984375,0.0018568701343610883,0.015082736499607563,664.52978515625,0.013589954935014248,6.128452301025391,0.15275833301711828
1649,3354.67626953125,0.0017094287322834134,0.011964350938796997,655.858154296875,0.013314402662217617,6.121534824371338,0.14581408398225904
1650,2273.42724609375,0.0016219058306887746,0.0011541470885276794,653.4382934570312,0.01342383585870266,6.1146416664123535,0.15009229199495167
1651,3632.0029296875,0.0015171834966167808,0.014606817625463009,655.3416137695312,0.013642611913383007,6.1077880859375,0.15113608300453052
1652,2479.490966796875,0.0012748108711093664,0.003566710976883769,650.8248901367188,0.013445138931274414,6.100983619689941,0.15720125002553686
1653,2564.29638671875,0.0010880319168791175,0.004562189802527428,652.6420288085938,0.01346631906926632,6.094242095947266,0.1593251249869354
1654,3155.73388671875,0.0009617256000638008,0.010286001488566399,660.0699462890625,0.013708912767469883,6.087579727172852,0.1546577499830164
1655,2124.879638671875,0.0007694944506511092,0.0002812130842357874,661.3942260742188,0.013584146276116371,6.081005573272705,0.18108725000638515
1656,2738.287109375,0.0006213444285094738,0.00660120602697134,663.8943481445312,0.013521375134587288,6.074527740478516,0.17714166699443012
1657,2647.60009765625,0.0005560817662626505,0.0054979524575173855,669.8564453125,0.0137234041467309,6.0681538581848145,0.16429904103279114
1658,2101.07666015625,0.0004661433049477637,0.00021509391081053764,669.1138305664062,0.013638390228152275,6.06188440322876,0.16772683302406222
1659,2701.671142578125,0.0003964451898355037,0.006466459017246962,665.817626953125,0.013495630584657192,6.055716514587402,0.16968208400066942
1660,2283.080078125,0.00039794432814233005,0.002150887157768011,666.491943359375,0.013617048971354961,6.049645900726318,0.1669057920225896
1661,2173.05126953125,0.00039144334732554853,0.0011739623732864857,661.7025756835938,0.013548080809414387,6.043663501739502,0.1627292080083862
1662,2527.427001953125,0.0003845703322440386,0.0050118728540837765,652.7012329101562,0.013350813649594784,6.037755966186523,0.16560541599756107
1663,2079.458984375,0.00043681045644916594,0.000493098865263164,647.5587158203125,0.013389094732701778,6.031910419464111,0.16263499995693564
1664,2215.60693359375,0.0004885931848548353,0.0019415980204939842,639.49658203125,0.0133309131488204,6.0261125564575195,0.1467786249704659
1665,2318.51025390625,0.0005212555988691747,0.0032622411381453276,628.380126953125,0.013117805123329163,6.020345687866211,0.14764704200206324
1666,1991.4593505859375,0.0005996024119667709,1.2146638255217113e-05,620.465576171875,0.013098188675940037,6.014596939086914,0.14671616698615253
1667,2202.722900390625,0.0006747186416760087,0.002167993690818548,612.6904907226562,0.01305761095136404,6.008854389190674,0.1496039999765344
1668,2143.196044921875,0.0007067961851134896,0.0018197736935690045,604.2232055664062,0.0128631591796875,6.003107070922852,0.15815308399032801
1669,1964.80859375,0.0007628752500750124,9.162374044535682e-05,597.792236328125,0.012815664522349834,5.997348308563232,0.20180624997010455
1670,2148.375,0.0008105703163892031,0.0019511909922584891,592.5521240234375,0.01279646810144186,5.991573810577393,0.1793725419556722
1671,2018.18896484375,0.000801132177002728,0.0008710665279068053,587.46337890625,0.012635056860744953,5.985780715942383,0.17383762501413003
1672,1952.68212890625,0.000801331305410713,0.00031026583747006953,583.8800048828125,0.012576424516737461,5.9799699783325195,0.17331779102096334
1673,2072.356689453125,0.0008001843234524131,0.00153210642747581,581.794677734375,0.012573330663144588,5.974144458770752,0.18181562499376014
1674,1934.314697265625,0.0007499249768443406,0.0003561622288543731,579.4683837890625,0.012442375533282757,5.968307018280029,0.18141991697484627
1675,1933.4071044921875,0.0007092671585269272,0.00046469795051962137,578.2825927734375,0.012377279810607433,5.962461948394775,0.1980031670536846
1676,1993.8773193359375,0.0006817037356086075,0.0010954290628433228,578.2349243164062,0.012379290536046028,5.9566144943237305,0.1830747919739224
1677,1878.3123779296875,0.0006229024729691446,0.00011920578981516883,577.1533203125,0.012269482016563416,5.950768947601318,0.19684695801697671
1678,1905.1280517578125,0.0005766720278188586,0.0005121913854964077,576.5328369140625,0.012197088450193405,5.944929122924805,0.15923754195682704
1679,1925.7510986328125,0.0005527863977476954,0.0007457521860487759,576.4352416992188,0.012194620445370674,5.939098358154297,0.16669816698413342
1680,1839.057861328125,0.0005102911381982267,3.051105886697769e-05,575.2642822265625,0.012097133323550224,5.933278560638428,0.3124890829785727
1681,1871.51611328125,0.00047934887697920203,0.0004779900482390076,573.9887084960938,0.012017935514450073,5.927471160888672,0.16510104201734066
1682,1869.9334716796875,0.00047205068403854966,0.0004954948090016842,572.5791625976562,0.012005997821688652,5.921676158905029,0.16839395801071078
1683,1807.486328125,0.0004518365312833339,4.626854206435382e-06,570.296875,0.01191543135792017,5.915892601013184,0.17996329197194427
1684,1835.310302734375,0.0004395903670229018,0.0004062221269123256,567.5846557617188,0.011831444688141346,5.91011905670166,0.17863412498263642
1685,1823.37890625,0.00044845245429314673,0.000330144539475441,564.561279296875,0.011809580028057098,5.904353141784668,0.17400579201057553
1686,1777.964111328125,0.00044585351133719087,1.4734382602910046e-07,561.0137329101562,0.011723503470420837,5.898591995239258,0.19455241598188877
1687,1798.255126953125,0.00044711801456287503,0.0003244166437070817,557.2423706054688,0.01163859385997057,5.8928327560424805,0.19081216695485637
1688,1783.402587890625,0.00046572129940614104,0.00022420991444960237,553.4605102539062,0.011609490029513836,5.8870720863342285,0.18419470795197412
1689,1749.518798828125,0.0004716519033536315,1.0575695341685787e-07,549.5177612304688,0.011528252623975277,5.881307125091553,0.19326233299216256
1690,1763.0318603515625,0.0004772475513163954,0.0002500319096725434,545.6536254882812,0.01144650299102068,5.875534534454346,0.18859870795859024
1691,1748.8421630859375,0.0004953223397023976,0.0001589148596394807,542.0126953125,0.011414057575166225,5.869752407073975,0.16190424998058006
1692,1722.2772216796875,0.0004986495478078723,1.0085295798489824e-07,538.5226440429688,0.011338794603943825,5.863958835601807,0.16265787498559803
1693,1730.2259521484375,0.000498327543027699,0.000186920166015625,535.3411865234375,0.011263599619269371,5.858152866363525,0.16710391599917784
1694,1718.04296875,0.0005064287688583136,0.00011856109631480649,532.4290161132812,0.011231149546802044,5.852334022521973,0.17172491701785475
1695,1696.0341796875,0.000499142159242183,2.521323949622456e-08,529.8678588867188,0.01116249617189169,5.846502780914307,0.18094545899657533
1696,1699.443359375,0.00048787673586048186,0.00013495895836967975,527.627197265625,0.011095325462520123,5.8406596183776855,0.18794358300510794
1697,1689.505126953125,0.00048353918828070164,9.21722748898901e-05,525.5267333984375,0.011064072139561176,5.834806442260742,0.19121554197045043
1698,1670.538818359375,0.0004662951687350869,8.495792371832067e-07,523.74951171875,0.011000748723745346,5.828944683074951,0.18055200000526384
1699,1670.330078125,0.0004478669725358486,9.357844828628004e-05,522.1367797851562,0.010940488427877426,5.8230767250061035,0.1770624159835279
1700,1662.541015625,0.000437004811828956,7.381648174487054e-05,520.5466918945312,0.010909122414886951,5.817204475402832,0.17239162500482053
1701,1646.010498046875,0.000417215604102239,3.4832273740903474e-06,519.11962890625,0.0108482101932168,5.8113298416137695,0.18214283301495016
1702,1642.923583984375,0.00039967981865629554,6.0336809838190675e-05,517.7007446289062,0.010792211629450321,5.805454254150391,0.1790928749833256
1703,1636.9114990234375,0.0003899729927070439,5.9040074120275676e-05,516.1923217773438,0.010758179239928722,5.79957914352417,0.1691424999735318
1704,1622.6240234375,0.00037433687248267233,7.773316610837355e-06,514.7113037109375,0.010697017423808575,5.793705463409424,0.16756283299764618
1705,1617.2613525390625,0.0003628026752267033,3.534547067829408e-05,513.143310546875,0.010643032379448414,5.787833213806152,0.15341958298813552
1706,1612.364013671875,0.00035798686440102756,4.6352688514161855e-05,511.42852783203125,0.01060501579195261,5.781962871551514,0.15505008300533518
1707,1600.181640625,0.0003482693573459983,1.3299519196152687e-05,509.7493896484375,0.010542754083871841,5.776094436645508,0.16243795899208635
1708,1593.0474853515625,0.0003430874494370073,1.735263504087925e-05,507.9635314941406,0.010490398854017258,5.770226955413818,0.17846550000831485
1709,1588.5924072265625,0.00034241433604620397,3.4321099519729614e-05,506.05584716796875,0.010448630899190903,5.764359951019287,0.188673791999463
1710,1578.457763671875,0.0003368364414200187,1.886193422251381e-05,504.26495361328125,0.010386230424046516,5.758492469787598,0.1680463749798946
1711,1570.15625,0.0003355861408635974,6.0398897403501906e-06,502.3778076171875,0.010336157865822315,5.752624034881592,0.16481908300193027
1712,1565.51318359375,0.00033620663452893496,2.258301537949592e-05,500.4769287109375,0.010291572660207748,5.746753692626953,0.17434166703606024
1713,1557.27001953125,0.0003321229014545679,2.269645847263746e-05,498.7409973144531,0.010230470448732376,5.740880966186523,0.23271349997958168
1714,1548.532958984375,0.0003318144881632179,8.65475385580794e-07,496.9521484375,0.010183128528296947,5.7350053787231445,0.1792131660040468
1715,1543.2620849609375,0.0003313412598799914,1.2333481208770536e-05,495.2273864746094,0.010136672295629978,5.729126453399658,0.17141549999359995
1716,1536.5023193359375,0.00032660612487234175,2.3697721189819276e-05,493.680419921875,0.010077915154397488,5.7232441902160645,0.1748632090166211
1717,1527.9736328125,0.0003254094044677913,1.7130878404714167e-07,492.08837890625,0.01003327127546072,5.717358589172363,0.17398662498453632
1718,1521.853515625,0.0003224421525374055,4.4702474042424e-06,490.6080627441406,0.009985542856156826,5.711469650268555,0.1790250830235891
1719,1516.000732421875,0.00031640208908356726,2.0745734218508005e-05,489.27655029296875,0.00993009377270937,5.705577373504639,0.15696116600884125
1720,1508.2108154296875,0.0003135037259198725,2.070993105007801e-06,487.8907165527344,0.009887626394629478,5.699682235717773,0.15673295798478648
1721,1501.38330078125,0.0003081319446209818,4.52683025287115e-07,486.6312561035156,0.009838934987783432,5.693785190582275,0.1564955419744365
1722,1495.773681640625,0.0003012899833265692,1.474170494475402e-05,485.46173095703125,0.009787088260054588,5.6878862380981445,0.15802820899989456
1723,1488.935791015625,0.00029718634323216975,4.132100002607331e-06,484.22125244140625,0.009745826944708824,5.681986331939697,0.16217370802769437
1724,1481.8607177734375,0.00029056932544335723,4.193143468000926e-07,483.1014099121094,0.009696604683995247,5.676085948944092,0.1660995000274852
1725,1476.033203125,0.0002841975656338036,8.114665433822665e-06,481.9955749511719,0.009648063220083714,5.670185565948486,0.20092808397021145
1726,1469.9627685546875,0.00028011068934574723,4.559406988846604e-06,480.8131103515625,0.009606827050447464,5.664285659790039,0.18620829103747383
1727,1463.13134765625,0.0002739046176429838,2.8316756015556166e-06,479.7349548339844,0.009557228535413742,5.658386707305908,0.1854135839967057
1728,1456.95654296875,0.00026920181699097157,2.86063573184947e-06,478.6106872558594,0.009511396288871765,5.652489185333252,0.17596783401677385
1729,1451.249755859375,0.0002659842139109969,3.1481797577725956e-06,477.435302734375,0.00946901272982359,5.64659309387207,0.17171458300435916
1730,1444.94384765625,0.00026114017236977816,5.419206900114659e-06,476.3464660644531,0.009419414214789867,5.640698432922363,0.17570041597355157
1731,1438.6119384765625,0.00025845400523394346,3.241520971641876e-07,475.1781921386719,0.0093755591660738,5.634805202484131,0.17994758300483227
1732,1432.881591796875,0.0002560582652222365,1.0895112154685194e-06,474.0105285644531,0.00933156255632639,5.628913402557373,0.18067958299070597
1733,1427.0721435546875,0.0002526361495256424,6.126920197857544e-06,472.90350341796875,0.009282923303544521,5.62302303314209,0.16332975000841543
1734,1420.891357421875,0.0002511528437025845,1.0237295100523625e-07,471.7210388183594,0.009240448474884033,5.617133617401123,0.15949104202445596
1735,1415.02490234375,0.0002490018669050187,1.3536919141188264e-08,470.5836486816406,0.009195396676659584,5.611245155334473,0.15793791698524728
1736,1409.45068359375,0.000246264913585037,4.670033376896754e-06,469.48944091796875,0.009148676879703999,5.605357646942139,0.16815591702470556
1737,1403.6337890625,0.0002449683379381895,7.16369186193333e-07,468.337646484375,0.009107276797294617,5.599471092224121,0.1705308749806136
1738,1397.7457275390625,0.00024223700165748596,6.563370789081091e-07,467.26953125,0.00906186830252409,5.593585014343262,0.17573620798066258
1739,1392.1690673828125,0.0002396206109551713,2.187881364079658e-06,466.2089538574219,0.009017792530357838,5.587699890136719,0.19639449997339398
1740,1386.65478515625,0.0002376024058321491,7.73985675550648e-07,465.12677001953125,0.00897690374404192,5.58181619644165,0.1945965419872664
1741,1380.96826171875,0.00023420418438035995,2.2034257654013345e-06,464.1256103515625,0.008932019583880901,5.575933456420898,0.1924705000128597
1742,1375.3350830078125,0.0002314140001544729,3.9318024391832296e-07,463.1073913574219,0.008890469558537006,5.570052146911621,0.1941779999760911
1743,1369.928955078125,0.00022858285228721797,1.899470589705743e-07,462.10052490234375,0.008849511854350567,5.564172744750977,0.18099762499332428
1744,1364.5113525390625,0.00022484402870759368,2.8332806323305704e-06,461.1550598144531,0.008805885910987854,5.558295726776123,0.18638749996898696
1745,1358.9862060546875,0.0002219930902356282,4.330104275140911e-09,460.17156982421875,0.008766149170696735,5.5524210929870605,0.1866566669777967
1746,1353.5816650390625,0.00021864005248062313,6.05396053288132e-08,459.225830078125,0.008724858053028584,5.546548843383789,0.18535520799923688
1747,1348.3092041015625,0.00021502748131752014,2.031383928624564e-06,458.30938720703125,0.00868293922394514,5.540679931640625,0.1685932920081541
1748,1343.0030517578125,0.00021224835654720664,1.6043486539274454e-07,457.3545837402344,0.008644076064229012,5.53481388092041,0.16756750002969056
1749,1337.657958984375,0.0002086823369609192,8.539800546714105e-07,456.4573059082031,0.00860247015953064,5.528951644897461,0.17150812497129664
1750,1332.409423828125,0.0002056299999821931,6.455650236603105e-07,455.5401611328125,0.008562417700886726,5.523093223571777,0.17358975001843646
1751,1327.25927734375,0.00020300419419072568,5.593756213784218e-08,454.61083984375,0.008523424156010151,5.517238616943359,0.17643116600811481
1752,1322.086669921875,0.00019983200763817877,1.5679406715207733e-06,453.7280578613281,0.008482186123728752,5.511388301849365,0.18263975001173094
1753,1316.908935546875,0.00019749984494410455,3.859531716443598e-08,452.8083190917969,0.008443467319011688,5.505542278289795,0.19566845905501395
1754,1311.80615234375,0.00019503483781591058,6.828122423030436e-08,451.9080810546875,0.008403877727687359,5.499700546264648,0.1931577919749543
1755,1306.768798828125,0.00019252410857006907,1.259949385712389e-06,451.02520751953125,0.008363651111721992,5.493863582611084,0.19568633299786597
1756,1301.7288818359375,0.00019064803200308233,8.036295184865594e-09,450.1145935058594,0.008325486443936825,5.488030910491943,0.18911937496159226
1757,1296.696533203125,0.00018838333198800683,5.540462097997079e-07,449.2430114746094,0.008285597898066044,5.482203006744385,0.18533233302878216
1758,1291.724365234375,0.0001864071236923337,5.000604232918704e-07,448.3652038574219,0.008246684446930885,5.476379871368408,0.17949575005332008
1759,1286.806884765625,0.00018466159235686064,5.820766091346741e-11,447.4859313964844,0.008208547718822956,5.470561504364014,0.18388237501494586
1760,1281.8948974609375,0.000182502088136971,9.827638223214308e-07,446.6447448730469,0.008169016800820827,5.464747905731201,0.1541240829974413
1761,1277.0028076171875,0.00018077016284223646,6.459436008299235e-08,445.78411865234375,0.008131352253258228,5.458939075469971,0.15145137498620898
1762,1272.1494140625,0.0001787961518857628,1.3868907444702927e-07,444.94842529296875,0.008093074895441532,5.453135013580322,0.15462545794434845
1763,1267.346435546875,0.0001766649802448228,8.087672540568747e-07,444.1322021484375,0.008054668083786964,5.447335720062256,0.15457891701953486
1764,1262.5631103515625,0.00017483964620623738,1.9122126104775816e-10,443.3009338378906,0.008017782121896744,5.44154167175293,0.16650891699828207
1765,1257.788818359375,0.00017256465798709542,6.364027740346501e-07,442.5087585449219,0.007979599758982658,5.435752868652344,0.164123542024754
1766,1253.048828125,0.00017053488409146667,2.3424604478350375e-07,441.707763671875,0.007942642085254192,5.429969787597656,0.17004233301850036
1767,1248.359130859375,0.00016851713007781655,4.895264282822609e-08,440.9159240722656,0.007905866019427776,5.424191951751709,0.1676271670148708
1768,1243.6864013671875,0.0001662315335124731,7.139497029129416e-07,440.14959716796875,0.007868423126637936,5.41841983795166,0.16310591599904
1769,1239.0335693359375,0.0001642853021621704,3.878290044667665e-08,439.36785888671875,0.007832333445549011,5.412653923034668,0.16786487499484792
1770,1234.407958984375,0.000162125812494196,3.312491116957972e-07,438.6092224121094,0.007795530837029219,5.406894207000732,0.1674175420193933
1771,1229.8203125,0.00016013142885640264,3.3953347156057134e-07,437.8506164550781,0.007759226020425558,5.4011406898498535,0.1807862920104526
1772,1225.260986328125,0.00015821834676899016,6.195568857947364e-08,437.0924987792969,0.007723403628915548,5.395393371582031,0.18295975000364706
1773,1220.71875,0.0001561886165291071,4.6886634663678706e-07,436.3514099121094,0.007687015924602747,5.389652729034424,0.17275645805057138
1774,1216.203369140625,0.00015440298011526465,1.5400678421428893e-07,435.603515625,0.007651440799236298,5.383918762207031,0.1615770420175977
1775,1211.718994140625,0.00015260993677657098,1.4011334315000568e-07,434.8689270019531,0.007615750655531883,5.3781914710998535,0.18692112498683855
1776,1207.2628173828125,0.00015076881390996277,4.899957275483757e-07,434.14141845703125,0.007579955272376537,5.372471332550049,0.16647670802194625
1777,1202.832763671875,0.00014919356908649206,4.2630063035176136e-08,433.4001770019531,0.00754508888348937,5.366757869720459,0.16440983401844278
1778,1198.4208984375,0.0001474426971981302,4.1316161514259875e-07,432.6841735839844,0.007509510964155197,5.361051559448242,0.33316733298124745
1779,1194.0382080078125,0.00014591088984161615,1.8417267710901797e-07,431.9571228027344,0.007474715355783701,5.355352401733398,0.18005383299896494
1780,1189.6790771484375,0.00014433982141781598,1.2926557246828452e-07,431.2414245605469,0.007439907640218735,5.349660396575928,0.2003915419918485
1781,1185.350341796875,0.0001427558745490387,4.2800456867553294e-07,430.5358581542969,0.007404961157590151,5.34397554397583,0.18199075001757592
1782,1181.04150390625,0.0001413365243934095,6.195568857947364e-08,429.8195495605469,0.007370821665972471,5.3382978439331055,0.1748697500443086
1783,1176.7593994140625,0.00013978470815345645,3.66731001122389e-07,429.12469482421875,0.007336195558309555,5.332627773284912,0.19160741701489314
1784,1172.4951171875,0.00013831433898303658,1.760781742632389e-07,428.4253845214844,0.007302207872271538,5.32696533203125,0.18134225002722815
1785,1168.257568359375,0.00013684896111954004,1.4479246601695195e-07,427.7303771972656,0.007268277928233147,5.321310520172119,0.17458150000311434
1786,1164.04736328125,0.00013531094009522349,3.3676064958854113e-07,427.04864501953125,0.007234339136630297,5.3156633377075195,0.17185087502002716
1787,1159.8564453125,0.0001338891888735816,1.2518376024672762e-07,426.3598937988281,0.007200951687991619,5.310023784637451,0.16777325002476573
1788,1155.6890869140625,0.00013238989049568772,2.0176321413600817e-07,425.6861877441406,0.0071674371138215065,5.304391860961914,0.16919862502254546
1789,1151.550537109375,0.00013090448919683695,3.007016857736744e-07,425.0164489746094,0.007134136278182268,5.298768043518066,0.16598337498726323
1790,1147.433837890625,0.00012948714720550925,8.322444955410901e-08,424.34381103515625,0.007101330440491438,5.293152332305908,0.1767542500165291
1791,1143.3363037109375,0.00012795883230865002,3.621253199526109e-07,423.6847839355469,0.0070681944489479065,5.2875447273254395,0.16520525002852082
1792,1139.2603759765625,0.00012656561739277095,1.0793905858008657e-07,423.0215759277344,0.007035714108496904,5.28194522857666,0.18970233300933614
1793,1135.2044677734375,0.00012508667714428157,2.412207322777249e-07,422.3694152832031,0.0070030223578214645,5.2763543128967285,0.19446787500055507
1794,1131.1768798828125,0.00012370923650451005,2.1481901057995856e-07,421.7121887207031,0.006970723159611225,5.2707719802856445,0.17554462503176183
1795,1127.167236328125,0.0001223512808792293,1.2116743164369836e-07,421.0615234375,0.00693858414888382,5.265198230743408,0.18513729103142396
1796,1123.185546875,0.00012096935097360983,3.3070045901695266e-07,420.4180603027344,0.006906375288963318,5.2596330642700195,0.19313679198967293
1797,1119.225830078125,0.0001197178426082246,9.37152435653843e-08,419.7699890136719,0.006874747108668089,5.2540764808654785,0.18985799996880814
1798,1115.277099609375,0.00011835869372589514,2.540330115152756e-07,419.1328125,0.0068428306840360165,5.248528957366943,0.18122420797590166
1799,1111.355712890625,0.00011710145190590993,1.9920116756111383e-07,418.4967956542969,0.006811288185417652,5.242990016937256,0.1805242500267923
1800,1107.453857421875,0.0001158560553449206,1.1205065675312653e-07,417.86187744140625,0.0067799510434269905,5.237460136413574,0.16173150000395253
1801,1103.5791015625,0.00011458924564067274,3.3620744943618774e-07,417.2353515625,0.006748512387275696,5.231939315795898,0.1569149999995716
1802,1099.720703125,0.00011344491213094443,7.72818111727247e-08,416.6058044433594,0.006717626936733723,5.2264275550842285,0.15722695796284825
1803,1095.8858642578125,0.00011221537715755403,2.711349225137383e-07,415.9883728027344,0.0066864886321127415,5.220925331115723,0.1673856670386158
1804,1092.0673828125,0.00011105660087196156,1.7487968761997763e-07,415.3689270019531,0.006655754055827856,5.215432167053223,0.17874858301365748
1805,1088.275634765625,0.0001099238361348398,1.1558972801140044e-07,414.75341796875,0.006625182926654816,5.2099480628967285,0.18398950004484504
1806,1084.4967041015625,0.00010868997196666896,3.2036246011557523e-07,414.14703369140625,0.0065944865345954895,5.204473495483398,0.19089241599431261
1807,1080.743896484375,0.0001076138942153193,7.207040653156582e-08,413.5302429199219,0.006564449984580278,5.199008464813232,0.18711924995295703
1808,1077.0089111328125,0.00010643244604580104,2.913620846811682e-07,412.93316650390625,0.0065340339206159115,5.1935529708862305,0.17749541701050475
1809,1073.29296875,0.00010531746374908835,1.2383770808810368e-07,412.3314514160156,0.006504173390567303,5.188107013702393,0.18129487498663366
1810,1069.596435546875,0.00010418888268759474,1.7808474694902543e-07,411.7348327636719,0.0064742485992610455,5.182670593261719,0.16866116703022271
1811,1065.91845703125,0.0001030627463478595,2.1217510948190466e-07,411.1415710449219,0.0064444937743246555,5.177244186401367,0.18106129200896248
1812,1062.2664794921875,0.00010200050746789202,1.205044100061059e-07,410.5483703613281,0.006415059790015221,5.17182731628418,0.1839937919867225
1813,1058.625244140625,0.00010088390263263136,2.2105177777120844e-07,409.9654235839844,0.006385493092238903,5.1664204597473145,0.18182537495158613
1814,1055.010986328125,9.985919314203784e-05,1.4406759873963892e-07,409.3764343261719,0.006356342695653439,5.1610236167907715,0.15664658299647272
1815,1051.412109375,9.878283162834123e-05,1.7209913494298235e-07,408.79498291015625,0.0063272155821323395,5.155636787414551,0.15616412501549348
1816,1047.835205078125,9.774648060556501e-05,1.8213199837191496e-07,408.21795654296875,0.006298243999481201,5.150259971618652,0.15511783299734816
1817,1044.27392578125,9.671794396126643e-05,1.35862364913919e-07,407.6399841308594,0.00626948568969965,5.144893169403076,0.16307525004958734
1818,1040.7364501953125,9.569017129251733e-05,2.1614710021822248e-07,407.06951904296875,0.006240762770175934,5.1395368576049805,0.17370158398989588
1819,1037.2115478515625,9.47027001529932e-05,1.1205065675312653e-07,406.49688720703125,0.00621233182027936,5.134190559387207,0.1829018749995157
1820,1033.7078857421875,9.370649786433205e-05,2.1129744709469378e-07,405.9316101074219,0.006183845456689596,5.128854751586914,0.19662912498461083
1821,1030.2225341796875,9.273966861655936e-05,1.3904445950174704e-07,405.367919921875,0.0061556678265333176,5.123528957366943,0.19882200000574812
1822,1026.758056640625,9.176985622616485e-05,1.701266683085123e-07,404.81005859375,0.006127540022134781,5.118213653564453,0.1919972500181757
1823,1023.30810546875,9.082673204829916e-05,1.6311992112605367e-07,404.2529296875,0.00609956169500947,5.112908840179443,0.18080375000135973
1824,1019.88037109375,8.991899085231125e-05,1.3306475921126548e-07,403.69671630859375,0.006071784533560276,5.107614517211914,0.1734229589928873
1825,1016.4666748046875,8.89775765244849e-05,2.0563697944453452e-07,403.1448974609375,0.006044034380465746,5.102331161499023,0.1714682910242118
1826,1013.06884765625,8.807356061879545e-05,1.0298413144482765e-07,402.5932922363281,0.006016578990966082,5.097058296203613,0.19414233299903572
1827,1009.6970825195312,8.717637683730572e-05,2.2691915546602104e-07,402.0466613769531,0.005989100784063339,5.091795921325684,0.17739333299687132
1828,1006.34033203125,8.630593947600573e-05,9.400741873832885e-08,401.5,0.005962003488093615,5.086544513702393,0.17207083298126236
1829,1002.9971313476562,8.539139525964856e-05,2.255583240184933e-07,400.962158203125,0.005934732500463724,5.081303596496582,0.1725692079635337
1830,999.6717529296875,8.454309136141092e-05,1.101434463635087e-07,400.41900634765625,0.005907874088734388,5.07607364654541,0.1656915420317091
1831,996.364013671875,8.36554027046077e-05,1.7170373212138657e-07,399.88275146484375,0.0058809854090213776,5.070854663848877,0.18309137498727068
1832,993.07958984375,8.280493784695864e-05,1.5325917956943158e-07,399.34918212890625,0.005854345858097076,5.065646648406982,0.17657658300595358
1833,989.8062744140625,8.195126429200172e-05,1.348098521702923e-07,398.8166198730469,0.005827810615301132,5.060449600219727,0.18087500002002344
1834,986.5525512695312,8.111704664770514e-05,1.5815112419659272e-07,398.2900085449219,0.0058013503439724445,5.055263519287109,0.17964749998645857
1835,983.3154296875,8.027641160879284e-05,1.558837539050728e-07,397.7649841308594,0.005775072146207094,5.050088405609131,0.16506037500221282
1836,980.0986328125,7.94699153630063e-05,1.1494216778373811e-07,397.24102783203125,0.005748990923166275,5.044924259185791,0.20938816596753895
1837,976.8931884765625,7.861779886297882e-05,2.0780498743988574e-07,396.7250061035156,0.005722856614738703,5.039771556854248,0.192453249997925
1838,973.7066650390625,7.786702190060169e-05,7.861308404244483e-08,396.20269775390625,0.005697093904018402,5.034629821777344,0.1882856250158511
1839,970.5394287109375,7.705704774707556e-05,2.3609595700690988e-07,395.6909484863281,0.005671191494911909,5.029499530792236,0.19156883301911876
1840,967.3837890625,7.630544860148802e-05,8.516144589520991e-08,395.1744384765625,0.005645703058689833,5.024380207061768,0.18532074999529868
1841,964.2474365234375,7.55171276978217e-05,1.7448110156692564e-07,394.6678771972656,0.005620104260742664,5.019272327423096,0.1714565419824794
1842,961.1204833984375,7.472362631233409e-05,1.5967179933795705e-07,394.16009521484375,0.005594720598310232,5.014175891876221,0.1668185000307858
1843,958.0208129882812,7.402146729873493e-05,7.284052117029205e-08,393.6512451171875,0.005569601431488991,5.009090900421143,0.1654887089971453
1844,954.9373779296875,7.322976307477802e-05,2.887938990170369e-07,393.1517028808594,0.005544337909668684,5.004016876220703,0.1770494999946095
1845,951.8626708984375,7.255396485561505e-05,3.0126102501526475e-08,392.6421203613281,0.005519621539860964,4.9989542961120605,0.16129687504144385
1846,948.80517578125,7.174492202466354e-05,3.445532001933316e-07,392.15264892578125,0.005494436249136925,4.993903636932373,0.1637215000228025
1847,945.7659912109375,7.111120066838339e-05,2.0463630789890885e-08,391.64599609375,0.005470068659633398,4.988864421844482,0.18104604200925678
1848,942.7428588867188,7.032326539047062e-05,3.621253199526109e-07,391.1612548828125,0.005445130635052919,4.983836650848389,0.1864088749862276
1849,939.7310791015625,6.96729839546606e-05,1.7572347132954746e-08,390.6586608886719,0.0054210335947573185,4.978820323944092,0.19783329201163724
1850,936.7392578125,6.89178123138845e-05,3.456736976659158e-07,390.17742919921875,0.005396354477852583,4.97381591796875,0.1752310420270078
1851,933.7619018554688,6.829476478742436e-05,2.5976078177336603e-08,389.6791076660156,0.005372507032006979,4.968822956085205,0.18145879096118733
1852,930.7999267578125,6.754222704330459e-05,2.996566763613373e-07,389.2015075683594,0.005348142236471176,4.963841915130615,0.1724907910102047
1853,927.850341796875,6.691666203550994e-05,4.106937012693379e-08,388.7085876464844,0.005324459634721279,4.958872318267822,0.1740997500019148
1854,924.9170532226562,6.618923362111673e-05,2.2737367544323206e-07,388.2337646484375,0.005300416145473719,4.953914642333984,0.17025604197988287
1855,921.9996337890625,6.555936124641448e-05,8.15819021227071e-08,387.7496643066406,0.005276858806610107,4.948968410491943,0.15904262498952448
1856,919.0952758789062,6.488256622105837e-05,1.6660487744957209e-07,387.2757873535156,0.005253145936876535,4.944034099578857,0.15978037501918152
1857,916.2120971679688,6.425991887226701e-05,1.0668941285985056e-07,386.7984619140625,0.005229769740253687,4.939111709594727,0.15887916699284688
1858,913.343017578125,6.360224506352097e-05,1.3797966857964639e-07,386.3278503417969,0.005206411704421043,4.934201240539551,0.16345375002129003
1859,910.48388671875,6.29564601695165e-05,1.1689030543493573e-07,385.8568115234375,0.005183197557926178,4.92930269241333,0.15963504096725956
1860,907.6400146484375,6.231585575733334e-05,1.4226338862499688e-07,385.38751220703125,0.005160067230463028,4.9244160652160645,0.1638717080350034
1861,904.8145751953125,6.171129643917084e-05,1.0115604709426407e-07,384.91766357421875,0.0051371571607887745,4.919541358947754,0.17054825002560392
1862,902.0040283203125,6.109663809183985e-05,1.6158287508005742e-07,384.45635986328125,0.005114218220114708,4.914678573608398,0.17470949998823926
1863,899.2029418945312,6.0498965467559174e-05,8.627830538898706e-08,383.99078369140625,0.005091536324471235,4.909827709197998,0.17750633298419416
1864,896.4189453125,5.988208795315586e-05,1.5777209227962885e-07,383.5324401855469,0.005068825092166662,4.904988765716553,0.18179295799927786
1865,893.650634765625,5.930600673309527e-05,1.0329040378564969e-07,383.0726623535156,0.005046370439231396,4.9001617431640625,0.19282787496922538
1866,890.8958740234375,5.8723573602037504e-05,1.2283294381632004e-07,382.61688232421875,0.005023943725973368,4.8953471183776855,0.18404833297245204
1867,888.1568603515625,5.8137651649303734e-05,1.2789769243681803e-07,382.1620178222656,0.005001682322472334,4.890544414520264,0.1956272079842165
1868,885.4283447265625,5.755466554546729e-05,1.0951134754577652e-07,381.70758056640625,0.004979543387889862,4.885753631591797,0.18489925004541874
1869,882.7152709960938,5.697372034774162e-05,1.3167687029636e-07,381.2569274902344,0.004957478027790785,4.880975246429443,0.1657396659720689
1870,880.0181884765625,5.64136280445382e-05,9.814561963139568e-08,380.8081359863281,0.00493558868765831,4.876208782196045,0.16314162500202656
1871,877.3295288085938,5.583313759416342e-05,1.4370584722200874e-07,380.3630676269531,0.004913687705993652,4.87145471572876,0.15671045798808336
1872,874.6609497070312,5.529641930479556e-05,7.834591997379903e-08,379.91607666015625,0.004892074037343264,4.86671257019043,0.1620401669642888
1873,872.0029296875,5.47181953152176e-05,2.0176321413600817e-07,379.4746398925781,0.00487036257982254,4.861982822418213,0.3194247499923222
1874,869.3642578125,5.423427501227707e-05,2.690649125725031e-08,379.02740478515625,0.004849107004702091,4.857264995574951,0.17423854203661904
1875,866.7364501953125,5.363806849345565e-05,3.439936335780658e-07,378.5975646972656,0.004827406723052263,4.852559566497803,0.16926975001115352
1876,864.1258544921875,5.321024946169928e-05,1.4551915228366852e-11,378.14453125,0.00480660330504179,4.847866058349609,0.1944361250498332
1877,861.5338134765625,5.257476004771888e-05,6.026275514159352e-07,377.7266540527344,0.004784893710166216,4.843184947967529,0.19227137498091906
1878,858.95654296875,5.22132140758913e-05,6.483696779469028e-08,377.2668151855469,0.004764619283378124,4.8385162353515625,0.18341645802138373
1879,856.4093017578125,5.1514394726837054e-05,1.2546026937343413e-06,376.8673400878906,0.004742650780826807,4.833859920501709,0.17992329102708027
1880,853.89404296875,5.1258884923299775e-05,5.239426172920503e-07,376.39141845703125,0.004723243415355682,4.8292155265808105,0.18482170801144093
1881,851.4383544921875,5.039457028033212e-05,3.1026584110804833e-06,376.0233459472656,0.004700652789324522,4.824583530426025,0.18654541700379923
1882,849.0745849609375,5.0376798753859475e-05,2.6114596494153375e-06,375.51239013671875,0.004682634025812149,4.8199639320373535,0.1654660000349395
1883,846.8912353515625,4.924521272187121e-05,9.02446117834188e-06,375.1999206542969,0.004658643156290054,4.815356731414795,0.17148158396594226
1884,845.0445556640625,4.964085383107886e-05,1.1461906979093328e-05,374.620849609375,0.004643133841454983,4.810761451721191,0.17126812500646338
1885,843.8447875976562,4.793150583282113e-05,3.0222017812775448e-05,374.4169006347656,0.004616125486791134,4.806178569793701,0.1859278330230154
1886,843.9110107421875,4.9149053666042164e-05,4.7620866098441184e-05,373.6962890625,0.004605377092957497,4.801608085632324,0.18023787497077137
1887,846.5772705078125,4.632996569853276e-05,0.00011018896475434303,373.7082214355469,0.004572171252220869,4.7970499992370605,0.17798366700299084
1888,854.6220092773438,4.921426443615928e-05,0.00019912151037715375,372.7073974609375,0.0045708101242780685,4.79250431060791,0.17968745803227648
1889,874.055419921875,4.4082702515879646e-05,0.00044011540012434125,373.17999267578125,0.004524555988609791,4.787971019744873,0.1821154580102302
1890,917.816650390625,5.0547008868306875e-05,0.0008686475921422243,371.6053771972656,0.00454291794449091,4.783449649810791,0.17998883296968415
1891,1013.6136474609375,4.064309177920222e-05,0.0018956901039928198,373.1203918457031,0.004468599334359169,4.7789411544799805,0.17790983396116644
1892,1223.066162109375,5.499543476616964e-05,0.003941795323044062,370.45428466796875,0.0045293280854821205,4.774444103240967,0.22067483299179003
1893,1679.8123779296875,3.509502857923508e-05,0.008623729459941387,374.5057678222656,0.004394242074340582,4.769959449768066,0.191667957988102
1894,2687.70654296875,6.857878906885162e-05,0.018557505682110786,370.23187255859375,0.004548662342131138,4.76548433303833,0.17699395801173523
1895,4881.59326171875,2.7484084057505243e-05,0.04069788381457329,380.9248046875,0.004281316883862019,4.761020183563232,0.17509783298010007
1896,9678.126953125,0.00011642646859399974,0.08824238181114197,377.568603515625,0.004646779969334602,4.756558418273926,0.16604087501764297
1897,19438.078125,2.522935756132938e-05,0.18621134757995605,404.2575988769531,0.004101625178009272,4.752098083496094,0.16585574997588992
1898,37980.3984375,0.0003370508784428239,0.3703096807003021,424.0704040527344,0.004916516598314047,4.747610569000244,0.17533191601978615
1899,62900.71484375,0.00010615959763526917,0.6205147504806519,450.77227783203125,0.003878480987623334,4.74307918548584,0.17284199997084215
1900,79484.875,0.0013806559145450592,0.7827861905097961,540.5975952148438,0.0052759782411158085,4.738426208496094,0.19231808301992714
1901,54039.921875,0.0012956534046679735,0.5306352972984314,447.2737121582031,0.003995500039309263,4.733591556549072,0.18656225001905113
1902,9377.2763671875,0.003569459542632103,0.07988347113132477,537.5250244140625,0.004944575950503349,4.72850227355957,0.18546158296521753
1903,8170.74267578125,0.0050743743777275085,0.0656767189502716,583.037841796875,0.0051259505562484264,4.723121166229248,0.18684516596840695
1904,35038.96875,0.005248024128377438,0.3350234627723694,553.48876953125,0.004583314526826143,4.717441558837891,0.19779237499460578
1905,23010.392578125,0.007067929953336716,0.21162328124046326,595.1411743164062,0.005461304914206266,4.711493492126465,0.1750967080006376
1906,1730.6251220703125,0.006831033155322075,1.9119601347483695e-05,538.3302001953125,0.00507279671728611,4.705308437347412,0.19884412502869964
1907,18231.333984375,0.005948001053184271,0.1664503812789917,516.1367797851562,0.0047535705380141735,4.698948860168457,0.1855789580149576
1908,19399.826171875,0.0057344501838088036,0.177909716963768,493.2685546875,0.005421391688287258,4.692512035369873,0.1749665830284357
1909,1702.022705078125,0.004261691123247147,0.0030007967725396156,470.3179626464844,0.00505455955862999,4.686075687408447,0.167432792019099
1910,11939.5966796875,0.002880403771996498,0.1067810133099556,479.6026611328125,0.004938528407365084,4.679731845855713,0.16799987497506663
1911,13833.6318359375,0.0021492401137948036,0.12533767521381378,510.8095703125,0.005741311702877283,4.673584461212158,0.16971987497527152
1912,1318.699462890625,0.001165302935987711,0.0011077418457716703,534.1588745117188,0.005572360474616289,4.6677045822143555,0.17799662501784042
1913,9584.14453125,0.0005297241732478142,0.08399242907762527,576.0087280273438,0.005559198558330536,4.662154674530029,0.18414683401351795
1914,9397.01171875,0.00031070696422830224,0.08074861019849777,651.0403442382812,0.006400397978723049,4.656991958618164,0.1984622500021942
1915,1323.0216064453125,0.00010914033919107169,0.0001178353195427917,672.0679321289062,0.006282560992985964,4.652233123779297,0.1765017499565147
1916,8411.6005859375,2.6760830223793164e-05,0.07108885049819946,687.8339233398438,0.006122048012912273,4.647876739501953,0.19355900003574789
1917,5928.99169921875,3.189134440617636e-05,0.04533439874649048,718.0116577148438,0.006743511650711298,4.643915176391602,0.18067933298880234
1918,1726.674072265625,3.2345338695449755e-05,0.003639756003394723,701.946533203125,0.006575173698365688,4.6403093338012695,0.18712329195113853
1919,7182.2724609375,4.559855005936697e-05,0.05874836444854736,681.8976440429688,0.006209786050021648,4.6370062828063965,0.17359425005270168
1920,3266.892578125,0.0001399961911374703,0.01933344639837742,662.2146606445312,0.006573336664587259,4.633962154388428,0.17903029202716425
1921,2413.6123046875,0.0002690961991902441,0.011084062978625298,632.900634765625,0.006453956943005323,4.631118297576904,0.1664528339751996
1922,5612.77197265625,0.0004198128590360284,0.04358622059226036,608.0257568359375,0.006041425745934248,4.628411293029785,0.16618008399382234
1923,1695.000732421875,0.0006882243906147778,0.004212680738419294,578.12841796875,0.006267817225307226,4.625801086425781,0.16204120899783447
1924,3137.905029296875,0.000961097190156579,0.018566276878118515,554.9999389648438,0.006301676854491234,4.623249530792236,0.16572024999186397
1925,3902.968505859375,0.00117643887642771,0.02650720253586769,537.5713500976562,0.0059703318402171135,4.620713233947754,0.16814141598297283
1926,1276.84765625,0.0014113347278907895,4.1729108488652855e-06,522.719970703125,0.006125768180936575,4.61817741394043,0.16594958398491144
1927,3442.83349609375,0.001576177659444511,0.021404897794127464,515.864990234375,0.006288609933108091,4.615636348724365,0.1699062919942662
1928,2449.765625,0.0016176598146557808,0.011770284734666348,506.2237548828125,0.00604747561737895,4.613076686859131,0.17138850002083927
1929,1555.26171875,0.0016103275120258331,0.002793854335322976,502.63555908203125,0.00612207967787981,4.6105055809021,0.1728535410366021
1930,3121.17138671875,0.001539515913464129,0.018283043056726456,505.20556640625,0.0063370997086167336,4.607942581176758,0.18344583304133266
1931,1553.80712890625,0.001376959728077054,0.002990618348121643,500.2282409667969,0.006168211344629526,4.605395317077637,0.17887574998894706
1932,1923.97705078125,0.0011936909286305308,0.0068596950732171535,501.91827392578125,0.006167201790958643,4.60288143157959,0.17839141702279449
1933,2454.40234375,0.0010174609487876296,0.012018028646707535,511.3566589355469,0.006394966039806604,4.600429058074951,0.1713406250346452
1934,1236.001953125,0.0008177473209798336,9.656324982643127e-05,514.5951538085938,0.006299756467342377,4.598052501678467,0.18013554200297222
1935,2078.08154296875,0.0006412680959329009,0.008692056871950626,520.4164428710938,0.006243324838578701,4.595766067504883,0.17820154200308025
1936,1839.5498046875,0.0005160241271369159,0.006111565046012402,531.8408813476562,0.006449499633163214,4.59359073638916,0.15867550001712516
1937,1266.478759765625,0.0004031046701129526,0.0004903919179923832,536.3660278320312,0.0064076310954988,4.591533184051514,0.1606461249757558
1938,2000.087890625,0.0003176012833137065,0.00800733920186758,537.7288818359375,0.006298649124801159,4.58959436416626,0.1576877090265043
1939,1442.406494140625,0.00027867202879860997,0.0022688282188028097,543.3859252929688,0.006442704237997532,4.587777614593506,0.15960850002011284
1940,1382.615966796875,0.00025336805265396833,0.0017254252452403307,542.5807495117188,0.0064215580932796,4.586075305938721,0.17242266703397036
1941,1786.9324951171875,0.0002413676120340824,0.006001499947160482,535.7479248046875,0.006268978118896484,4.58447265625,0.1787323749740608
1942,1239.94189453125,0.0002630102098919451,0.0004706789623014629,532.9395751953125,0.006336333695799112,4.582956314086914,0.1819623329793103
1943,1445.478759765625,0.0002963053993880749,0.002575249643996358,526.2071533203125,0.006321160588413477,4.581509113311768,0.172771165962331
1944,1543.9676513671875,0.0003328902239445597,0.003809345420449972,514.4266357421875,0.006153174210339785,4.580107688903809,0.20076270797289908
1945,1162.27294921875,0.00039471438503824174,2.8865017611678923e-06,506.29730224609375,0.006162155885249376,4.578733921051025,0.18512391700642183
1946,1435.5836181640625,0.0004617628001142293,0.002757728099822998,497.9472961425781,0.006156872492283583,4.577371120452881,0.18285691598430276
1947,1345.657958984375,0.000514600716996938,0.002060177270323038,487.7625427246094,0.00600417610257864,4.576000690460205,0.17130575003102422
1948,1151.446044921875,0.0005741213099099696,0.0001525245315860957,480.4891052246094,0.005982924252748489,4.574610710144043,0.21067720802966505
1949,1379.559326171875,0.0006246829289011657,0.0024303209502249956,474.8123474121094,0.005992466583848,4.5731940269470215,0.16261349996784702
1950,1213.3262939453125,0.0006432015798054636,0.0009320502867922187,468.89385986328125,0.005869072396308184,4.571742534637451,0.1545393749838695
1951,1158.314208984375,0.0006544517236761749,0.0004427402454894036,465.0934753417969,0.00583501486107707,4.570254802703857,0.15706412500003353
1952,1301.175537109375,0.0006552478880621493,0.0018691264558583498,463.1192626953125,0.005856188014149666,4.5687336921691895,0.15860841696849093
1953,1132.98193359375,0.0006257381173782051,0.00033705963869579136,460.6486511230469,0.005760535132139921,4.567180633544922,0.15997829101979733
1954,1154.7470703125,0.0005923502030782402,0.0006411292124539614,459.5013427734375,0.005718978121876717,4.565600395202637,0.15974958398146555
1955,1220.58935546875,0.0005609104409813881,0.0013048566179350019,459.6776123046875,0.005743349902331829,4.564000606536865,0.16607387497788295
1956,1085.342529296875,0.0005129416822455823,8.523064025212079e-05,458.75421142578125,0.005667711608111858,4.562385559082031,0.17748562496853992
1957,1136.86279296875,0.0004694099770858884,0.0006957064033485949,458.3701171875,0.0056198094971477985,4.560760021209717,0.1703381659463048
1958,1151.91650390625,0.0004379448073450476,0.0008538702386431396,458.6891174316406,0.0056404597125947475,4.559130668640137,0.1803611249779351
1959,1056.7109375,0.00039993724203668535,8.482780685881153e-06,457.99530029296875,0.005578736308962107,4.55750036239624,0.1737528329831548
1960,1111.442626953125,0.00036889055627398193,0.0006465739570558071,457.254638671875,0.005526414606720209,4.555871486663818,0.17322687502019107
1961,1099.81201171875,0.0003526276850607246,0.0005405007977969944,456.52020263671875,0.005539789330214262,4.554246425628662,0.17375416698632762
1962,1037.0390625,0.00033336455817334354,1.005584863378317e-06,454.9363098144531,0.005486656911671162,4.552624702453613,0.18698854197282344
1963,1082.620849609375,0.00031959929037839174,0.0005462361732497811,452.906982421875,0.005431303288787603,4.551004409790039,0.16855720803141594
1964,1059.856689453125,0.00031935638980939984,0.00033763766987249255,450.6028137207031,0.005435543600469828,4.549385070800781,0.19004762498661876
1965,1019.0108642578125,0.00031657176441513,9.89539512374904e-06,447.67047119140625,0.005386936943978071,4.547762870788574,0.15661487495526671
1966,1052.6961669921875,0.00031664175912737846,0.00043616292532533407,444.39178466796875,0.0053302389569580555,4.546133995056152,0.1524840829661116
1967,1027.7103271484375,0.0003276755742263049,0.00021173633285798132,441.1148376464844,0.005326543003320694,4.544495582580566,0.31390979199204594
1968,1000.8818359375,0.0003347088349983096,1.6949787095654756e-05,437.5541076660156,0.005281618796288967,4.542842864990234,0.1736525420565158
1969,1024.609619140625,0.0003410106000956148,0.0003385495219845325,433.99468994140625,0.00522659020498395,4.541172027587891,0.17781575000844896
1970,1001.8464965820312,0.000354683434125036,0.0001382470509270206,430.71978759765625,0.005218336824327707,4.539479732513428,0.16960779199143872
1971,983.2677001953125,0.00036151864333078265,1.7889055015984923e-05,427.5476989746094,0.005177792627364397,4.537763595581055,0.20632558403303847
1972,999.43798828125,0.0003640207287389785,0.00025619182270020247,424.66595458984375,0.005127508193254471,4.536020755767822,0.1816104999743402
1973,980.447021484375,0.0003703940601553768,9.492092067375779e-05,422.1162109375,0.005117993336170912,4.534250736236572,0.1770159580046311
1974,966.3858032226562,0.0003681170928757638,1.4551915228366852e-05,419.8722839355469,0.005082466173917055,4.532453536987305,0.1973468330106698
1975,976.9591064453125,0.00036024139262735844,0.00019130039436277002,417.9574890136719,0.005038474686443806,4.5306291580200195,0.1806700830347836
1976,961.6767578125,0.00035518428194336593,6.976057193242013e-05,416.2574462890625,0.0050292485393583775,4.528779983520508,0.18552641599671915
1977,949.828857421875,0.0003429417556617409,9.231913281837478e-06,414.8358459472656,0.00499775679782033,4.526907444000244,0.16146495897555724
1978,956.3572998046875,0.0003272096219006926,0.0001408154785167426,413.6358947753906,0.004959188401699066,4.5250139236450195,0.16258358303457499
1979,944.5224609375,0.00031551424763165414,5.4760530474595726e-05,412.53485107421875,0.004949601832777262,4.523102760314941,0.16173699998762459
1980,933.9500122070312,0.00029970708419568837,4.2100073187612e-06,411.5765686035156,0.004919817205518484,4.521175861358643,0.16641075001098216
1981,937.6460571289062,0.00028340431163087487,0.00010144023690372705,410.6940612792969,0.004884675145149231,4.519235134124756,0.1766202500439249
1982,928.8614501953125,0.00027240332565270364,4.5377448259387165e-05,409.7549743652344,0.004873283673077822,4.517282962799072,0.18861658300738782
1983,919.2109985351562,0.0002595264231786132,1.0132500847248593e-06,408.83526611328125,0.00484321778640151,4.515320777893066,0.18117320799501613
1984,920.79541015625,0.0002477637608535588,7.133857434382662e-05,407.88568115234375,0.00480999518185854,4.513349533081055,0.18640412500826642
1985,914.44140625,0.00024132317048497498,3.928813021047972e-05,406.7532958984375,0.004796269815415144,4.511369705200195,0.19253200001548976
1986,905.5027465820312,0.00023355516896117479,3.007016857736744e-09,405.6259765625,0.0047652097418904305,4.509381294250488,0.17902929103001952
1987,905.3035888671875,0.0002272726414958015,4.780531526193954e-05,404.4327697753906,0.0047336299903690815,4.507383823394775,0.18124595802510157
1988,900.7454833984375,0.0002253287093481049,3.4014501579804346e-05,403.03692626953125,0.004717742558568716,4.505376815795898,0.17896762501914054
1989,892.5967407226562,0.0002217054570792243,1.1296926913928473e-06,401.705810546875,0.004686074331402779,4.503359317779541,0.177416791964788
1990,890.8832397460938,0.00021940041915513575,2.9700013328692876e-05,400.3253173828125,0.004656478762626648,4.501330375671387,0.17010795802343637
1991,887.6177978515625,0.00022011967666912824,2.872073309845291e-05,398.8283386230469,0.00463905418291688,4.499289035797119,0.16332870902260765
1992,880.4481201171875,0.00021856249077245593,3.948091034544632e-06,397.4625549316406,0.004607344977557659,4.497234344482422,0.15499633399304003
1993,877.516357421875,0.0002180552255595103,1.6142956155817956e-05,396.0919189453125,0.00458004605025053,4.4951653480529785,0.15935566695407033
1994,875.0219116210938,0.00021910211944486946,2.2710089979227632e-05,394.6994934082031,0.004561412148177624,4.493081569671631,0.16540579200955108
1995,868.9979248046875,0.00021739384101238102,7.3899627750506625e-06,393.4835205078125,0.0045303599908947945,4.4909820556640625,0.1870677500264719
1996,865.1896362304688,0.0002163352764910087,7.1380800363840535e-06,392.2935791015625,0.004505487158894539,4.488866329193115,0.16255366697441787
1997,862.95849609375,0.00021570801618508995,1.6443213098682463e-05,391.1340637207031,0.004486093297600746,4.486734867095947,0.15922683296957985
1998,858.059326171875,0.00021209729311522096,1.0390431270934641e-05,390.17681884765625,0.004456337075680494,4.484587669372559,0.15217220794875175
1999,853.7345581054688,0.00020912513718940318,1.94798508346139e-06,389.2328796386719,0.0044339438900351524,4.482424736022949,0.15083087503444403
2000,851.350830078125,0.00020592412329278886,1.0109539289260283e-05,388.3410949707031,0.004414063412696123,4.4802470207214355,0.14888866705587134
2001,847.4635009765625,0.00020033620239701122,1.1984320735791698e-05,387.6266784667969,0.004386047832667828,4.478055477142334,0.1736443749978207
2002,843.0523071289062,0.00019590150623116642,6.853065315226559e-08,386.87042236328125,0.00436584884300828,4.475851058959961,0.1738632500055246
2003,840.2921142578125,0.00019110589346382767,4.773647560796235e-06,386.16436767578125,0.0043453979305922985,4.473634719848633,0.17022329196333885
2004,837.1572265625,0.0001850667904363945,1.1692291081999429e-05,385.5641784667969,0.004319171886891127,4.471406936645508,0.18845495901769027
2005,833.0257568359375,0.00018062914023175836,4.2613487494236324e-07,384.8775634765625,0.004300426226109266,4.4691691398620605,0.1581898329895921
2006,829.8681640625,0.0001760238519636914,1.29986824504158e-06,384.2220458984375,0.004279137589037418,4.466921329498291,0.15939545794390142
2007,827.1109619140625,0.0001711066870484501,9.46224645304028e-06,383.60980224609375,0.004254443105310202,4.464664459228516,0.16053629096131772
2008,823.472412109375,0.00016801610763650388,1.6136473277583718e-06,382.8869323730469,0.004236225038766861,4.462399005889893,0.16883883398259059
2009,820.0660400390625,0.00016460938786622137,1.7698994270176627e-08,382.2031555175781,0.004214001353830099,4.460124969482422,0.1629274160368368
2010,817.3660888671875,0.00016147681162692606,6.171853783598635e-06,381.51873779296875,0.004190824460238218,4.4578423500061035,0.16567337501328439
2011,814.2314453125,0.00015978465671651065,2.467103513481561e-06,380.74200439453125,0.004172642249614,4.4555511474609375,0.1797323339851573
2012,810.8265380859375,0.00015752484614495188,5.583135589404264e-07,380.0246887207031,0.004149935208261013,4.453250885009766,0.17894275003345683
2013,807.993408203125,0.00015569735842291266,2.9533148335758597e-06,379.2939147949219,0.004128344357013702,4.450942039489746,0.17559224995784461
2014,805.208251953125,0.00015463710587937385,2.2978476863499964e-06,378.51287841796875,0.004110019188374281,4.448624134063721,0.17333804199006408
2015,802.0258178710938,0.00015275429177563637,1.8650316633284092e-06,377.8155212402344,0.004087483510375023,4.446296691894531,0.1740233750315383
2016,799.06396484375,0.00015129329403862357,8.443132628599415e-07,377.0950012207031,0.00406755181029439,4.443960189819336,0.17865554196760058
2017,796.4141845703125,0.0001500115467933938,1.3570227110903943e-06,376.3741455078125,0.004049031995236874,4.441614151000977,0.18096220795996487
2018,793.5345458984375,0.00014782798825763166,2.8994784315727884e-06,375.74139404296875,0.004027204122394323,4.439259052276611,0.17547945899423212
2019,790.5792846679688,0.00014623074093833566,2.3137772586778738e-08,375.0731201171875,0.004008807707577944,4.43689489364624,0.15873066702624783
2020,787.9033203125,0.00014423957327380776,3.334482698846841e-07,374.4468078613281,0.003989992197602987,4.4345221519470215,0.1563607080024667
2021,785.260986328125,0.0001416655140928924,2.8429203666746616e-06,373.880615234375,0.0039692954160273075,4.432140827178955,0.1552967500174418
2022,782.4475708007812,0.0001396240695612505,1.4734382602910046e-07,373.2793273925781,0.003951910883188248,4.429751396179199,0.15649591700639576
2023,779.733154296875,0.00013704845332540572,4.5204160414868966e-09,372.7324523925781,0.00393295381218195,4.427354335784912,0.15897874999791384
2024,777.1974487304688,0.00013428674719762057,1.9254230210208334e-06,372.2135009765625,0.0039136274717748165,4.424950122833252,0.160133958037477
2025,774.583984375,0.00013194585335440934,4.3426643969723955e-07,371.66180419921875,0.0038968415465205908,4.422539234161377,0.17684554198058322
2026,771.912109375,0.00012914960097987205,4.507601261138916e-07,371.16375732421875,0.003877883544191718,4.420122146606445,0.19328774994937703
2027,769.3714599609375,0.00012655086175072938,7.123389877961017e-07,370.65545654296875,0.003859896445646882,4.417699337005615,0.18463937501655892
2028,766.900634765625,0.00012428135960362852,2.929084530478576e-07,370.12884521484375,0.0038431440480053425,4.415271282196045,0.18031983298715204
2029,764.36767578125,0.00012169680849183351,1.0306032436346868e-06,369.64984130859375,0.0038244507741183043,4.412837982177734,0.18660112499492243
2030,761.8465576171875,0.00011957049719057977,8.516144589520991e-08,369.1361999511719,0.0038074476178735495,4.410399913787842,0.18094500002916902
2031,759.4268798828125,0.00011758053005905822,4.204139258945361e-08,368.6278991699219,0.003790366929024458,4.407957553863525,0.18561162502737716
2032,757.0330810546875,0.00011557265679584816,1.176800878965878e-06,368.1436462402344,0.0037721446715295315,4.405510902404785,0.1798791250330396
2033,754.592529296875,0.00011396608169889078,1.2132886695326306e-08,367.63031005859375,0.0037556441966444254,4.403059959411621,0.1698455829755403
2034,752.1961669921875,0.00011232399992877617,5.6843418860808015e-08,367.14178466796875,0.003738163039088249,4.400604724884033,0.16906862502219155
2035,749.86865234375,0.00011077160888817161,7.416101652779616e-07,366.6602478027344,0.0037205710541456938,4.3981451988220215,0.16906041698530316
2036,747.543701171875,0.00010949555871775374,6.459436008299235e-08,366.1610412597656,0.003704266157001257,4.395681858062744,0.17536404205020517
2037,745.206787109375,0.00010802361066453159,3.8249004319368396e-07,365.6986999511719,0.003686674637719989,4.393214225769043,0.1822950839996338
2038,742.91162109375,0.0001066785553121008,2.3563279683003202e-07,365.2309875488281,0.003669892670586705,4.390742778778076,0.18724229204235598
2039,740.6639404296875,0.00010539455252001062,1.8210130292573012e-08,364.7658996582031,0.0036535675171762705,4.388267517089844,0.18953299999702722
2040,738.4188232421875,0.00010390434181317687,6.175250746309757e-07,364.33343505859375,0.0036363317631185055,4.385788440704346,0.1988450000062585
2041,736.1717529296875,0.00010255508095724508,2.142974153684918e-08,363.88751220703125,0.003620266215875745,4.38330602645874,0.19537087494973093
2042,733.9671630859375,0.00010113789903698489,1.9254230210208334e-08,363.4560852050781,0.0036039536353200674,4.380820274353027,0.18466854200232774
2043,731.794189453125,9.958658483810723e-05,5.315635007718811e-07,363.0469665527344,0.0035873539745807648,4.378331184387207,0.19129325001267716
2044,729.6217041015625,9.819367551244795e-05,1.6427748050773516e-09,362.6229553222656,0.0035717920400202274,4.3758392333984375,0.19296816701535136
2045,727.46337890625,9.667339327279478e-05,1.7209913494298235e-07,362.22247314453125,0.003555563511326909,4.373344421386719,0.1817463330226019
2046,725.3375244140625,9.516264981357381e-05,2.637373199831927e-07,361.82598876953125,0.0035396891180425882,4.370847225189209,0.17297904199222103
2047,723.2353515625,9.377574315294623e-05,4.604316927725449e-10,361.42144775390625,0.0035243630409240723,4.368347644805908,0.1634929160354659
2048,721.13916015625,9.22375256777741e-05,3.507384462864138e-07,361.04205322265625,0.0035083824768662453,4.365846157073975,0.16700112499529496
2049,719.0589599609375,9.085854253498837e-05,5.93720415054122e-08,360.6529541015625,0.0034931423142552376,4.363342761993408,0.34123979101423174
2050,717.0003662109375,8.947641617851332e-05,2.1569576347246766e-08,360.2707214355469,0.0034777980763465166,4.360837459564209,0.20457704202271998
2051,714.9661865234375,8.80590159795247e-05,3.609784471336752e-07,359.9003601074219,0.003462237771600485,4.358330726623535,0.17559616698417813
2052,712.94091796875,8.680946484673768e-05,1.924490788951516e-09,359.5179443359375,0.003447418101131916,4.355822563171387,0.18118349998258054
2053,710.9308471679688,8.550599886802956e-05,1.6235048860835377e-07,359.1522521972656,0.003432117635384202,4.353313446044922,0.19208675000118092
2054,708.9370727539062,8.425834676017985e-05,1.7091429072024766e-07,358.78558349609375,0.003417085623368621,4.350803375244141,0.18245166703127325
2055,706.9655151367188,8.312417048728094e-05,4.8466972657479346e-09,358.41290283203125,0.003402397036552429,4.348292350769043,0.2045876249903813
2056,705.0045166015625,8.191889355657622e-05,2.8065210244676564e-07,358.0576477050781,0.0033872690983116627,4.345780849456787,0.17611233302159235
2057,703.0577392578125,8.088744652923197e-05,3.529657988110557e-08,357.6892395019531,0.0033727618865668774,4.343268394470215,0.17278854199685156
2058,701.1287841796875,7.9814599303063e-05,6.828122423030436e-08,357.3321228027344,0.00335808377712965,4.340755462646484,0.16665733297122642
2059,699.2157592773438,7.877642201492563e-05,1.9244907889515162e-07,356.9784851074219,0.0033434038050472736,4.338242053985596,0.1535967499949038
2060,697.31787109375,7.781548629282042e-05,1.7698994270176627e-08,356.6182861328125,0.0033291627187281847,4.335728168487549,0.15870445797918364
2061,695.4320678710938,7.681864371988922e-05,1.6311992112605367e-07,356.2708740234375,0.003314630128443241,4.333214282989502,0.1590550830005668
2062,693.5599365234375,7.583964907098562e-05,8.130973583320156e-08,355.9232177734375,0.0033004465512931347,4.330700397491455,0.1535621660295874
2063,691.7021484375,7.488343544537202e-05,4.6248032958828844e-08,355.5764465332031,0.0032863274682313204,4.328186511993408,0.18245045898947865
2064,689.86181640625,7.387999357888475e-05,1.6894864529604092e-07,355.23919677734375,0.0032721774186939,4.325672626495361,0.184489291976206
2065,688.0352783203125,7.29606908862479e-05,3.405352799745742e-08,354.8962097167969,0.003258395940065384,4.3231587409973145,0.18973204196663573
2066,686.219970703125,7.19672316336073e-05,9.93443336483324e-08,354.56256103515625,0.0032445078250020742,4.320645332336426,0.20079220802290365
2067,684.4158935546875,7.098660717019811e-05,1.3833414413966238e-07,354.2324523925781,0.0032307098153978586,4.318132400512695,0.18296908301999792
2068,682.62841796875,7.003165956120938e-05,1.5370460459962487e-08,353.9010009765625,0.003217227291315794,4.315619945526123,0.18098850001115352
2069,680.8526611328125,6.904355541337281e-05,1.916132532642223e-07,353.5818176269531,0.0032034730538725853,4.313108444213867,0.19253983302041888
2070,679.09033203125,6.813427899032831e-05,5.044080353400204e-08,353.2562561035156,0.0031901556067168713,4.310597896575928,0.1896394999930635
2071,677.33740234375,6.71782618155703e-05,4.769481165567413e-08,352.93768310546875,0.003176771104335785,4.308088302612305,0.19232320797163993
2072,675.5989990234375,6.621056672884151e-05,1.895316472655395e-07,352.6252136230469,0.0031633377075195312,4.305580139160156,0.2045367910177447
2073,673.8741455078125,6.534718704642728e-05,1.466924004489556e-08,352.3052062988281,0.0031503273639827967,4.303073406219482,0.1747139579965733
2074,672.1602783203125,6.445214239647612e-05,1.408282059855992e-07,351.99560546875,0.003137054154649377,4.300568103790283,0.17238791700219736
2075,670.457275390625,6.361555278999731e-05,7.888070285844151e-08,351.6814270019531,0.00312406406737864,4.298064231872559,0.16947408398846164
2076,668.7677612304688,6.279104127315804e-05,3.231639311707113e-08,351.36822509765625,0.003111171768978238,4.295561790466309,0.17463362502167
2077,667.0908203125,6.195314199430868e-05,1.6543913261557464e-07,351.0631103515625,0.0030981586314737797,4.293061256408691,0.18197595799574628
2078,665.4232177734375,6.118612509453669e-05,3.112745616817847e-08,350.7490539550781,0.003085524309426546,4.290562629699707,0.18996300001163036
2079,663.76806640625,6.0410911828512326e-05,9.226118891092483e-08,350.44488525390625,0.0030727284029126167,4.2880659103393555,0.1835357079980895
2080,662.1192626953125,5.9624071582220495e-05,9.284144653065596e-08,350.141357421875,0.0030600624158978462,4.285571098327637,0.19658908300334588
2081,660.48779296875,5.888994928682223e-05,3.878290044667665e-08,349.83642578125,0.0030475850217044353,4.283078670501709,0.18174162495415658
2082,658.8660888671875,5.813856114400551e-05,1.2316741049289703e-07,349.5360107421875,0.003035039408132434,4.280588150024414,0.17831099999602884
2083,657.2526245117188,5.744257941842079e-05,4.3024783735745586e-08,349.23260498046875,0.0030227145180106163,4.27810001373291,0.19120391696924344
2084,655.6527099609375,5.6736418628133833e-05,7.491416909033433e-08,348.9330139160156,0.0030103859025985003,4.275614261627197,0.17454774997895584
2085,654.0635375976562,5.604355101240799e-05,1.0206804290646687e-07,348.6375732421875,0.0029981140978634357,4.273130893707275,0.17377587500959635
2086,652.479248046875,5.534607407753356e-05,3.583613761293236e-08,348.3388366699219,0.002986022038385272,4.270650386810303,0.17383466701721773
2087,650.911376953125,5.4661773901898414e-05,9.874406714516226e-08,348.0471496582031,0.0029738820157945156,4.268172264099121,0.15372662502340972
2088,649.3516845703125,5.3981733799446374e-05,6.928166840225458e-08,347.7546081542969,0.0029619198758155107,4.265697002410889,0.15516204200685024
2089,647.80078125,5.3293762903194875e-05,4.895264282822609e-08,347.46673583984375,0.0029499975498765707,4.2632246017456055,0.15852241596439853
2090,646.2601318359375,5.262144622975029e-05,1.0085295798489824e-07,347.1795654296875,0.002938083605840802,4.2607550621032715,0.16024495795136318
2091,644.731201171875,5.197745849727653e-05,4.6248032958828844e-08,346.89129638671875,0.0029263757169246674,4.258288383483887,0.16434841603040695
2092,643.2099609375,5.131950092618354e-05,7.648850441910326e-08,346.6061706542969,0.0029146417509764433,4.255825042724609,0.19752333301585168
2093,641.6988525390625,5.065470395493321e-05,7.941730473248754e-08,346.3224182128906,0.002903029788285494,4.253364562988281,0.1891157500213012
2094,640.1954345703125,5.002711986890063e-05,3.565583028830588e-08,346.03717041015625,0.002891519805416465,4.2509074211120605,0.1794688330264762
2095,638.704833984375,4.938250276609324e-05,1.1852625902974978e-07,345.7593994140625,0.002879953710362315,4.248453617095947,0.18157816701568663
2096,637.2235107421875,4.8810332373250276e-05,3.3877768146339804e-08,345.47161865234375,0.002868674462661147,4.246003150939941,0.1815119170350954
2097,635.7479248046875,4.8204248741967604e-05,7.861308404244483e-08,345.19415283203125,0.002857254585251212,4.243556022644043,0.18167974997777492
2098,634.2833862304688,4.761346281156875e-05,6.978461897233501e-08,344.91552734375,0.0028459953609853983,4.24111270904541,0.17992879101075232
2099,632.826904296875,4.705003084382042e-05,4.502567207964603e-08,344.635009765625,0.002834823913872242,4.238672733306885,0.1798619159962982
2100,631.3794555664062,4.6471261157421395e-05,9.488667274126783e-08,344.35858154296875,0.002823642687872052,4.236236572265625,0.16841333400225267
2101,629.9419555664062,4.593322955770418e-05,4.0108716348186135e-08,344.08001708984375,0.00281264609657228,4.233804225921631,0.16486420802539214
2102,628.5117797851562,4.5393509935820475e-05,7.10499534761766e-08,343.804931640625,0.0028016038704663515,4.231375694274902,0.169725916988682
2103,627.0896606445312,4.483942029764876e-05,7.33562046661973e-08,343.53192138671875,0.002790664555504918,4.2289509773254395,0.1776712909922935
2104,625.6795654296875,4.434189759194851e-05,3.422974259592593e-08,343.2543029785156,0.0027798761148005724,4.226530075073242,0.17977195797720924
2105,624.2757568359375,4.378797166282311e-05,1.1173165148647968e-07,342.9842834472656,0.0027690150309354067,4.2241129875183105,0.17049087502527982
2106,622.8779296875,4.328849172452465e-05,2.1991809262544848e-08,342.7092590332031,0.0027583760675042868,4.221700191497803,0.18477962503675371
2107,621.4900512695312,4.2759911593748257e-05,1.0637813829816878e-07,342.4424133300781,0.0027476102113723755,4.2192912101745605,0.17153483297443017
2108,620.113037109375,4.2288826080039144e-05,4.3819682105095126e-08,342.1689147949219,0.0027371086180210114,4.216886520385742,0.176976291986648
2109,618.7433471679688,4.1794144635787234e-05,3.859531716443598e-08,341.8993225097656,0.002726607257500291,4.214486122131348,0.17890908295521513
2110,617.3795776367188,4.128245200263336e-05,1.272164809051901e-07,341.63409423828125,0.0027160451281815767,4.212090015411377,0.17047583300154656
2111,616.0257568359375,4.082264786120504e-05,1.0412804840598255e-08,341.360107421875,0.002705823630094528,4.20969820022583,0.16991325002163649
2112,614.6754150390625,4.029425326734781e-05,1.2316741049289703e-07,341.09967041015625,0.0026953397318720818,4.207310676574707,0.1782990830251947
2113,613.3355712890625,3.983849455835298e-05,3.3877768146339804e-08,340.8299865722656,0.0026851834263652563,4.204927444458008,0.16913333296542987
2114,612.0018310546875,3.9364382246276364e-05,5.1301185521879233e-08,340.5650634765625,0.002674951683729887,4.202548503875732,0.16778575000353158
2115,610.6788940429688,3.892210952471942e-05,8.825031727610622e-08,340.3013610839844,0.002664764877408743,4.200174331665039,0.1664627919672057
2116,609.361572265625,3.8482332456624135e-05,2.506203600205481e-08,340.0336608886719,0.002654771553352475,4.197804927825928,0.16795804200228304
2117,608.052001953125,3.80178535124287e-05,9.255109034711495e-08,339.77374267578125,0.0026446720585227013,4.19543981552124,0.17284708400256932
2118,606.7479248046875,3.7586887629004195e-05,3.766422196349595e-08,339.5087890625,0.002634766511619091,4.193079471588135,0.17670449998695403
2119,605.4544677734375,3.7160556530579925e-05,5.4147676564753056e-08,339.2457275390625,0.00262487237341702,4.190723896026611,0.16825087502365932
2120,604.1685791015625,3.6738099879585207e-05,7.33562046661973e-08,338.9838562011719,0.002615035744383931,4.18837308883667,0.19731462496565655
2121,602.886474609375,3.632740117609501e-05,2.4911287255235948e-08,338.7204284667969,0.00260530854575336,4.1860270500183105,0.1627524999785237
2122,601.616455078125,3.5900437069358304e-05,1.1141310096718371e-07,338.4629821777344,0.002595522440969944,4.183685779571533,0.157737834029831
2123,600.348388671875,3.5501561796991155e-05,1.4210854715202004e-08,338.2004699707031,0.0025859635788947344,4.181349277496338,0.16754495800705627
2124,599.0873413085938,3.5079494409728795e-05,1.0298413144482765e-07,337.94415283203125,0.0025762494187802076,4.179017543792725,0.16301062499405816
2125,597.83544921875,3.469645162113011e-05,2.8332806323305704e-08,337.68304443359375,0.0025667990557849407,4.176691055297852,0.16845404205378145
2126,596.5916137695312,3.429596472415142e-05,5.7756551541388035e-08,337.4263916015625,0.0025572986342012882,4.1743693351745605,0.17071633297018707
2127,595.34716796875,3.389363700989634e-05,8.049596544879023e-08,337.1689147949219,0.0025478084571659565,4.17205286026001,0.16737899999134243
2128,594.117919921875,3.354130240040831e-05,1.0706799002946354e-08,336.9071350097656,0.002538556233048439,4.169741630554199,0.17197062500054017
2129,592.89306640625,3.313588968012482e-05,1.4807687875872944e-07,336.6561584472656,0.0025290853809565306,4.167435169219971,0.18412749998969957
2130,591.67529296875,3.2795036531751975e-05,4.649564289138652e-09,336.3932189941406,0.002520020818337798,4.165133953094482,0.15123087499523535
2131,590.460205078125,3.239620855310932e-05,1.1397423804737628e-07,336.1432189941406,0.0025106598623096943,4.162837982177734,0.1557982909725979
2132,589.2552490234375,3.205311804777011e-05,2.930414666479919e-08,335.8853759765625,0.002501616021618247,4.160547256469727,0.1621080000186339
2133,588.0535278320312,3.168634793837555e-05,4.462185643205885e-08,335.6309509277344,0.0024924948811531067,4.158261775970459,0.16244583297520876
2134,586.8624267578125,3.13276905217208e-05,7.361472853517625e-08,335.3782958984375,0.0024834396317601204,4.155981540679932,0.16295999998692423
2135,585.6744384765625,3.099762034253217e-05,2.1151436158106662e-08,335.1211853027344,0.002474513603374362,4.1537065505981445,0.17201641702558845
2136,584.4940185546875,3.0653456633444875e-05,9.313225746154785e-08,334.86962890625,0.002465497702360153,4.151436805725098,0.17903362505603582
2137,583.3193969726562,3.0317118216771632e-05,1.7826096154749393e-08,334.6142578125,0.002456716261804104,4.149172306060791,0.16782916599186137
2138,582.1506958007812,2.9978067686897703e-05,9.139421308645979e-08,334.3648986816406,0.0024477883707731962,4.146913051605225,0.1770661249756813
2139,580.9869995117188,2.966624015243724e-05,1.7320417100563645e-08,334.1065673828125,0.0024391207844018936,4.144659519195557,0.17510291701182723
2140,579.8292236328125,2.9305041607585736e-05,8.655865713080857e-08,333.8587646484375,0.0024303130339831114,4.142411231994629,0.17196233296999708
2141,578.6798095703125,2.899931132560596e-05,2.416436473140493e-08,333.6028747558594,0.002421746263280511,4.140168190002441,0.1792506670462899
2142,577.5350952148438,2.8682414267677814e-05,6.50800302537391e-08,333.3525390625,0.0024130779784172773,4.137930870056152,0.17543516698060557
2143,576.3960571289062,2.8366623155307025e-05,4.0299937609233893e-08,333.1002502441406,0.0024045510217547417,4.135699272155762,0.3068148329621181
2144,575.2636108398438,2.8066473532817326e-05,3.095942702202592e-08,332.8480529785156,0.0023960580583661795,4.133472919464111,0.18645570799708366
2145,574.1346435546875,2.773338019324001e-05,9.081850294023752e-08,332.6014709472656,0.0023875075858086348,4.131252288818359,0.15439154201885685
2146,573.0151977539062,2.746658901742194e-05,9.004224921227433e-09,332.34637451171875,0.0023792125284671783,4.129036903381348,0.16097924998030066
2147,571.89892578125,2.7144536943524145e-05,1.1429642654547933e-07,332.1028137207031,0.002370702102780342,4.126827239990234,0.15564829198410735
2148,570.790771484375,2.6884308681474067e-05,7.531525625381619e-09,331.8480224609375,0.0023625355679541826,4.1246232986450195,0.19386958301765844
2149,569.6842651367188,2.6563242499832995e-05,8.825031727610622e-08,331.6053771972656,0.002354137133806944,4.122425079345703,0.19118266698205844
2150,568.5853881835938,2.6295427232980728e-05,3.029185791092459e-08,331.35186767578125,0.0023460097145289183,4.120232105255127,0.1819951250217855
2151,567.4910888671875,2.6005864128819667e-05,3.7111021811142564e-08,331.10302734375,0.0023378373589366674,4.118044853210449,0.1809215410030447
2152,566.4022216796875,2.571125514805317e-05,7.781295607856009e-08,330.85516357421875,0.002329681534320116,4.11586332321167,0.19716058298945427
2153,565.320556640625,2.5465224098297767e-05,6.648633643635549e-09,330.6026611328125,0.002321707084774971,4.113687515258789,0.1830651669879444
2154,564.2423706054688,2.5162937163258903e-05,1.4624765753978863e-07,330.3603515625,0.0023135109804570675,4.111517429351807,0.18677879200549796
2155,563.1723022460938,2.4948718419182114e-05,1.4210854715202004e-10,330.1033630371094,0.002305740723386407,4.109353065490723,0.17470862495247275
2156,562.1045532226562,2.463886994519271e-05,1.8010268831858411e-07,329.86553955078125,0.00229757116176188,4.107194423675537,0.15699008398223668
2157,561.0426635742188,2.4425131414318457e-05,2.7853275241795927e-10,329.6075744628906,0.002289925469085574,4.10504150390625,0.15955666603986174
2158,559.9829711914062,2.4139055312843993e-05,1.181981588160852e-07,329.36773681640625,0.002281895140185952,4.102894306182861,0.15951966698048636
2159,558.9305419921875,2.389660403423477e-05,1.3984390534460545e-08,329.114013671875,0.002274255035445094,4.100752830505371,0.1611770000308752
2160,557.8816528320312,2.362349914619699e-05,5.348397280613426e-08,328.8692932128906,0.0022664463613182306,4.098617076873779,0.16829399997368455
2161,556.8408203125,2.336982470296789e-05,5.1085407903883606e-08,328.623046875,0.002258756896480918,4.096487045288086,0.16432220896240324
2162,555.80419921875,2.3123253413359635e-05,1.3871840565116145e-08,328.3741760253906,0.002251163125038147,4.094363212585449,0.17715208302251995
2163,554.7743530273438,2.2872856789035723e-05,1.0982716958096717e-07,328.1322021484375,0.0022434385027736425,4.092245101928711,0.1787263749865815
2164,553.7459716796875,2.265218245156575e-05,2.2737367544323206e-09,327.880615234375,0.002235999098047614,4.090132713317871,0.17756229196675122
2165,552.7254028320312,2.240153480670415e-05,1.2687655726040248e-07,327.6397399902344,0.0022283282596617937,4.08802604675293,0.17418895795708522
2166,551.7078247070312,2.2187083231983706e-05,1.2789769243681803e-09,327.3865661621094,0.002221024129539728,4.085925579071045,0.18613779201405123
2167,550.69482421875,2.1934005417278968e-05,1.2926557246828452e-07,327.1471862792969,0.0022134133614599705,4.083830833435059,0.18475587497232482
2168,549.685791015625,2.1724585167248733e-05,1.6427748050773516e-09,326.8932189941406,0.0022061991039663553,4.081741809844971,0.18296295800246298
2169,548.6826782226562,2.1476376787177287e-05,1.0825260687852278e-07,326.65545654296875,0.002198687521740794,4.079658508300781,0.18791779200546443
2170,547.6838989257812,2.1272457161103375e-05,9.648829291108996e-09,326.4026184082031,0.002191530540585518,4.077581405639648,0.1615544999949634
2171,546.6892700195312,2.1043253582320176e-05,6.266986929404084e-08,326.1606750488281,0.0021841800771653652,4.075510025024414,0.16346633399371058
2172,545.697998046875,2.0833787857554853e-05,3.3527612686157227e-08,325.9136047363281,0.0021769762970507145,4.073444366455078,0.15864774998044595
2173,544.7147216796875,2.0624287571990862e-05,2.9467628337442875e-08,325.6662902832031,0.002169830957427621,4.071384906768799,0.17358820897061378
2174,543.734619140625,2.0398612832650542e-05,5.0870085033238865e-08,325.42437744140625,0.0021626525558531284,4.069331169128418,0.16859324998222291
2175,542.7570190429688,2.019774547079578e-05,2.675028554222081e-08,325.177490234375,0.0021555705461651087,4.0672831535339355,0.1768144170055166
2176,541.7872924804688,1.9988277927041054e-05,4.165121936239302e-08,324.9325866699219,0.0021485171746462584,4.06524133682251,0.17567625001538545
2177,540.8204956054688,1.978467480512336e-05,3.972763806814328e-08,324.6882629394531,0.0021414977964013815,4.063205242156982,0.17074587498791516
2178,539.857177734375,1.9577892089728266e-05,2.9467628337442875e-08,324.4436950683594,0.0021345275454223156,4.061175346374512,0.16765033296542242
2179,538.8983154296875,1.937167144205887e-05,4.165121936239302e-08,324.20013427734375,0.002127568470314145,4.0591511726379395,0.16645929199876264
2180,537.9454345703125,1.9180115486960858e-05,3.079185262322426e-08,323.9543762207031,0.0021206997334957123,4.057132720947266,0.16833970794687048
2181,536.99560546875,1.89811999007361e-05,4.3024783735745586e-08,323.7106018066406,0.002113825874403119,4.055120468139648,0.16992537502665073
2182,536.0484619140625,1.8799340978148393e-05,2.8816430130973458e-08,323.4653625488281,0.002107002539560199,4.05311393737793,0.16536300000734627
2183,535.1076049804688,1.859470285126008e-05,4.502567207964603e-08,323.2223205566406,0.0021002129651606083,4.051113605499268,0.16969491599593312
2184,534.1679077148438,1.840908225858584e-05,1.8990476746694185e-08,322.975830078125,0.002093492541462183,4.049118995666504,0.16145329200662673
2185,533.2364501953125,1.822439480747562e-05,6.630216375924647e-08,322.7337646484375,0.0020867360290139914,4.047130107879639,0.15675029205158353
2186,532.3065795898438,1.805481588235125e-05,8.557435648981482e-09,322.485107421875,0.00208015157841146,4.04514741897583,0.16541345900623128
2187,531.38232421875,1.7862847016658634e-05,8.967253961600363e-08,322.2455139160156,0.002073415322229266,4.04317045211792,0.1778664169833064
2188,530.461669921875,1.7699978343443945e-05,2.1836967789568007e-09,321.9969787597656,0.0020669447258114815,4.041199207305908,0.16372204100480303
2189,529.54541015625,1.750193041516468e-05,1.2149962458352093e-07,321.7602233886719,0.0020602282602339983,4.039234161376953,0.163977290969342
2190,528.633056640625,1.7350648704450577e-05,2.7853275241795927e-10,321.5065612792969,0.0020539136603474617,4.0372748374938965,0.1794341669883579
2191,527.72607421875,1.715012695058249e-05,1.73288071891875e-07,321.274169921875,0.0020471957977861166,4.0353217124938965,0.17375295801321045
2192,526.822998046875,1.701561632216908e-05,5.3923940868116915e-09,321.0196838378906,0.002041012281551957,4.033374309539795,0.1827084160177037
2193,525.92333984375,1.6803849575808272e-05,2.1659070625901222e-07,320.78765869140625,0.0020343363285064697,4.031432628631592,0.19017554202582687
2194,525.0260009765625,1.666632670094259e-05,2.416436473140493e-08,320.5301208496094,0.0020282682962715626,4.029497146606445,0.19531787501182407
2195,524.1384887695312,1.6445630535599776e-05,3.3897799767146353e-07,320.3047180175781,0.0020215529948472977,4.027567386627197,0.20154979202197865
2196,523.256103515625,1.6350531950592995e-05,8.543997864762787e-08,320.0411071777344,0.0020157143007963896,4.025643348693848,0.1759178329957649
2197,522.3775024414062,1.612189043953549e-05,5.2670748118544e-07,319.8192138671875,0.002008934272453189,4.023725509643555,0.16892837500199676
2198,521.5037841796875,1.6039666661527008e-05,2.06069671548903e-07,319.5482482910156,0.002003309316933155,4.02181339263916,0.17331458401167765
2199,520.6419677734375,1.5781944966875017e-05,8.592760423198342e-07,319.3373107910156,0.001996405655518174,4.019906997680664,0.16860591596923769
2200,519.7939453125,1.573556801304221e-05,5.448564479593188e-07,319.0565185546875,0.001991093857213855,4.018006801605225,0.16547362500568852
2201,518.9710693359375,1.5445621102117002e-05,1.7584991383046145e-06,318.8576965332031,0.001983929891139269,4.016112327575684,0.17707604198949412
2202,518.181640625,1.54728077177424e-05,1.636746901567676e-06,318.5542297363281,0.001979164080694318,4.014223575592041,0.18220370798371732
2203,517.4447631835938,1.5084665392350871e-05,4.068374437338207e-06,318.38555908203125,0.001971438992768526,4.012341022491455,0.18217283400008455
2204,516.793212890625,1.5230397366394754e-05,4.680343408836052e-06,318.04779052734375,0.001967543037608266,4.010464191436768,0.20090754103148356
2205,516.2921752929688,1.4719743376190308e-05,1.0106507033924572e-05,317.9248962402344,0.00195884658023715,4.0085930824279785,0.17792170803295448
2206,516.0477294921875,1.50434871102334e-05,1.3787341231363826e-05,317.5269775390625,0.00195637671276927,4.006727695465088,0.18472125002881512
2207,516.2454833984375,1.4309642210719176e-05,2.7347388822818175e-05,317.4847412109375,0.001945950323715806,4.004868507385254,0.1796550409635529
2208,517.2261962890625,1.495253945904551e-05,4.1561725083738565e-05,316.98199462890625,0.0019459277391433716,4.003015041351318,0.1737966249929741
2209,519.6092529296875,1.3794867300020996e-05,7.90602425695397e-05,317.0894775390625,0.0019323426531627774,4.001167297363281,0.17274387495126575
2210,524.5404052734375,1.5021301805973053e-05,0.00012969342060387135,316.3955078125,0.0019367346540093422,3.9993252754211426,0.1862089589703828
2211,534.1943359375,1.3115828551235609e-05,0.0002436491340631619,316.7772521972656,0.0019174062181264162,3.9974892139434814,0.17193095904076472
2212,552.6570434570312,1.5435316527145915e-05,0.0004238428664393723,315.742919921875,0.0019298628903925419,3.9956583976745605,0.15919624996604398
2213,587.607177734375,1.2155364856880624e-05,0.000797616841737181,316.65313720703125,0.0018997677834704518,3.9938337802886963,0.15993245894787833
2214,653.966796875,1.6565254554734565e-05,0.0014455668861046433,315.01519775390625,0.0019273844081908464,3.992014169692993,0.1655553329619579
2215,780.12548828125,1.074656847777078e-05,0.0027437731623649597,316.989013671875,0.0018768450245261192,3.9902007579803467,0.17621845804387704
2216,1022.0038452148438,1.9452556443866342e-05,0.005123482085764408,314.33770751953125,0.0019337268313392997,3.988391160964966,0.17476458300370723
2217,1485.9931640625,8.847001481626648e-06,0.009821494109928608,318.5504455566406,0.0018440859857946634,3.9865875244140625,0.19355704099871218
2218,2385.65869140625,2.7394788048695773e-05,0.018725018948316574,314.55975341796875,0.001958573469892144,3.9847846031188965,0.17323950002901256
2219,4105.88330078125,7.082770025590435e-06,0.036021605134010315,323.6069641113281,0.0017940775724127889,3.982985734939575,0.18414629204198718
2220,7391.2265625,5.3729778301203623e-05,0.06863655149936676,319.82275390625,0.0020237527787685394,3.9811782836914062,0.17921604204457253
2221,13294.994140625,9.35438038141001e-06,0.12784209847450256,337.81219482421875,0.0017203607130795717,3.9793646335601807,0.18670170800760388
2222,23270.404296875,0.00016467210662085563,0.22691506147384644,345.26055908203125,0.002171720378100872,3.9775137901306152,0.17981283302651718
2223,36483.859375,5.524856169358827e-05,0.3595113754272461,363.0771179199219,0.0016412150580435991,3.975616216659546,0.177413625002373
2224,47830.69921875,0.0006558216991834342,0.4711664617061615,408.06494140625,0.0024040788412094116,3.973604202270508,0.189918750023935
2225,43335.84765625,0.0005695716245099902,0.42743948101997375,364.9615783691406,0.0016998009523376822,3.9714348316192627,0.1752785419812426
2226,20549.814453125,0.0019194266060367227,0.1968725025653839,427.3117370605469,0.0024330788291990757,3.969032049179077,0.17276674997992814
2227,1709.3099365234375,0.0024672728031873703,0.008403920568525791,400.22930908203125,0.0022196134086698294,3.966352939605713,0.17045475001214072
2228,8019.18798828125,0.0029602644499391317,0.070963554084301,406.2061462402344,0.0022060030605643988,3.9633917808532715,0.17411045799963176
2229,21005.294921875,0.0037840039003640413,0.19905860722064972,452.2768249511719,0.002687562722712755,3.9601778984069824,0.17627258301945403
2230,13748.0087890625,0.0033105702605098486,0.12793521583080292,402.7219543457031,0.0022070908453315496,3.9567415714263916,0.1782657919684425
2231,1307.0115966796875,0.0033298172056674957,0.0034123046789318323,392.0981750488281,0.0024070125073194504,3.9531495571136475,0.2021314169978723
2232,6923.462890625,0.0028704125434160233,0.05998336151242256,387.14459228515625,0.0025094137527048588,3.9494857788085938,0.1862552500097081
2233,13234.5400390625,0.0019079382764175534,0.12445060908794403,383.37994384765625,0.002153055276721716,3.945828914642334,0.19170816702535376
2234,4867.08837890625,0.001477229525335133,0.04079018905758858,388.3861389160156,0.0025196054484695196,3.9422800540924072,0.176396458002273
2235,1336.9295654296875,0.0008774357265792787,0.005979282781481743,401.3215637207031,0.002499361289665103,3.938920021057129,0.15852774999802932
2236,8126.111328125,0.0003911061503458768,0.07427654415369034,424.45843505859375,0.00234887539409101,3.935817003250122,0.1753594169858843
2237,6662.974609375,0.0002154489775421098,0.05898553505539894,460.4280700683594,0.0028244764544069767,3.9330408573150635,0.16613004100508988
2238,858.420654296875,6.618534825975075e-05,0.001081773079931736,474.03839111328125,0.0026958638336509466,3.930617570877075,0.16884770896285772
2239,4088.60107421875,1.2535674613900483e-05,0.033299073576927185,491.9910888671875,0.0026544879656285048,3.928558349609375,0.16010337497573346
2240,6187.75927734375,8.093285941868089e-06,0.053750067949295044,507.8434753417969,0.0030409954488277435,3.9268693923950195,0.1593382089631632
2241,1657.7064208984375,3.277446239735582e-06,0.00877467356622219,501.8134765625,0.002780977636575699,3.9255118370056152,0.15856995905051008
2242,1916.2025146484375,1.014975623547798e-05,0.011431020684540272,495.8591613769531,0.0027622636407613754,3.924445152282715,0.3317508330219425
2243,4731.1083984375,4.385346983326599e-05,0.03947125002741814,480.4610290527344,0.0029913701582700014,3.9236323833465576,0.17517354199662805
2244,2144.504638671875,9.17721408768557e-05,0.013972438871860504,468.4146728515625,0.0026966885197907686,3.9230051040649414,0.18874804099323228
2245,1030.715576171875,0.0001895172754302621,0.002907755319029093,449.4835510253906,0.00271504744887352,3.922513008117676,0.18403775000479072
2246,3367.926513671875,0.0003300210810266435,0.026184765622019768,429.99200439453125,0.0028645589482039213,3.9221181869506836,0.17891595797846094
2247,2209.10107421875,0.00046529178507626057,0.01478624902665615,420.8383483886719,0.0026310854591429234,3.921764612197876,0.18756412499351427
2248,781.9703369140625,0.0006208096747286618,0.000419046264141798,407.5840148925781,0.0027040073182433844,3.9214260578155518,0.19657620799262077
2249,2429.689453125,0.0007535595213994384,0.01671321876347065,400.33001708984375,0.0028268175665289164,3.921088695526123,0.19352174998493865
2250,2078.51171875,0.0008288501994684339,0.013348836451768875,395.1865234375,0.002655566204339266,3.920727252960205,0.20227279100799933
2251,753.9843139648438,0.0008717456948943436,5.163767582416767e-07,391.4074401855469,0.0027535066474229097,3.9203457832336426,0.17229025001870468
2252,1801.9600830078125,0.0008588308119215071,0.01040414534509182,391.08856201171875,0.0028457383159548044,3.9199557304382324,0.1657451669452712
2253,1868.197998046875,0.0007904417579993606,0.011302806437015533,388.4412536621094,0.002704319078475237,3.919557571411133,0.17144991602981463
2254,765.9743041992188,0.0007037095492705703,0.000245378992985934,390.22296142578125,0.0028084246441721916,3.9191746711730957,0.1686241669813171
2255,1355.2781982421875,0.0005940254195593297,0.0061441888101398945,394.0839538574219,0.0028737278189510107,3.918829917907715,0.18073437496786937
2256,1645.409423828125,0.00047324804472737014,0.009258016012609005,396.6141052246094,0.002756688976660371,3.91853404045105,0.1738696249667555
2257,802.058837890625,0.0003736544749699533,0.0007510745199397206,402.6732177734375,0.002869127318263054,3.9183123111724854,0.18719516601413488
2258,1052.066650390625,0.0002856604696717113,0.003238372504711151,408.6078796386719,0.002910554176196456,3.918181896209717,0.18909604201326147
2259,1444.0963134765625,0.00021256630134303123,0.007301324512809515,411.5036315917969,0.002812036545947194,3.918146848678589,0.19053608301328495
2260,859.5814208984375,0.00016871836851350963,0.0013418380403891206,416.6344299316406,0.002918913494795561,3.9182190895080566,0.17925229098182172
2261,861.93359375,0.00013853593554813415,0.0013712724903598428,418.63128662109375,0.002923215040937066,3.918397903442383,0.19790262496098876
2262,1252.8765869140625,0.00012052266538375989,0.005410336889326572,416.611572265625,0.0028317910619080067,3.9186720848083496,0.19253983395174146
2263,904.0972900390625,0.00012181124475318938,0.0018349391175433993,416.9266052246094,0.0029149570036679506,3.9190356731414795,0.19862812501378357
2264,751.0972900390625,0.00013042210775893182,0.0003740370739251375,412.6794128417969,0.0028797192499041557,3.919471502304077,0.18276008300017565
2265,1068.4822998046875,0.0001469914277549833,0.003676267107948661,406.4755859375,0.0027968082576990128,3.919957160949707,0.17611820896854624
2266,914.5374145507812,0.00017807319818530232,0.0020891940221190453,402.27178955078125,0.0028553889133036137,3.920478105545044,0.17249604099197313
2267,698.3045654296875,0.00021070375805720687,1.941261871252209e-05,395.538330078125,0.0027975463308393955,3.9210124015808105,0.1714800000190735
2268,910.2239990234375,0.00024529683287255466,0.0022281291894614697,389.5094909667969,0.0027337195351719856,3.9215402603149414,0.17517416697228327
2269,897.1007690429688,0.00028478066087700427,0.002059571212157607,384.8651123046875,0.0027780046220868826,3.922050952911377,0.1642692910390906
2270,688.61083984375,0.00031314711668528616,5.5924032494658604e-05,380.1389465332031,0.0027156476862728596,3.92253041267395,0.17610341700492427
2271,793.44189453125,0.0003339132817927748,0.0011581680737435818,376.6524658203125,0.0026758129242807627,3.9229698181152344,0.17473999998765066
2272,859.739501953125,0.00034938703174702823,0.0017936279764398932,374.2145080566406,0.002712234854698181,3.9233686923980713,0.16318245796719566
2273,699.1409912109375,0.0003476111451163888,0.00027034920640289783,372.0992126464844,0.0026524572167545557,3.9237232208251953,0.18173112499061972
2274,714.008544921875,0.00033885668381117284,0.0004603907582350075,370.7707214355469,0.0026331304106861353,3.9240353107452393,0.17721174994949251
2275,806.3240966796875,0.00032589773763902485,0.0013759026769548655,370.11566162109375,0.002660284051671624,3.9243111610412598,0.19603895797627047
2276,710.7321166992188,0.00030137691646814346,0.0005098414840176702,369.27178955078125,0.002603385131806135,3.924553394317627,0.1932436249917373
2277,666.0818481445312,0.00027834577485919,9.501385648036376e-05,368.8623046875,0.0025988358538597822,3.9247679710388184,0.18548537499736995
2278,745.5222778320312,0.0002560906868893653,0.0008982681902125478,368.6944274902344,0.002613919787108898,3.9249625205993652,0.17376816598698497
2279,713.8120727539062,0.00022969080600887537,0.0006628006231039762,368.3998107910156,0.0025616311468183994,3.9251396656036377,0.16615837503923103
2280,645.953857421875,0.00021044428285676986,3.678869688883424e-07,368.1283264160156,0.0025674435310065746,3.925304889678955,0.16789658297784626
2281,689.8584594726562,0.00019387452630326152,0.00045722449431195855,367.7987060546875,0.0025694984942674637,3.925462245941162,0.17434833303559572
2282,704.0435791015625,0.000177040696144104,0.0006661685765720904,367.3401794433594,0.0025238245725631714,3.925611734390259,0.17483187501784414
2283,644.6204833984375,0.00016865333600435406,7.877219468355179e-05,366.4126281738281,0.002534652827307582,3.925755262374878,0.17801649996545166
2284,648.2840576171875,0.00016198316006921232,0.00014517168165184557,365.2635498046875,0.0025230501778423786,3.9258923530578613,0.19184375001350418
2285,680.4551391601562,0.00015662095393054187,0.0005248516681604087,363.82501220703125,0.0024848286993801594,3.9260196685791016,0.2000946659827605
2286,648.010986328125,0.000158567912876606,0.00020634516840800643,361.9834899902344,0.0024953619576990604,3.926135540008545,0.18893404101254418
2287,624.0790405273438,0.00016039401816669852,8.7177031673491e-06,359.9368896484375,0.0024723100941628218,3.9262356758117676,0.19379241700517014
2288,649.0319213867188,0.0001636472443351522,0.0003058469155803323,357.7621765136719,0.002443203004077077,3.9263153076171875,0.2124471659772098
2289,645.1936645507812,0.00017179975111503154,0.00027477339608594775,355.4849548339844,0.002450514119118452,3.926370859146118,0.17645162501139566
2290,615.26953125,0.00017689955711830407,2.217248584202025e-05,353.2504577636719,0.0024211190175265074,3.9263975620269775,0.1674885000102222
2291,620.6842041015625,0.00018260838987771422,0.00011019897647202015,351.1462097167969,0.002402572426944971,3.9263916015625,0.15553675004048273
2292,632.721923828125,0.00018924822506960481,0.00024118430155795068,349.14739990234375,0.002405312843620777,3.9263510704040527,0.15870737499790266
2293,613.9822387695312,0.00019024661742150784,9.963298361981288e-05,347.4745178222656,0.0023751978296786547,3.9262735843658447,0.1609462090418674
2294,602.7271118164062,0.00019113555026706308,1.0130775990546681e-05,345.93438720703125,0.002366660861298442,3.9261586666107178,0.1667193750035949
2295,613.7896118164062,0.0001899310591397807,0.00013803408364765346,344.60546875,0.0023638764396309853,3.9260072708129883,0.18439658399438486
2296,610.6729125976562,0.00018332756008021533,0.00015007286856416613,343.6356506347656,0.0023369721602648497,3.9258203506469727,0.18755154096288607
2297,594.96533203125,0.00017760423361323774,9.796644008019939e-06,342.68780517578125,0.002335374243557453,3.925600528717041,0.1976665830006823
2298,595.40966796875,0.00016934140876401216,3.8734175177523866e-05,341.9672546386719,0.002326348563656211,3.9253504276275635,0.18007045896956697
2299,600.8280029296875,0.00015867751790210605,0.00013043300714343786,341.4574890136719,0.002304594963788986,3.92507266998291,0.18035954202059656
2300,591.8281860351562,0.00015054494724608958,5.363021045923233e-05,340.8569030761719,0.0023055379278957844,3.9247708320617676,0.19743408303475007
2301,583.5556030273438,0.00014082678535487503,9.139421308645979e-08,340.41119384765625,0.0022905259393155575,3.9244472980499268,0.19118820800213143
2302,587.0047607421875,0.0001317870628554374,6.360224506352097e-05,339.9879455566406,0.0022747789043933153,3.9241039752960205,0.1844142919871956
2303,586.7843017578125,0.00012555242574308068,7.43171403883025e-05,339.3797302246094,0.002274176338687539,3.92374324798584,0.17815054196398705
2304,578.3076171875,0.0001184027933049947,2.0369549019960687e-05,338.8984375,0.0022553191520273685,3.923365831375122,0.1676527090021409
2305,575.0773315429688,0.00011357064067851752,9.468114512856118e-06,338.24346923828125,0.0022452999837696552,3.9229724407196045,0.16175533400382847
2306,577.4093627929688,0.00011050954344682395,4.873956640949473e-05,337.4384460449219,0.0022404601331800222,3.922563314437866,0.16145604196935892
2307,574.3802490234375,0.0001069163263309747,4.8314388550352305e-05,336.742431640625,0.0022211477626115084,3.92213773727417,0.1545390419778414
2308,568.1498413085938,0.0001059582646121271,2.4551345632062294e-06,335.7838134765625,0.002215246669948101,3.9216949939727783,0.1643228330067359
2309,567.0234985351562,0.00010536028275964782,1.1205065675312653e-05,334.8348388671875,0.0022053213324397802,3.921234369277954,0.16638629202498123
2310,567.5906982421875,0.00010461032070452347,4.326339694671333e-05,333.9526062011719,0.002188506769016385,3.9207541942596436,0.16777954198187217
2311,563.8640747070312,0.00010581106471363455,1.9864821297232993e-05,332.888427734375,0.0021840804256498814,3.9202535152435303,0.17440804099896923
2312,559.6461181640625,0.00010605399438645691,5.102274371893145e-07,331.9707946777344,0.0021701885852962732,3.9197309017181396,0.1835914170369506
2313,559.078369140625,0.00010642506822478026,1.6100835637189448e-05,331.07562255859375,0.002157501643523574,3.9191854000091553,0.17639300000155345
2314,558.5083618164062,0.0001074754327419214,2.428158768452704e-05,330.13568115234375,0.0021519698202610016,3.918616533279419,0.16547583398642018
2315,555.0953979492188,0.00010675983503460884,1.369542587781325e-05,329.4042053222656,0.0021364567801356316,3.9180235862731934,0.1877046250156127
2316,552.100830078125,0.00010641769040375948,2.796425633277977e-07,328.64031982421875,0.0021279079373925924,3.9174065589904785,0.1708916670177132
2317,551.4657592773438,0.00010546554403845221,9.89539512374904e-06,327.9494934082031,0.0021198017057031393,3.9167659282684326,0.17642291699303314
2318,550.3465576171875,0.00010298893175786361,2.0706658688141033e-05,327.4317321777344,0.002105452585965395,3.916102170944214,0.1686373749980703
2319,547.413330078125,0.00010109115100931376,5.130118552187923e-06,326.8388671875,0.002099523087963462,3.9154164791107178,0.15470879198983312
2320,545.076904296875,9.808503091335297e-05,5.3925987231195904e-08,326.3830871582031,0.002088799374178052,3.91471004486084,0.1652637500083074
2321,544.22607421875,9.464702452532947e-05,1.0329040378564969e-05,325.9805603027344,0.002077478915452957,3.9139838218688965,0.15942341595655307
2322,542.89111328125,9.189323463942856e-05,1.0155074050999247e-05,325.5012512207031,0.002071850001811981,3.9132394790649414,0.16943291702773422
2323,540.4525146484375,8.82840104168281e-05,4.971519956598058e-06,325.1514587402344,0.00205975491553545,3.912477731704712,0.1801243749796413
2324,538.4828491210938,8.538037945982069e-05,5.246331511443714e-07,324.7302551269531,0.0020516207441687584,3.9117000102996826,0.20318449998740107
2325,537.454833984375,8.28808915684931e-05,4.522826202446595e-06,324.2836608886719,0.0020443075336515903,3.910907030105591,0.18799608299741521
2326,536.1151123046875,8.011628233361989e-05,9.316136129200459e-06,323.9063720703125,0.0020326548255980015,3.9100992679595947,0.3308388330042362
2327,534.072998046875,7.846355583751574e-05,1.897733682199032e-06,323.40264892578125,0.002026342088356614,3.9092772006988525,0.16852937504881993
2328,532.3060302734375,7.667452882742509e-05,2.954948286060244e-09,322.9469909667969,0.0020169129129499197,3.9084410667419434,0.18148470803862438
2329,531.1718139648438,7.517462654504925e-05,4.5777524064760655e-06,322.4857177734375,0.002007108647376299,3.907590866088867,0.17459416604833677
2330,529.8831787109375,7.438292959704995e-05,4.229597834637389e-06,321.93841552734375,0.0020008350256830454,3.906726837158203,0.17440775001887232
2331,528.119384765625,7.321343582589179e-05,2.881643013097346e-06,321.4775695800781,0.001990323420614004,3.905848503112793,0.1758787909639068
2332,526.4857177734375,7.25316276657395e-05,1.126900315284729e-07,320.9548034667969,0.0019826649222522974,3.904956102371216,0.15829329198459163
2333,525.293212890625,7.196217484306544e-05,1.4324768926599063e-06,320.4330139160156,0.0019752068910747766,3.9040493965148926,0.1562340420205146
2334,524.072509765625,7.101674418663606e-05,4.659734258893877e-06,319.9818115234375,0.001965230330824852,3.9031283855438232,0.1529607919510454
2335,522.5245361328125,7.051933789625764e-05,1.2428799891495146e-06,319.4627685546875,0.0019588556606322527,3.902193069458008,0.15529237495502457
2336,521.0011596679688,6.961030885577202e-05,1.536327545181848e-07,319.01641845703125,0.0019500835333019495,3.9012434482574463,0.16971745796035975
2337,519.7767333984375,6.865581235615537e-05,1.5512669051531702e-06,318.5799560546875,0.0019417604198679328,3.900279998779297,0.1696210000081919
2338,518.6049194335938,6.783645949326456e-05,1.7132663288066396e-06,318.1152038574219,0.0019353474490344524,3.8993029594421387,0.18336620897753164
2339,517.23876953125,6.648050475632772e-05,2.294957312187762e-06,317.7380676269531,0.001926231780089438,3.89831280708313,0.19541645899880677
2340,515.8171997070312,6.536550063174218e-05,3.601689968490973e-08,317.3173828125,0.0019195964559912682,3.8973100185394287,0.18290279200300574
2341,514.5697631835938,6.402791768778116e-05,1.0115604709426407e-07,316.9316711425781,0.0019122518133372068,3.8962950706481934,0.19149691704660654
2342,513.4261474609375,6.246934208320454e-05,1.8767716483125696e-06,316.5826416015625,0.0019040893530473113,3.895268440246582,0.19443137501366436
2343,512.194091796875,6.118705641711131e-05,7.942528554849559e-07,316.1897277832031,0.0018980620661750436,3.894230842590332,0.19231004203902557
2344,510.8912353515625,5.9607504226733e-05,6.656412097072462e-07,315.85626220703125,0.001890076557174325,3.8931829929351807,0.18362029100535437
2345,509.65924072265625,5.8188561524730176e-05,1.411863195244223e-07,315.4989013671875,0.0018832735950127244,3.892125368118286,0.17096020799363032
2346,508.52557373046875,5.685950236511417e-05,2.706385657802457e-07,315.13916015625,0.0018767340807244182,3.8910584449768066,0.15534720802679658
2347,507.39031982421875,5.54667494725436e-05,1.344829797744751e-06,314.8135070800781,0.0018689564894884825,3.8899827003479004,0.15589962503872812
2348,506.19024658203125,5.438889638753608e-05,2.0823995328100864e-07,314.4433898925781,0.0018628713442012668,3.8888983726501465,0.1572708750027232
2349,505.00225830078125,5.327113831299357e-05,1.302962573390687e-07,314.10650634765625,0.0018555560382083058,3.887805938720703,0.1672014169744216
2350,503.88525390625,5.2264909754740074e-05,4.0099257603287697e-07,313.7637634277344,0.0018485488835722208,3.8867053985595703,0.17231425002682954
2351,502.8048095703125,5.149386197444983e-05,2.8166346055513714e-07,313.3975524902344,0.0018422971479594707,3.885596990585327,0.17936241696588695
2352,501.69354248046875,5.058261376689188e-05,9.004224921227433e-07,313.0726013183594,0.0018347263103350997,3.8844809532165527,0.19035741704283282
2353,500.560546875,4.994199480279349e-05,3.619811650423799e-08,312.7110290527344,0.001828516717068851,3.883357286453247,0.22114004200557247
2354,499.461669921875,4.9251902964897454e-05,2.386877895332873e-08,312.3735046386719,0.0018216059543192387,3.8822262287139893,0.18494066694984213
2355,498.40716552734375,4.855913721257821e-05,4.374144282337511e-07,312.04241943359375,0.0018146507209166884,3.8810877799987793,0.17915937502402812
2356,497.3641357421875,4.798929512617178e-05,1.6660487744957209e-07,311.6932678222656,0.0018085527699440718,3.879941940307617,0.18828408303670585
2357,496.30120849609375,4.7253037337213755e-05,5.2670748118544e-07,311.3816223144531,0.0018014159286394715,3.878789186477661,0.18408033403102309
2358,495.236572265625,4.663718937081285e-05,2.751221472863108e-11,311.0479431152344,0.0017952490597963333,3.877629518508911,0.1806710419477895
2359,494.20458984375,4.5935652451589704e-05,1.5288605936802924e-09,310.73260498046875,0.0017887827707454562,3.876462936401367,0.17285754199838266
2360,493.2012023925781,4.5180120650911704e-05,4.2613487494236324e-07,310.4315185546875,0.001782090519554913,3.8752899169921875,0.16562424995936453
2361,492.1976013183594,4.451829954632558e-05,9.964514902094379e-08,310.11114501953125,0.0017762465868145227,3.874110698699951,0.1656541249831207
2362,491.183349609375,4.36980917584151e-05,3.467960141279036e-07,309.82525634765625,0.0017695360584184527,3.8729255199432373,0.17066620802506804
2363,490.1759033203125,4.296751649235375e-05,5.74823388888035e-09,309.5235290527344,0.001763550448231399,3.871734619140625,0.1771765000303276
2364,489.193603515625,4.221598646836355e-05,5.533365765586495e-09,309.2314758300781,0.0017574001103639603,3.8705384731292725,0.17443979199742898
2365,488.2259521484375,4.141890167375095e-05,2.449824023642577e-07,308.9507141113281,0.0017510887701064348,3.869337320327759,0.1993404170498252
2366,487.26300048828125,4.072825686307624e-05,1.6452986528747715e-08,308.653076171875,0.0017453547334298491,3.868131399154663,0.19023316603852436
2367,486.2991027832031,3.994691724074073e-05,1.805076408345485e-07,308.3768310546875,0.0017390950815752149,3.8669209480285645,0.1973800829728134
2368,485.34637451171875,3.9256752643268555e-05,2.0737388695124537e-08,308.08905029296875,0.001733295968733728,3.865706205368042,0.19862262497190386
2369,484.4078369140625,3.860222568619065e-05,4.649564289138652e-09,307.80340576171875,0.0017274374840781093,3.864487409591675,0.18978600000264123
2370,483.47705078125,3.792236020672135e-05,2.1085929802211467e-07,307.52728271484375,0.0017213644459843636,3.863264799118042,0.17392116697737947
2371,482.5560302734375,3.7379613786470145e-05,1.1307065506116487e-08,307.2362060546875,0.0017158070113509893,3.8620383739471436,0.17003637499874458
2372,481.6338195800781,3.677568383864127e-05,1.7368529370287433e-07,306.9624328613281,0.0017097644740715623,3.8608086109161377,0.16464979201555252
2373,480.71990966796875,3.626061152317561e-05,1.7698994270176627e-08,306.67791748046875,0.0017041417304426432,3.8595752716064453,0.1575311659835279
2374,479.81976318359375,3.577269671950489e-05,4.456524038687348e-09,306.3972473144531,0.0016984480898827314,3.8583388328552246,0.15471533400705084
2375,478.92742919921875,3.5250566725153476e-05,1.870487267296994e-07,306.12615966796875,0.0016925749368965626,3.8570992946624756,0.1536045410321094
2376,478.0404052734375,3.48208486684598e-05,5.115907697472721e-09,305.8407897949219,0.0016871700063347816,3.8558566570281982,0.16441912500886247
2377,477.1549377441406,3.431970253586769e-05,1.5176942724792752e-07,305.5736083984375,0.0016813419060781598,3.8546111583709717,0.1620603749761358
2378,476.277587890625,3.3867960155475885e-05,1.0219082469120622e-08,305.29620361328125,0.0016759358113631606,3.853362798690796,0.16747358295833692
2379,475.4100646972656,3.340543116792105e-05,2.18506102100946e-08,305.0257873535156,0.0016704153968021274,3.85211181640625,0.17729845800204203
2380,474.550048828125,3.292692417744547e-05,9.814561963139568e-08,304.7604064941406,0.0016648710006847978,3.850858211517334,0.17219666601158679
2381,473.6956787109375,3.2469528377987444e-05,1.2116743164369836e-09,304.4890441894531,0.0016595955239608884,3.849602460861206,0.19746983400546014
2382,472.84637451171875,3.1976898753782734e-05,9.518066690361593e-08,304.22857666015625,0.0016541058430448174,3.848344326019287,0.1796263750293292
2383,472.0032958984375,3.15107790811453e-05,1.0412804840598255e-08,303.9620361328125,0.0016488913679495454,3.8470842838287354,0.1738787920330651
2384,471.166015625,3.1016206776257604e-05,4.462185643205885e-08,303.70281982421875,0.0016435709549114108,3.845822334289551,0.17877979099284858
2385,470.33599853515625,3.0540039006154984e-05,4.4219859773875214e-08,303.44366455078125,0.0016383390175178647,3.8445587158203125,0.18200462497770786
2386,469.51202392578125,3.0079321732046083e-05,9.004224921227433e-09,303.1828918457031,0.0016332032391801476,3.8432936668395996,0.17352895898511633
2387,468.6915283203125,2.9578002795460634e-05,9.110613063967321e-08,302.9306640625,0.0016279392875730991,3.842027425765991,0.1596259590005502
2388,467.88104248046875,2.9164528314140625e-05,3.2741809263825417e-09,302.66864013671875,0.0016229563625529408,3.8407599925994873,0.1593300420208834
2389,467.0700378417969,2.8705402655759826e-05,6.7535665948526e-08,302.415771484375,0.0016177698271349072,3.839491605758667,0.16636033297982067
2390,466.26898193359375,2.829111872415524e-05,2.29929355555214e-08,302.1581726074219,0.0016127937706187367,3.8382222652435303,0.18588391604134813
2391,465.470947265625,2.7876070817001164e-05,1.9653271010611206e-08,301.90264892578125,0.0016077872132882476,3.8369522094726562,0.17299350001849234
2392,464.67962646484375,2.7455967938294634e-05,7.361472853517625e-08,301.6504821777344,0.0016027620295062661,3.835681676864624,0.18561341700842604
2393,463.895263671875,2.7094252800452523e-05,2.1393589122453704e-09,301.3928527832031,0.0015979279996827245,3.8344106674194336,0.1747017090092413
2394,463.1116943359375,2.6704125048127025e-05,8.543997864762787e-08,301.14410400390625,0.0015928865177556872,3.833139181137085,0.17955733399139717
2395,462.3351135253906,2.6362713470007293e-05,8.645884008728899e-09,300.88604736328125,0.0015881191939115524,3.8318674564361572,0.18207095901016146
2396,461.56231689453125,2.6016808988060802e-05,3.440641194174532e-08,300.6340637207031,0.001583231263794005,3.8305954933166504,0.16932524996809661
2397,460.79638671875,2.5665336579550058e-05,5.216884346737061e-08,300.3821716308594,0.0015784248244017363,3.8293232917785645,0.18972262501483783
2398,460.0348815917969,2.5340852516819723e-05,4.143885234952904e-09,300.1282958984375,0.0015737209469079971,3.8280510902404785,0.17983645800268278
2399,459.2801513671875,2.50029333983548e-05,9.342352313979063e-08,299.8818359375,0.0015688866842538118,3.8267788887023926,0.17458870803238824
2400,458.5270690917969,2.4682676666998304e-05,6.87805368215777e-10,299.6274108886719,0.0015643134247511625,3.8255069255828857,0.16731479100417346
2401,457.77874755859375,2.4330956875928678e-05,8.627830538898706e-08,299.3841552734375,0.0015595289878547192,3.824235200881958,0.15424583299318328
2402,457.03497314453125,2.40261488215765e-05,6.805066732340492e-09,299.1329650878906,0.0015549873933196068,3.8229637145996094,0.1560688330209814
2403,456.2944030761719,2.3691918613621965e-05,3.784953150898218e-08,298.8880615234375,0.0015503335744142532,3.821692705154419,0.15453045797767118
2404,455.55999755859375,2.3371554561890662e-05,4.522826202446595e-08,298.6419982910156,0.0015457631088793278,3.8204221725463867,0.16573141695698723
2405,454.8293151855469,2.3053369659464806e-05,2.954948286060244e-09,298.39459228515625,0.0015412908978760242,3.819152355194092,0.17102954199071974
2406,454.1055908203125,2.274191501783207e-05,8.995834832603578e-08,298.1534729003906,0.0015366892330348492,3.817883253097534,0.17589775001397356
2407,453.3824768066406,2.2451778932008892e-05,2.90333446173463e-09,297.9046325683594,0.0015323236584663391,3.816615104675293,0.17486662499140948
2408,452.66387939453125,2.2152844394440763e-05,4.522826202446595e-08,297.6628723144531,0.0015278117498382926,3.815347671508789,0.18464170896913856
2409,451.9499816894531,2.185424091294408e-05,3.079185262322426e-08,297.4190979003906,0.0015234238235279918,3.8140814304351807,0.17372304102173075
2410,451.2396240234375,2.1568181182374246e-05,1.1004885891452432e-08,297.174072265625,0.0015190760605037212,3.8128161430358887,0.1784400829928927
2411,450.5345458984375,2.1281255612848327e-05,5.6843418860808015e-08,296.9345703125,0.0015146617079153657,3.811552047729492,0.18745433300500736
2412,449.831298828125,2.1012641809647903e-05,1.0122903404408135e-08,296.6896057128906,0.0015103943878784776,3.810289144515991,0.18976116698468104
2413,449.13311767578125,2.0739218598464504e-05,3.3179276215378195e-08,296.4476013183594,0.0015060828300192952,3.809027671813965,0.1813229579711333
2414,448.439208984375,2.0469744413276203e-05,2.8332806323305704e-08,296.2052001953125,0.0015018421690911055,3.807767391204834,0.20339475001674145
2415,447.74761962890625,2.020738975261338e-05,1.560783857712522e-08,295.9637145996094,0.001497616176493466,3.8065085411071777,0.33534662501187995
2416,447.0592346191406,1.994140438910108e-05,3.934837877750397e-08,295.72265625,0.001493385061621666,3.805251359939575,0.17537583300145343
2417,446.37628173828125,1.9696222807397135e-05,1.6945932657108642e-08,295.4816589355469,0.0014892329927533865,3.8039956092834473,0.16639845800818875
2418,445.696044921875,1.944992800417822e-05,2.5976078177336603e-08,295.2406921386719,0.001485077547840774,3.802741527557373,0.16791370802093297
2419,445.0201110839844,1.9207795048714615e-05,2.9795955924782902e-08,295.0003662109375,0.0014809598214924335,3.8014893531799316,0.15358187502715737
2420,444.34521484375,1.8963026377605274e-05,1.7953652786673047e-08,294.7605895996094,0.0014768652617931366,3.800238847732544,0.15268183295847848
2421,443.67535400390625,1.8732724129222333e-05,2.7694341042661108e-08,294.5202941894531,0.001472790027037263,3.798990249633789,0.1664156669867225
2422,443.0096435546875,1.8516137060942128e-05,2.4461769498884678e-08,294.27862548828125,0.001468769507482648,3.797743320465088,0.16340683301677927
2423,442.3467102050781,1.8291631931788288e-05,1.8081664165947586e-08,294.03948974609375,0.0014647626085206866,3.7964982986450195,0.16029533301480114
2424,441.6860046386719,1.8061908122035675e-05,3.3527612686157227e-08,293.79998779296875,0.0014607647899538279,3.795255422592163,0.16143662499962375
2425,441.029296875,1.7839174688560888e-05,1.3648104868480004e-08,293.5599060058594,0.0014568411279469728,3.7940144538879395,0.16449350002221763
2426,440.3760070800781,1.7631335140322335e-05,3.953778104914818e-08,293.3208923339844,0.0014528802130371332,3.7927756309509277,0.16047549998620525
2427,439.72637939453125,1.741625601425767e-05,1.1205884220544249e-08,293.08026123046875,0.0014490336179733276,3.791538953781128,0.1537028329912573
2428,439.0787353515625,1.7203979950863868e-05,3.422974259592593e-08,292.8421936035156,0.0014451274182647467,3.79030442237854,0.14756383304484189
2429,438.434326171875,1.6994479665299878e-05,1.2879354471806437e-08,292.603271484375,0.0014413032913580537,3.789072036743164,0.14531854196684435
2430,437.7937927246094,1.6785284969955683e-05,4.049161361763254e-08,292.36688232421875,0.0014374431921169162,3.787841796875,0.14967179100494832
2431,437.1554870605469,1.6585152479819953e-05,6.041091182851233e-09,292.1267395019531,0.0014336963649839163,3.786613941192627,0.15290975000243634
2432,436.5203857421875,1.6373676771763712e-05,5.6389581004623324e-08,291.8921203613281,0.0014298525638878345,3.785388469696045,0.15791537502082065
2433,435.88916015625,1.6185133063117974e-05,3.2741809263825417e-09,291.6519775390625,0.0014261833857744932,3.784165382385254,0.1533214999944903
2434,435.25830078125,1.5983379853423685e-05,4.895264282822609e-08,291.4163818359375,0.001422386965714395,3.782944917678833,0.1652817499707453
2435,434.63177490234375,1.579520721861627e-05,9.36984179134015e-09,291.178466796875,0.0014187287306413054,3.781726837158203,0.1553182920324616
2436,434.00677490234375,1.5604382497258484e-05,2.675028554222081e-08,290.9400329589844,0.0014150362694635987,3.7805113792419434,0.15609150001546368
2437,433.38653564453125,1.542407881061081e-05,2.8172507882118225e-08,290.70318603515625,0.0014113810611888766,3.7792983055114746,0.17096174997277558
2438,432.7690124511719,1.5252270713972393e-05,7.781864042044617e-09,290.4643859863281,0.0014077862724661827,3.778087854385376,0.16129537497181445
2439,432.1521301269531,1.5062913007568568e-05,5.0870085033238865e-08,290.2281188964844,0.0014041262911632657,3.7768800258636475,0.1615330419735983
2440,431.54156494140625,1.4912462575011887e-05,2.954948286060244e-09,289.9873046875,0.0014006273122504354,3.775675058364868,0.1612072080024518
2441,430.9290466308594,1.47202008520253e-05,5.0870085033238865e-08,289.7543640136719,0.0013969757128506899,3.774472713470459,0.16169887501746416
2442,430.3208312988281,1.456010159017751e-05,6.726622814312577e-09,289.51446533203125,0.0013934967573732138,3.77327299118042,0.15891900000860915
2443,429.715576171875,1.4393189303518739e-05,2.461115400365088e-08,289.27850341796875,0.0013899531913921237,3.77207612991333,0.14800958399428055
2444,429.1151428222656,1.4237131836125627e-05,3.7111021811142564e-08,289.0426940917969,0.0013864502543583512,3.7708818912506104,0.1487654999946244
2445,428.51495361328125,1.4080136679694988e-05,6.87805368215777e-10,288.8021240234375,0.0013830476673319936,3.76969051361084,0.14750108297448605
2446,427.91839599609375,1.3903557373851072e-05,9.430004865862429e-08,288.5712890625,0.0013794731348752975,3.7685019969940186,0.145709749951493
2447,427.32647705078125,1.3768756616627797e-05,5.184347173781134e-09,288.32733154296875,0.0013762176968157291,3.7673163414001465,0.15523650002432987
2448,426.73577880859375,1.3582721294369549e-05,1.5891055227257311e-07,288.099365234375,0.0013726222096011043,3.7661335468292236,0.1549813750316389
2449,426.1463623046875,1.3445554941426963e-05,2.1991809262544848e-08,287.85479736328125,0.0013694481458514929,3.76495361328125,0.15502291696611792
2450,425.55914306640625,1.3266065252537373e-05,1.891166903078556e-07,287.6288146972656,0.0013658481184393167,3.7637767791748047,0.1678206249489449
2451,424.9719543457031,1.314866040047491e-05,2.1290361473802477e-08,287.3805847167969,0.0013627439038828015,3.7626028060913086,0.1588393339770846
2452,424.38812255859375,1.2981476174900308e-05,1.5550745047221426e-07,287.15496826171875,0.001359194633550942,3.761431932449341,0.1620457919780165
2453,423.80517578125,1.2855080058216117e-05,6.341224434436299e-09,286.9107666015625,0.001356082851998508,3.7602639198303223,0.15754599997308105
2454,423.22491455078125,1.2706345842161682e-05,9.459313332627062e-08,286.6799621582031,0.001352648832835257,3.759099006652832,0.15936670801602304
2455,422.6464538574219,1.2579185749928001e-05,1.2028067430946976e-10,286.4378356933594,0.00134950689971447,3.75793719291687,0.15819170902250335
2456,422.070556640625,1.242281541635748e-05,5.001334102416877e-08,286.2051696777344,0.0013461810303851962,3.7567782402038574,0.16768066701479256
2457,421.49896240234375,1.2298340152483433e-05,8.824144970276393e-09,285.9663391113281,0.0013430193066596985,3.755622386932373,0.16299562499625608
2458,420.9291076660156,1.2161600352555979e-05,1.7446154743083753e-08,285.72967529296875,0.0013398154405876994,3.754469633102417,0.1624346660100855
2459,420.36163330078125,1.2033066923322622e-05,2.6594534574542195e-08,285.49334716796875,0.0013366233324632049,3.7533199787139893,0.15080041700275615
2460,419.7947998046875,1.1891646863659844e-05,8.645884008728899e-09,285.2562255859375,0.0013334853574633598,3.75217342376709,0.14986950001912192
2461,419.23187255859375,1.1772731340897735e-05,3.180412022629753e-08,285.0201721191406,0.0013303124578669667,3.751030206680298,0.14967787498608232
2462,418.67047119140625,1.165563389804447e-05,8.469442036584951e-09,284.781982421875,0.001327220699749887,3.749890089035034,0.14941879198886454
2463,418.111083984375,1.1526167327247094e-05,2.521323949622456e-08,284.5481262207031,0.0013240780681371689,3.748753070831299,0.15825974999461323
2464,417.5537109375,1.1392595297365915e-05,2.213346306234598e-08,284.3125,0.0013209972530603409,3.747619152069092,0.16180804203031585
2465,416.9996337890625,1.1279410500719678e-05,2.2737367544323206e-09,284.0736083984375,0.0013179783709347248,3.746488571166992,0.16611420799745247
2466,416.4466552734375,1.1144493328174576e-05,8.460574463242665e-08,283.8417663574219,0.0013148196740075946,3.745361089706421,0.1601377499755472
2467,415.89727783203125,1.1045225619454868e-05,8.91395757207647e-09,283.5980224609375,0.0013119382783770561,3.744236707687378,0.15887012501480058
2468,415.3514404296875,1.090699606720591e-05,1.7289130482822657e-07,283.3705749511719,0.0013087284751236439,3.7431156635284424,0.15760620799846947
2469,414.8070373535156,1.0826829566212837e-05,4.665912456403021e-08,283.1217956542969,0.0013059789780527353,3.741997718811035,0.15885662502842024
2470,414.267333984375,1.0679456863726955e-05,2.965325620607473e-07,282.89898681640625,0.0013027075910940766,3.7408831119537354,0.15759129100479186
2471,413.72918701171875,1.0616051440592855e-05,1.2283294381632004e-07,282.64459228515625,0.0013001069892197847,3.739771604537964,0.15364741598023102
2472,413.195556640625,1.0463569196872413e-05,4.514006377576152e-07,282.4266357421875,0.001296774484217167,3.7386634349823,0.15841733396518975
2473,412.66094970703125,1.0394273886049632e-05,2.3102620616555214e-07,282.16729736328125,0.0012943112524226308,3.737558603286743,0.15702166699338704
2474,412.133056640625,1.0221662705589551e-05,6.656412097072462e-07,281.9555969238281,0.001290887244977057,3.736456871032715,0.15229908301262185
2475,411.611572265625,1.0187010047957301e-05,4.374144282337511e-07,281.690673828125,0.0012885844334959984,3.735358476638794,0.1508287080214359
2476,411.09844970703125,1.0004066098190378e-05,1.0825542631209828e-06,281.48443603515625,0.001285053207539022,3.7342634201049805,0.14817300002323464
2477,410.5960693359375,9.992380910262e-06,8.904955848265672e-07,281.21026611328125,0.0012829750776290894,3.7331714630126953,0.1485430839820765
2478,410.11260986328125,9.777251761988737e-06,1.959982910193503e-06,281.0169982910156,0.0012792188208550215,3.7320828437805176,0.15482145897112787
2479,409.653076171875,9.812320968194399e-06,1.9586479993449757e-06,280.72650146484375,0.0012774948263540864,3.7309975624084473,0.15745075000450015
2480,409.23272705078125,9.546774890623055e-06,3.876411938108504e-06,280.5531311035156,0.0012733729090541601,3.7299156188964844,0.1591433749999851
2481,408.8713073730469,9.647224032960366e-06,4.4843727664556354e-06,280.23822021484375,0.0012721994426101446,3.728837013244629,0.16927179199410602
2482,408.5966491699219,9.31104295887053e-06,8.240112947532907e-06,280.096435546875,0.0012674509780481458,3.727761745452881,0.15994058299111202
2483,408.46551513671875,9.513286386209074e-06,1.0609837772790343e-05,279.7425537109375,0.0012671067379415035,3.726689577102661,0.15528608299791813
2484,408.5549621582031,9.06892182683805e-06,1.8597787857288495e-05,279.64794921875,0.001261403551325202,3.725620746612549,0.19051229197066277
2485,409.00933837890625,9.408784535480663e-06,2.598337596282363e-05,279.233642578125,0.001262364792637527,3.724555253982544,0.16526495898142457
2486,410.0615234375,8.784706551523414e-06,4.4565240386873484e-05,279.2206115722656,0.0012550591491162777,3.7234930992126465,0.1632128749624826
2487,412.09368896484375,9.37407912715571e-06,6.635420868406072e-05,278.7060852050781,0.00125814788043499,3.7224340438842773,0.1606279579573311
2488,415.7651672363281,8.440821147814859e-06,0.00011275650467723608,278.8283996582031,0.0012481705052778125,3.7213783264160156,0.16317216597963125
2489,422.2107238769531,9.46298041526461e-06,0.00017636880511417985,278.1465148925781,0.0012548101367428899,3.7203257083892822,0.1546865829732269
2490,433.42120361328125,8.022561814868823e-06,0.00030086387414485216,278.5009460449219,0.0012403161963447928,3.7192766666412354,0.15108220797264948
2491,452.8765869140625,9.764209607965313e-06,0.0004905397654511034,277.5430603027344,0.0012530311942100525,3.7182304859161377,0.1481190409976989
2492,486.6810607910156,7.449060376529815e-06,0.0008455581846646965,278.3130798339844,0.001230672700330615,3.7171876430511475,0.15101433399831876
2493,545.8358154296875,1.0529613064136356e-05,0.0014248649822548032,276.8908996582031,0.0012540542520582676,3.7161471843719482,0.15231183299329132
2494,649.8987426757812,6.6855832301371265e-06,0.002490110695362091,278.4319763183594,0.001217871904373169,3.7151103019714355,0.15844933298649266
2495,834.809326171875,1.2336830877757166e-05,0.00431273877620697,276.2687072753906,0.0012603307841345668,3.7140748500823975,0.16019387502456084
2496,1164.6527099609375,5.7882675719156396e-06,0.007648341357707977,279.2875061035156,0.001199522172100842,3.7130422592163086,0.159894542011898
2497,1757.5186767578125,1.6988091374514624e-05,0.013520170003175735,276.10699462890625,0.001276958966627717,3.712008476257324,0.16691087500657886
2498,2816.291259765625,5.202735337661579e-06,0.024165550246834755,282.003173828125,0.001172128482721746,3.710975170135498,0.15779929200652987
2499,4704.6748046875,3.102151822531596e-05,0.042918819934129715,278.2369689941406,0.0013145393459126353,3.709933280944824,0.15948875003959984
2500,7954.6796875,7.222410204121843e-06,0.07551442086696625,289.2303771972656,0.0011328492546454072,3.708883285522461,0.16773604101035744
2501,13321.9716796875,8.344618981936947e-05,0.1288527399301529,288.9923095703125,0.0013936078175902367,3.707803249359131,0.16453291702782735
2502,21090.298828125,2.961561767733656e-05,0.2067468762397766,303.6670227050781,0.001089816214516759,3.7066853046417236,0.16096075001405552
2503,30196.85546875,0.00030515098478645086,0.2969294488430023,320.0970458984375,0.0015329603338614106,3.7054812908172607,0.15525004197843373
2504,35340.921875,0.00023362439242191613,0.34894075989723206,313.5540466308594,0.0010992774041369557,3.704157829284668,0.14935670897830278
2505,29837.390625,0.0010256986133754253,0.29217857122421265,351.6655578613281,0.001652973354794085,3.7026431560516357,0.14676999999210238
2506,13709.0263671875,0.0012133180862292647,0.131409153342247,314.5150146484375,0.001322646625339985,3.7008848190307617,0.14752066700020805
2507,1370.7672119140625,0.001996856415644288,0.006750499829649925,337.1564025878906,0.001588752493262291,3.69885516166687,0.14488662499934435
2508,4612.76953125,0.0024124765768647194,0.038520973175764084,349.4878234863281,0.0016993657918646932,3.6965630054473877,0.1581574169686064
2509,13865.1748046875,0.002186806406825781,0.13164158165454865,334.9098205566406,0.001474255695939064,3.6940410137176514,0.32079487503506243
2510,12336.3505859375,0.002391432411968708,0.1157473623752594,344.6627197265625,0.001778074074536562,3.691359281539917,0.16360758297378197
2511,2902.370849609375,0.0018923283787444234,0.02236861363053322,323.4486083984375,0.0015282782260328531,3.688577175140381,0.1575757089885883
2512,1672.797119140625,0.001467696507461369,0.010504677891731262,322.34771728515625,0.0015321196988224983,3.685783863067627,0.18652466702042148
2513,7936.1708984375,0.0010833499254658818,0.07319537550210953,334.7288818359375,0.0017356938915327191,3.6830837726593018,0.15157220896799117
2514,7741.048828125,0.0005568241467699409,0.07195575535297394,342.4161071777344,0.0014737469609826803,3.680548906326294,0.15898325003217906
2515,1723.84326171875,0.0003381592105142772,0.01161385141313076,356.98931884765625,0.0017165279714390635,3.6782641410827637,0.1640887499670498
2516,1564.5447998046875,0.0001513768802396953,0.009975962340831757,374.99676513671875,0.0017681403551250696,3.676286458969116,0.16140579205239192
2517,5701.9697265625,3.771123374463059e-05,0.05143086984753609,392.82501220703125,0.001622864045202732,3.6746439933776855,0.1608707089908421
2518,4590.12353515625,1.8944861949421465e-05,0.039888422936201096,405.6370544433594,0.0019374968251213431,3.673365831375122,0.1538984160288237
2519,848.0050048828125,5.111774498800514e-06,0.0026098715607076883,407.51373291015625,0.0017899293452501297,3.672431468963623,0.14691449998645112
2520,1928.574462890625,4.460171112441458e-06,0.013439341448247433,408.6341552734375,0.0017556005623191595,3.671811819076538,0.14557820896152407
2521,4207.80224609375,1.8333463231101632e-05,0.036112524569034576,398.9914855957031,0.001957251224666834,3.6714799404144287,0.14818158303387463
2522,2332.166015625,3.823278530035168e-05,0.017628775909543037,393.37957763671875,0.0017208567587658763,3.6713685989379883,0.14746287500020117
2523,570.813720703125,9.459831926506013e-05,6.514016422443092e-05,376.8019714355469,0.0017803787486627698,3.6714301109313965,0.15911504201358184
2524,2211.491943359375,0.00018008162442129105,0.01645824685692787,362.0463562011719,0.0018561265897005796,3.6716198921203613,0.16157170798396692
2525,2779.567626953125,0.00026926049031317234,0.02228468284010887,357.23480224609375,0.001669385121203959,3.671875476837158,0.17275700002210215
2526,967.9436645507812,0.00039132070378400385,0.0040586874820292,342.84063720703125,0.0018010225612670183,3.672171115875244,0.16199637501267716
2527,889.5343627929688,0.0004937847261317074,0.0032339238096028566,336.4903259277344,0.001802731421776116,3.6724774837493896,0.1589689159882255
2528,2150.49169921875,0.0005606168415397406,0.015905193984508514,333.80322265625,0.0017010747687891126,3.67276668548584,0.1645532080437988
2529,1534.4404296875,0.0006109317182563245,0.009580005891621113,330.0195007324219,0.001853271620348096,3.6730453968048096,0.15867887501372024
2530,570.2875366210938,0.000610981835052371,1.5359537428594194e-05,327.6056213378906,0.0018004777375608683,3.6733083724975586,0.1559628329705447
2531,1274.931884765625,0.0005718955071642995,0.007142559625208378,327.1875915527344,0.0017629868816584349,3.673560857772827,0.15960587497102097
2532,1628.0169677734375,0.0005138330161571503,0.010579095222055912,329.1648254394531,0.0018955932464450598,3.673830032348633,0.1594250419875607
2533,779.98681640625,0.00043115331209264696,0.0022597520146518946,329.89404296875,0.0018100219313055277,3.6741247177124023,0.1596238750498742
2534,688.431396484375,0.0003478467697277665,0.0013745587784796953,333.16827392578125,0.0018302260432392359,3.674466133117676,0.15146033302880824
2535,1298.5218505859375,0.0002720315824262798,0.007400177419185638,338.5213623046875,0.001927795703522861,3.6748807430267334,0.14712829201016575
2536,1051.16650390625,0.000202186347451061,0.0050599230453372,341.3301696777344,0.0018362529808655381,3.675374984741211,0.14785133302211761
2537,555.707275390625,0.00015428154438268393,4.768011422129348e-05,345.4880065917969,0.0019002313492819667,3.675964832305908,0.14973120798822492
2538,852.1564331054688,0.0001199932157760486,0.0029672475066035986,349.1966247558594,0.0019423572812229395,3.6766586303710938,0.15592524997191504
2539,1085.5450439453125,9.586633677827194e-05,0.005410828161984682,348.9422607421875,0.0018593337154015899,3.677448272705078,0.15546500001801178
2540,704.2625732421875,8.887752483133227e-05,0.001516431337222457,350.27117919921875,0.0019346048356965184,3.678332805633545,0.15735733299516141
2541,578.8760986328125,8.864616393111646e-05,0.00030583023908548057,348.08709716796875,0.0019134136382490396,3.679298162460327,0.16451770899584517
2542,872.4197387695312,9.540235623717308e-05,0.0033351986203342676,344.0920715332031,0.0018526759231463075,3.6803231239318848,0.15738704102113843
2543,831.1019897460938,0.00011405645636841655,0.0028695184737443924,341.4139404296875,0.0019133054884150624,3.681394338607788,0.15826695802388713
2544,556.6885986328125,0.00013492848665919155,0.0002213771949755028,335.89642333984375,0.0018516163108870387,3.6824874877929688,0.15489108400652185
2545,627.0441284179688,0.00016072783910203725,0.0009717107750475407,331.29681396484375,0.0018250346183776855,3.683581829071045,0.15191795898135751
2546,788.6777954101562,0.00019051307754125446,0.0025598828215152025,327.4541931152344,0.0018618401372805238,3.684664487838745,0.15078512497711927
2547,648.9279174804688,0.00021326904243323952,0.0012486341875046492,323.518798828125,0.0017921880353242159,3.685716152191162,0.15448154200566933
2548,524.743408203125,0.00023480660456698388,9.076103197003249e-06,320.4657287597656,0.0017988941399380565,3.6867284774780273,0.15629816701402888
2549,643.421142578125,0.0002489247708581388,0.001192430965602398,318.24212646484375,0.0018104343907907605,3.687696933746338,0.16054275003261864
2550,686.2006225585938,0.0002503958239685744,0.0016916431486606598,316.68896484375,0.0017530776094645262,3.6886146068573,0.15342287498060614
2551,554.5419311523438,0.0002496136003173888,0.0003620356146711856,315.3824768066406,0.0017799453344196081,3.689485549926758,0.14676641701953486
2552,530.2908935546875,0.0002390046720393002,0.00015139594324864447,314.60015869140625,0.0017665064660832286,3.690312147140503,0.1483446250203997
2553,622.06298828125,0.00022174094920046628,0.001126900315284729,314.1998291015625,0.0017299901228398085,3.691096782684326,0.17628983303438872
2554,600.9476928710938,0.00020644449978135526,0.0009049976943060756,313.7926940917969,0.0017601079307496548,3.6918485164642334,0.15325433301040903
2555,512.604248046875,0.00018561533943284303,7.570475281681865e-05,313.6456604003906,0.0017282660119235516,3.6925714015960693,0.15645283297635615
2556,531.0445556640625,0.00016667754971422255,0.00029220947180874646,313.62188720703125,0.001715339720249176,3.6932709217071533,0.17040283302776515
2557,584.0491943359375,0.0001518157368991524,0.0008192001841962337,313.4427490234375,0.0017350484849885106,3.6939544677734375,0.16009033395675942
2558,545.5751953125,0.00013534422032535076,0.0004886827664449811,313.49249267578125,0.0016968002310022712,3.6946229934692383,0.15747637499589473
2559,496.0772705078125,0.00012522804900072515,2.480603370713652e-06,313.03863525390625,0.001702677458524704,3.695280075073242,0.15885362500557676
2560,523.3445434570312,0.00011778097541537136,0.00028797006234526634,312.4419860839844,0.0017032746691256762,3.695927143096924,0.1705798750044778
2561,548.9330444335938,0.00011101640848210081,0.0005906106671318412,311.76171875,0.001670086057856679,3.696561336517334,0.15828662499552593
2562,513.2171630859375,0.0001108607102651149,0.00023326740483753383,310.4394836425781,0.0016836487920954823,3.6971817016601562,0.1661037920275703
2563,486.7867431640625,0.00011096616799477488,1.149033778347075e-06,309.0324401855469,0.0016654280479997396,3.697783946990967,0.1668008750420995
2564,509.2746887207031,0.00011307065142318606,0.0002596992999315262,307.44842529296875,0.0016454925062134862,3.6983625888824463,0.16014316701330245
2565,520.007080078125,0.00011938807438127697,0.00036940359859727323,305.58416748046875,0.0016554375179111958,3.6989142894744873,0.14777933404548094
2566,492.6544189453125,0.00012331840116530657,0.00013699402916245162,303.8447265625,0.0016277842223644257,3.699432373046875,0.14801458298461512
2567,478.06243896484375,0.00012932848767377436,7.826585715520196e-06,302.0485534667969,0.0016229834873229265,3.6999125480651855,0.14674758299952373
2568,493.84490966796875,0.00013492572179529816,0.00017733266577124596,300.36871337890625,0.0016225037397816777,3.7003519535064697,0.14943316602148116
2569,498.2948303222656,0.00013642256089951843,0.0002585172769613564,299.05889892578125,0.0015974193811416626,3.700747013092041,0.154142374987714
2570,479.1291198730469,0.00013897968165110797,7.308905333047733e-05,297.6859130859375,0.0016023633070290089,3.7010977268218994,0.1620394170167856
2571,469.969970703125,0.00013738218694925308,4.637116944650188e-06,296.6856384277344,0.0015908237546682358,3.701404094696045,0.15951054100878537
2572,480.0295104980469,0.00013306834443937987,0.00013195133942645043,295.9354248046875,0.001575921312905848,3.701667070388794,0.16437095898436382
2573,482.2940673828125,0.0001291482476517558,0.00016074748418759555,295.15869140625,0.001581458025611937,3.701889991760254,0.1644392919843085
2574,469.1224365234375,0.00012120021710870788,5.911337575525977e-05,294.744140625,0.0015634694136679173,3.702075242996216,0.16004695900483057
2575,461.99822998046875,0.00011402463132981211,3.470779347480857e-06,294.30035400390625,0.001559483353048563,3.7022266387939453,0.16577424999559298
2576,467.854248046875,0.00010693357762647793,7.459693006239831e-05,293.9013671875,0.0015579984756186604,3.702347755432129,0.16239279200090095
2577,469.78778076171875,9.838513506110758e-05,0.00012165473162895069,293.7087097167969,0.0015407506143674254,3.7024412155151367,0.1631172919878736
2578,461.10858154296875,9.270178998121992e-05,4.291283403290436e-05,293.2579040527344,0.0015428921906277537,3.702510356903076,0.16425774997333065
2579,454.84234619140625,8.657748549012467e-05,5.893753041164018e-09,292.9322814941406,0.0015325173735618591,3.702556848526001,0.15726104198256508
2580,457.57855224609375,8.15040257293731e-05,4.6690933231730014e-05,292.56097412109375,0.0015219809720292687,3.7025821208953857,0.1485577089479193
2581,459.5785217285156,7.872565038269386e-05,7.495978934457526e-05,291.9245300292969,0.0015228546690195799,3.702587127685547,0.14954399998532608
2582,454.3551940917969,7.529456343036145e-05,4.56347806903068e-05,291.4642028808594,0.001507980632595718,3.702571392059326,0.1484023749944754
2583,448.6981201171875,7.410559192067012e-05,8.443132628599415e-07,290.720458984375,0.0015048265922814608,3.7025346755981445,0.14601912500802428
2584,448.84478759765625,7.346049096668139e-05,1.6039666661527008e-05,289.96051025390625,0.0014993424993008375,3.7024760246276855,0.15401441702852026
2585,450.48175048828125,7.273176743183285e-05,5.2573894208762795e-05,289.27850341796875,0.0014867266872897744,3.7023940086364746,0.15601012494880706
2586,447.8377380371094,7.383491902146488e-05,3.465152622084133e-05,288.3602600097656,0.001486288383603096,3.702287435531616,0.16865641705226153
2587,443.2230224609375,7.404608186334372e-05,6.765963917132467e-06,287.6258850097656,0.0014751594280824065,3.7021548748016357,0.15939466695999727
2588,441.724853515625,7.476175960619003e-05,5.6185945140896365e-06,286.8435363769531,0.0014684327179566026,3.7019948959350586,0.1578747080056928
2589,442.59442138671875,7.57815214456059e-05,2.4536017008358613e-05,286.0414733886719,0.001465211738832295,3.7018070220947266,0.16263649996835738
2590,441.6033935546875,7.538562203990296e-05,3.282917896285653e-05,285.44451904296875,0.0014533739304170012,3.7015902996063232,0.16221987502649426
2591,438.3237609863281,7.571823516627774e-05,9.13365602173144e-06,284.73748779296875,0.0014510108157992363,3.7013449668884277,0.16147829097462818
2592,435.990478515625,7.476587779819965e-05,1.8828814063454047e-09,284.1986999511719,0.0014431498711928725,3.701071262359619,0.161589625000488
2593,435.8155517578125,7.323383761104196e-05,1.248465650860453e-05,283.7271728515625,0.0014351655263453722,3.7007696628570557,0.1617336249910295
2594,435.57135009765625,7.192273915279657e-05,1.8982238543685526e-05,283.2037048339844,0.0014327715616673231,3.700441837310791,0.16342583304503933
2595,433.61865234375,6.91981622367166e-05,1.5340854588430375e-05,282.879638671875,0.0014228512300178409,3.7000889778137207,0.14919533301144838
2596,431.21563720703125,6.709035369567573e-05,1.1644190180959413e-06,282.45733642578125,0.0014193281531333923,3.6997127532958984,0.14602212503086776
2597,430.0728454589844,6.456416303990409e-05,1.4889521935401717e-06,282.1056213378906,0.0014136191457509995,3.699314594268799,0.14976800000295043
2598,429.78778076171875,6.175438466016203e-05,1.2226539183757268e-05,281.81561279296875,0.001405740506015718,3.6988961696624756,0.14657466602511704
2599,428.8370361328125,5.983966184430756e-05,1.1182730304426514e-05,281.4028625488281,0.0014033193001523614,3.698458671569824,0.1567308329977095
2600,426.9864807128906,5.737935134675354e-05,6.259826477617025e-06,281.11248779296875,0.0013951007276773453,3.698003053665161,0.15636116702808067
2601,425.367431640625,5.571651126956567e-05,2.2737367544323206e-11,280.7165832519531,0.0013907919637858868,3.6975302696228027,0.15800408297218382
2602,424.6005554199219,5.4266762163024396e-05,2.4791015675873496e-06,280.3138427734375,0.0013861211482435465,3.6970407962799072,0.3128866670303978
2603,424.0284729003906,5.2761628467123955e-05,9.194282029056922e-06,279.9610900878906,0.0013787179486826062,3.6965348720550537,0.1577359169605188
2604,422.87066650390625,5.204107583267614e-05,5.920948751736432e-06,279.4803771972656,0.0013759409775957465,3.6960129737854004,0.15284108399646357
2605,421.3383483886719,5.101082206238061e-05,2.4971532184281386e-06,279.0938415527344,0.0013689370825886726,3.6954751014709473,0.15673725004307926
2606,420.1412353515625,5.0436043238732964e-05,2.3655957193113863e-07,278.6398010253906,0.0013643417041748762,3.6949210166931152,0.16352708300109953
2607,419.41680908203125,5.0014474254567176e-05,2.2289807475317502e-06,278.1739196777344,0.0013601856771856546,3.6943509578704834,0.1608539160224609
2608,418.67120361328125,4.9302114348392934e-05,6.1647479014936835e-06,277.7804260253906,0.0013534408062696457,3.6937646865844727,0.17108745902078226
2609,417.5588073730469,4.9108948587672785e-05,3.087558297920623e-06,277.294677734375,0.0013504446251317859,3.693162441253662,0.16504137497395277
2610,416.3040771484375,4.8447058361489326e-05,1.1840538718388416e-06,276.9049987792969,0.0013443599455058575,3.6925442218780518,0.14660116599407047
2611,415.29693603515625,4.791995161212981e-05,3.323477812955389e-07,276.48858642578125,0.0013398312730714679,3.6919102668762207,0.14695562503766268
2612,414.5479431152344,4.738095958600752e-05,1.4530960470438004e-06,276.07037353515625,0.00133594183716923,3.691260814666748,0.14695191697683185
2613,413.7596740722656,4.6435510739684105e-05,3.891447704518214e-06,275.72930908203125,0.0013299768324941397,3.690596580505371,0.17111283302074298
2614,412.7545471191406,4.573791738948785e-05,1.68839164871315e-06,275.3249816894531,0.0013268691254779696,3.689917802810669,0.16240433300845325
2615,411.6875,4.4632113713305444e-05,7.277142231032485e-07,275.0020446777344,0.001321494928561151,3.689225435256958,0.15307950001442805
2616,410.7716979980469,4.358862497610971e-05,2.478227543178946e-07,274.659423828125,0.0013172863982617855,3.6885199546813965,0.16989666695008054
2617,410.0135498046875,4.255203384673223e-05,8.416864147875458e-07,274.3150634765625,0.001313591143116355,3.687802314758301,0.1577618339797482
2618,409.24053955078125,4.1260245779994875e-05,2.5746032861206913e-06,274.0285949707031,0.0013082848163321614,3.687073230743408,0.1606630829628557
2619,408.34222412109375,4.028441617265344e-05,1.113532789531746e-06,273.67999267578125,0.001305224490351975,3.686333656311035,0.16173675004392862
2620,407.39752197265625,3.909260703949258e-05,6.963318810448982e-07,273.39093017578125,0.001300276955589652,3.6855838298797607,0.1595367499976419
2621,406.5299377441406,3.8117883377708495e-05,6.65479547024006e-08,273.0716247558594,0.0012963985791429877,3.6848247051239014,0.16624099999899045
2622,405.76416015625,3.723035115399398e-05,2.887938990170369e-07,272.74835205078125,0.0012926390627399087,3.684056520462036,0.16277962498134002
2623,405.0174865722656,3.63166254828684e-05,1.481978188166977e-06,272.45343017578125,0.0012878421694040298,3.6832797527313232,0.15797379100695252
2624,404.21429443359375,3.571425622794777e-05,7.019136774033541e-07,272.1087646484375,0.00128463888540864,3.682494640350342,0.16019329096889123
2625,403.3675842285156,3.498424121062271e-05,7.003166047070408e-07,271.8110046386719,0.0012798813404515386,3.68170166015625,0.14860933303134516
2626,402.5451354980469,3.447421477176249e-05,3.822151484200731e-10,271.479248046875,0.0012761843390762806,3.6809005737304688,0.14650358399376273
2627,401.7834167480469,3.400059722480364e-05,3.2145180739462376e-08,271.1554870605469,0.0012722467072308064,3.6800918579101562,0.1479201249894686
2628,401.0573425292969,3.3492302463855594e-05,7.366907084360719e-07,270.8502502441406,0.0012678417842835188,3.6792752742767334,0.14709441596642137
2629,400.3189392089844,3.313588968012482e-05,3.9497626858064905e-07,270.514892578125,0.0012645095121115446,3.6784512996673584,0.1576539590023458
2630,399.5533447265625,3.261233359808102e-05,6.907723673066357e-07,270.2236022949219,0.001259994343854487,3.677619695663452,0.15027008403558284
2631,398.7828369140625,3.222138911951333e-05,3.565583028830588e-08,269.9037780761719,0.0012565335491672158,3.676780939102173,0.15930870798183605
2632,398.0404052734375,3.1740051781525835e-05,2.270462573505938e-08,269.6080627441406,0.0012525607598945498,3.6759352684020996,0.16706450004130602
2633,397.32562255859375,3.121969348285347e-05,2.379531451879302e-07,269.3193054199219,0.0012486057821661234,3.6750829219818115,0.15974966599605978
2634,396.62451171875,3.075650238315575e-05,1.1623910722846631e-07,269.0187683105469,0.0012451844522729516,3.6742241382598877,0.16068583296146244
2635,395.916748046875,3.0149973099469207e-05,4.6886634663678706e-07,268.7497863769531,0.0012410507770255208,3.6733591556549072,0.16253500001039356
2636,395.20330810546875,2.9659748179255985e-05,6.219329407031182e-08,268.4571228027344,0.0012377399252727628,3.6724884510040283,0.15558454097481444
2637,394.49542236328125,2.903912536567077e-05,1.4154488781059626e-07,268.1909484863281,0.0012338639935478568,3.67161226272583,0.16144420899217948
2638,393.7999267578125,2.8470843972172588e-05,2.7853275241795927e-08,267.9151611328125,0.0012303488329052925,3.67073130607605,0.16075762500986457
2639,393.1212463378906,2.7908808988286182e-05,3.0595401767641306e-09,267.63983154296875,0.0012269022408872843,3.6698455810546875,0.16688987496308982
2640,392.45196533203125,2.7338661311659962e-05,2.53552570939064e-07,267.3755798339844,0.0012231717118993402,3.6689555644989014,0.14778029097942635
2641,391.78466796875,2.6859590434469283e-05,5.616334419755731e-08,267.0943603515625,0.0012199871707707644,3.6680614948272705,0.1471785829635337
2642,391.1141052246094,2.6316827643313445e-05,2.407525698799873e-07,266.8335876464844,0.001216247444972396,3.667163848876953,0.14672587503446266
2643,390.4473571777344,2.5877752705127932e-05,2.5547706172801554e-09,266.55523681640625,0.0012130406685173512,3.666262626647949,0.14553179102949798
2644,389.7886962890625,2.543455411796458e-05,4.362027539173141e-08,266.2866516113281,0.001209542155265808,3.665358066558838,0.15112145798048005
2645,389.140869140625,2.50345347012626e-05,5.326364771462977e-08,266.0148620605469,0.0012061722809448838,3.6644504070281982,0.14906516601331532
2646,388.4988708496094,2.466964906489011e-05,6.386926543200389e-10,265.7401123046875,0.001202917192131281,3.6635398864746094,0.1532292499905452
2647,387.8633117675781,2.4313319954671897e-05,1.3797966857964639e-07,265.473876953125,0.0011994431260973215,3.6626265048980713,0.165252499980852
2648,387.229736328125,2.4015047529246658e-05,3.842615114990622e-09,265.1959533691406,0.0011963191209360957,3.661710500717163,0.16342512500705197
2649,386.5986328125,2.3671034796279855e-05,9.313225746154785e-08,264.93328857421875,0.0011928892927244306,3.6607918739318848,0.1630414169630967
2650,385.9746398925781,2.3367520043393597e-05,7.781864042044617e-09,264.6636657714844,0.0011897344375029206,3.6598706245422363,0.16589649999514222
2651,385.3554992675781,2.304650297446642e-05,8.208189683500677e-09,264.3984375,0.0011865157866850495,3.658946990966797,0.16338916699169204
2652,384.742919921875,2.268850766995456e-05,9.488667274126783e-08,264.1391296386719,0.0011832545278593898,3.6580212116241455,0.16438741696765646
2653,384.1368103027344,2.2390817321138456e-05,4.9133177526528016e-09,263.871337890625,0.001180259045213461,3.6570935249328613,0.16336087498348206
2654,383.5315856933594,2.2023423298378475e-05,1.2383770808810368e-07,263.6182861328125,0.0011769856791943312,3.6561639308929443,0.16174075001617894
2655,382.929931640625,2.170458719774615e-05,1.9122126104775816e-10,263.3541259765625,0.0011740531772375107,3.6552326679229736,0.1614374159835279
2656,382.3322448730469,2.1336283680284396e-05,4.769481165567413e-08,263.10260009765625,0.0011709125246852636,3.6542999744415283,0.14965383301023394
2657,381.7401123046875,2.099133598676417e-05,2.849355951184407e-08,262.84759521484375,0.001167905400507152,3.6533660888671875,0.14660325000295416
2658,381.1523742675781,2.0646490156650543e-05,4.204139258945361e-10,262.5909118652344,0.0011649676598608494,3.6524312496185303,0.14595008303876966
2659,380.5714416503906,2.029107417911291e-05,1.1237011676712427e-07,262.34344482421875,0.0011618766002357006,3.6514954566955566,0.14630804199259728
2660,379.99224853515625,1.9969096683780663e-05,7.531525625381619e-09,262.0853271484375,0.0011590926442295313,3.650559186935425,0.17084887501550838
2661,379.41571044921875,1.9618000806076452e-05,1.285807229578495e-07,261.8402099609375,0.0011560084531083703,3.6496224403381348,0.15152695804135874
2662,378.84149169921875,1.932238410518039e-05,1.0206804290646687e-09,261.5836486816406,0.0011532549979165196,3.6486854553222656,0.1582202500430867
2663,378.27191162109375,1.9031091142096557e-05,5.1085407903883606e-08,261.3354797363281,0.0011502820998430252,3.6477482318878174,0.16204704099800438
2664,377.7041015625,1.8738915969152004e-05,1.7195134205394424e-08,261.08184814453125,0.001147466478869319,3.646811008453369,0.15931599994655699
2665,377.1456298828125,1.8475635442882776e-05,7.2041075327433646e-09,260.8305969238281,0.0011446672724559903,3.645873785018921,0.16163270798278973
2666,376.5871887207031,1.8202517821919173e-05,5.260540092422161e-08,260.581298828125,0.0011418038047850132,3.6449368000030518,0.1632562919985503
2667,376.032958984375,1.7956683223019354e-05,4.204139258945361e-10,260.3271789550781,0.0011391007574275136,3.6440000534057617,0.161115333030466
2668,375.4821472167969,1.7699978343443945e-05,6.630216375924647e-08,260.0804138183594,0.001136251026764512,3.643063545227051,0.15920579101657495
2669,374.9349365234375,1.7471522369305603e-05,2.3283064365386963e-10,259.8261413574219,0.0011336164316162467,3.642127513885498,0.15889012499246746
2670,374.3900146484375,1.722475280985236e-05,5.7756551541388035e-08,259.5805358886719,0.0011308122193440795,3.6411919593811035,0.1616981250117533
2671,373.8484802246094,1.700676693872083e-05,2.3655957193113863e-09,259.3283996582031,0.0011281915940344334,3.6402571201324463,0.16031195904361084
2672,373.31011962890625,1.6775518815848045e-05,3.2660182114341296e-08,259.0816345214844,0.0011254767887294292,3.6393229961395264,0.15939350001281127
2673,372.77410888671875,1.655652158660814e-05,1.4901161193847656e-08,258.8330383300781,0.0011228395160287619,3.6383895874023438,0.15096183301648125
2674,372.2420349121094,1.6346193660865538e-05,1.3871840565116145e-08,258.58477783203125,0.0011202124878764153,3.6374568939208984,0.14945112500572577
2675,371.7137145996094,1.6112797311507165e-05,2.506203600205481e-08,258.3392333984375,0.001117606763727963,3.6365251541137695,0.15280641696881503
2676,371.18572998046875,1.588345185155049e-05,1.0315716281183995e-08,258.0931701660156,0.0011150318896397948,3.635594606399536,0.15223691699793562
2677,370.6634521484375,1.5663772501284257e-05,1.992157194763422e-08,257.8486633300781,0.0011124644661322236,3.6346652507781982,0.15628179197665304
2678,370.1421203613281,1.5438126865774393e-05,1.9122126104775816e-08,257.60443115234375,0.0011099197436124086,3.633737087249756,0.17366966704139486
2679,369.6249084472656,1.5217838154057972e-05,9.277755452785641e-09,257.3605651855469,0.001107416464947164,3.632810115814209,0.16766133403871208
2680,369.1094665527344,1.4998209735495038e-05,3.822151484200731e-08,257.119140625,0.0011048669693991542,3.6318845748901367,0.16591074998723343
2681,368.59796142578125,1.4795763490837999e-05,1.2028067430946976e-10,256.8733215332031,0.0011024506529793143,3.630960702896118,0.1599091250100173
2682,368.0889892578125,1.4571475730917882e-05,8.377560334338341e-08,256.63525390625,0.0010998820653185248,3.6300384998321533,0.16494891699403524
2683,367.5834655761719,1.4393189303518739e-05,4.393086783238687e-09,256.3873291015625,0.0010975637705996633,3.629117965698242,0.16103908303193748
2684,367.07867431640625,1.4181411643221509e-05,1.0668941285985056e-07,256.1524353027344,0.001094974228180945,3.6281991004943848,0.16219474998069927
2685,366.5771179199219,1.4024723896000069e-05,3.961758920922875e-09,255.90399169921875,0.001092702616006136,3.62728214263916,0.16448891698382795
2686,366.0753479003906,1.3823661902279127e-05,8.460574463242665e-08,255.66744995117188,0.0010901705827564,3.6263668537139893,0.16956233297241852
2687,365.5774841308594,1.3661036973644514e-05,5.913989298278466e-10,255.4210968017578,0.0010879021137952805,3.625453472137451,0.15337866701884195
2688,365.081787109375,1.3480110283126123e-05,6.290883902693167e-08,255.18338012695312,0.0010854409774765372,3.624542236328125,0.15183216700097546
2689,364.58782958984375,1.3319524441612884e-05,8.74024408403784e-10,254.9384307861328,0.0010831734398379922,3.6236329078674316,0.14896095800213516
2690,364.0972900390625,1.3149957339919638e-05,2.5364897737745196e-08,254.69854736328125,0.0010808121878653765,3.622725486755371,0.1463045830023475
2691,363.6087646484375,1.2984912245883606e-05,2.2275571609498e-08,254.45677185058594,0.0010785128688439727,3.6218202114105225,0.15324054204393178
2692,363.12274169921875,1.2823898032365832e-05,1.4917986845830455e-09,254.2137451171875,0.001076264539733529,3.6209170818328857,0.15536499995505437
2693,362.64044189453125,1.265158880414674e-05,6.195568857947364e-08,253.97802734375,0.0010739108547568321,3.620016098022461,0.3141559590003453
2694,362.1590576171875,1.2512471585068852e-05,2.0520474208751693e-09,253.73275756835938,0.0010717484401538968,3.619117259979248,0.17122908402234316
2695,361.6808166503906,1.2334318853390869e-05,9.844461601460353e-08,253.49879455566406,0.0010693875374272466,3.618220806121826,0.16610020899679512
2696,361.2047424316406,1.2194048395031132e-05,1.0315716281183995e-08,253.2527618408203,0.001067315461114049,3.6173267364501953,0.16556891601067036
2697,360.7300720214844,1.20173581308336e-05,1.3064072845736519e-07,253.02130126953125,0.0010649396572262049,3.6164348125457764,0.16692758299177513
2698,360.25592041015625,1.1884659215866122e-05,1.7446154743083753e-08,252.77392578125,0.0010629177559167147,3.6155455112457275,0.1628025000100024
2699,359.785400390625,1.1727373021130916e-05,1.362141119898297e-07,252.5420379638672,0.0010605701245367527,3.6146585941314697,0.16183729202020913
2700,359.314453125,1.1595072464842815e-05,1.620924194867257e-08,252.29595947265625,0.0010585737181827426,3.613774061203003,0.16318904201034456
2701,358.8465576171875,1.1436091881478205e-05,1.1558972801140044e-07,252.06324768066406,0.0010562815004959702,3.6128921508789062,0.14813683298416436
2702,358.38043212890625,1.1321086276439019e-05,4.780531526193954e-09,251.81817626953125,0.001054296619258821,3.6120126247406006,0.14690012496430427
2703,357.9149475097656,1.1165993782924488e-05,7.003677637840156e-08,251.58447265625,0.0010520688956603408,3.611135721206665,0.147459166997578
2704,357.4526062011719,1.1046414329030085e-05,3.2741809263825417e-11,251.34104919433594,0.0010500691132619977,3.6102614402770996,0.14947212499100715
2705,356.990966796875,1.0901091627602e-05,3.300579010101501e-08,251.10479736328125,0.0010479275370016694,3.6093897819519043,0.1532926249783486
2706,356.53265380859375,1.077276738215005e-05,9.36984179134015e-09,250.8660888671875,0.0010458834003657103,3.608520746231079,0.151897833973635
2707,356.07537841796875,1.0643646419339348e-05,6.5710992203094065e-09,250.62655639648438,0.0010438380995765328,3.607654333114624,0.15236145904054865
2708,355.62091064453125,1.050796163326595e-05,3.565583028830588e-08,250.39007568359375,0.0010417647426947951,3.606790781021118,0.15080666705034673
2709,355.1687927246094,1.0388125701865647e-05,3.637978807091713e-12,250.14968872070312,0.0010398027952760458,3.6059298515319824,0.1614660419872962
2710,354.71759033203125,1.025561141432263e-05,6.90308752382407e-08,249.91534423828125,0.0010376976570114493,3.605071783065796,0.16357504099141806
2711,354.2699890136719,1.0150516573048662e-05,5.047922968515195e-09,249.6727294921875,0.0010358169674873352,3.6042163372039795,0.1531038749963045
2712,353.82366943359375,1.0019531146099325e-05,1.181981588160852e-07,249.44041442871094,0.001033694832585752,3.6033637523651123,0.18779254198307171
2713,353.3798522949219,9.927671271725558e-06,3.637978807091713e-08,249.19390869140625,0.001031895517371595,3.6025140285491943,0.1652022910420783
2714,352.9391784667969,9.785826478037052e-06,2.3470784071832895e-07,248.96665954589844,0.001029704581014812,3.6016669273376465,0.16284725000150502
2715,352.50091552734375,9.713243343867362e-06,1.0452004062244669e-07,248.71510314941406,0.001028040423989296,3.600822687149048,0.16682699997909367
2716,352.0657043457031,9.557091289025266e-06,3.8544476410606876e-07,248.4932861328125,0.0010257817339152098,3.5999813079833984,0.16090483398875222
2717,351.6366882324219,9.501523891231045e-06,2.468741513439454e-07,248.23770141601562,0.0010242415592074394,3.5991427898406982,0.1470293749589473
2718,351.2131042480469,9.336888069810811e-06,6.931522875675e-07,248.0218505859375,0.0010218825191259384,3.5983071327209473,0.1465752919903025
2719,350.799072265625,9.298316399508622e-06,5.726562903873855e-07,247.75820922851562,0.0010205378057435155,3.5974743366241455,0.14750395802548155
2720,350.3970031738281,9.114931344811339e-06,1.3337930795387365e-06,247.55137634277344,0.0010180074023082852,3.596644401550293,0.14900254202075303
2721,350.0109558105469,9.108094673138112e-06,1.3184180716052651e-06,247.27650451660156,0.0010169179877266288,3.5958173274993896,0.15626408299431205
2722,349.6463928222656,8.890312528819777e-06,2.599145091153332e-06,247.08432006835938,0.0010141312377527356,3.5949931144714355,0.1608669999986887
2723,349.3175354003906,8.921619155444205e-06,2.9076036298647523e-06,246.7946319580078,0.001013399800285697,3.5941717624664307,0.16795658401679248
2724,349.04400634765625,8.653059921925887e-06,5.348397280613426e-06,246.6222686767578,0.0010102158412337303,3.593353509902954,0.15670712501741946
2725,348.8619079589844,8.762108336668462e-06,6.7560449679149315e-06,246.30487060546875,0.0010100522777065635,3.5925381183624268,0.16025458404328674
2726,348.8136291503906,8.40760549181141e-06,1.1836214980576187e-05,246.16661071777344,0.001006226404570043,3.5917258262634277,0.1528627909719944
2727,348.97113037109375,8.631332093500532e-06,1.608170714462176e-05,245.80799865722656,0.0010069183772429824,3.590916395187378,0.1526123330113478
2728,349.47979736328125,8.154104762070347e-06,2.7362351829651743e-05,245.72335815429688,0.001002047909423709,3.5901098251342773,0.15342979098204523
2729,350.5791015625,8.551316568627954e-06,4.012946010334417e-05,245.29762268066406,0.0010041341884061694,3.589306116104126,0.15263954200781882
2730,352.6757507324219,7.869331966503523e-06,6.834994564997032e-05,245.30203247070312,0.0009975179564207792,3.588505506515503,0.1614500000141561
2731,356.4822082519531,8.563521987525746e-06,0.0001066539334715344,244.76406860351562,0.001001963741146028,3.587707757949829,0.16045999998459592
2732,363.18096923828125,7.512966931244591e-06,0.0001827195519581437,244.92591857910156,0.0009923182660713792,3.5869128704071045,0.14924041600897908
2733,374.7911376953125,8.722631719138008e-06,0.0002963977458421141,244.19740295410156,0.0010008170502260327,3.58612060546875,0.14733066700864583
2734,394.9906005859375,7.050446583889425e-06,0.0005105307791382074,244.63856506347656,0.0009859389392659068,3.585331439971924,0.16896775003988296
2735,430.3439025878906,9.185609087580815e-06,0.0008568546618334949,243.59156799316406,0.0010014830622822046,3.5845446586608887,0.14928374998271465
2736,492.6317138671875,6.43582552584121e-06,0.0014969968469813466,244.54122924804688,0.000977471936494112,3.583760976791382,0.15116424998268485
2737,603.3117065429688,1.0314486644347198e-05,0.002587459981441498,242.9718475341797,0.0010056238388642669,3.5829787254333496,0.15359420800814405
2738,800.9151611328125,5.6729786592768505e-06,0.0045892843045294285,244.88978576660156,0.0009652965236455202,3.5821993350982666,0.1663975830306299
2739,1156.4423828125,1.318499562330544e-05,0.008109299466013908,242.54539489746094,0.0010164851555600762,3.5814192295074463,0.1600245420122519
2740,1796.2784423828125,5.000801138521638e-06,0.014547174796462059,246.37132263183594,0.0009468951029703021,3.5806405544281006,0.160741625004448
2741,2949.5478515625,2.1424477381515317e-05,0.02600036934018135,243.26963806152344,0.0010409922106191516,3.5798556804656982,0.1733004580019042
2742,4995.8037109375,5.66786911804229e-06,0.046525321900844574,250.7359161376953,0.0009196894243359566,3.5790657997131348,0.15481770801125094
2743,8545.8876953125,5.0558028306113556e-05,0.08182615041732788,248.8329620361328,0.001093840110115707,3.5782535076141357,0.15578787500271574
2744,14287.2099609375,1.578241790411994e-05,0.1393582820892334,261.15093994140625,0.0008865208947099745,3.5774142742156982,0.15330929204355925
2745,22566.71875,0.00017707241931930184,0.22159644961357117,269.41510009765625,0.0011995104141533375,3.5765066146850586,0.17080041603185236
2746,31467.57421875,0.00011420546070439741,0.3109332025051117,274.9041442871094,0.0008792953449301422,3.575503349304199,0.16768766700988635
2747,35496.69140625,0.0006951028481125832,0.3498454988002777,307.5916442871094,0.0013503882801160216,3.574326515197754,0.15994895802577958
2748,27531.56640625,0.0007863782229833305,0.27074575424194336,276.380859375,0.0010197041556239128,3.572911500930786,0.14920083299512044
2749,10533.322265625,0.001826130785048008,0.09896715730428696,312.6737976074219,0.0014131913194432855,3.5711944103240967,0.15379916602978483
2750,732.8067626953125,0.0022757381666451693,0.0006438124109990895,303.02667236328125,0.0013782503083348274,3.5691468715667725,0.15122458297992125
2751,6662.4130859375,0.0024344013072550297,0.05981134623289108,302.7603759765625,0.0013507787371054292,3.5667917728424072,0.15196024999022484
2752,14828.9443359375,0.002686175284907222,0.14077989757061005,323.31988525390625,0.001590169034898281,3.5642037391662598,0.15692999999737367
2753,10447.8037109375,0.0021527342032641172,0.09800733625888824,300.12054443359375,0.0013167697470635176,3.561444044113159,0.1552347500110045
2754,1506.8948974609375,0.0018949221121147275,0.008767707273364067,296.70220947265625,0.0014392975717782974,3.5586225986480713,0.16119104204699397
2755,2921.2294921875,0.0013724911259487271,0.023379206657409668,300.1850891113281,0.0014587475452572107,3.555854320526123,0.16061058401828632
2756,8883.712890625,0.000757786852773279,0.08369336277246475,311.7913818359375,0.001268080435693264,3.5532386302948,0.1622857500333339
2757,6480.060546875,0.0004726310435216874,0.059468284249305725,329.6702880859375,0.00156298466026783,3.5508980751037598,0.16303954203613102
2758,867.31787109375,0.00020104041323065758,0.0036030265036970377,342.8327941894531,0.0014407839626073837,3.5488951206207275,0.16781570803141221
2759,2536.479248046875,6.727991421939805e-05,0.020221244543790817,363.1170654296875,0.001445094239898026,3.5472826957702637,0.16070045804372057
2760,6132.02587890625,2.626120658533182e-05,0.055745553225278854,381.8280334472656,0.0017301645129919052,3.546107769012451,0.15883749997010455
2761,3610.96240234375,5.163653895579046e-06,0.030732640996575356,387.57769775390625,0.0014960430562496185,3.545341730117798,0.16663637501187623
2762,554.7130126953125,7.223050943139242e-06,8.125453314278275e-05,384.0548400878906,0.0016181040555238724,3.5449652671813965,0.15127287502400577
2763,2657.567626953125,1.8993667254108004e-05,0.02109280787408352,375.9651794433594,0.0017042229883372784,3.544938325881958,0.1459536660113372
2764,4140.4326171875,4.204266588203609e-05,0.03617434948682785,371.6174011230469,0.0014717599842697382,3.5451784133911133,0.14724612497957423
2765,1597.8582763671875,0.0001093895552912727,0.010748087428510189,348.6107177734375,0.0016349982470273972,3.5456390380859375,0.14809395896736532
2766,696.0568237304688,0.00020447262795642018,0.0018360831309109926,334.3880615234375,0.0015761321410536766,3.5462498664855957,0.15753679198678583
2767,2635.224609375,0.00031685602152720094,0.021319594234228134,326.35992431640625,0.0014521970879286528,3.5469398498535156,0.1554434589925222
2768,2392.544677734375,0.00044777110451832414,0.018730107694864273,311.8451843261719,0.0016291153151541948,3.5476856231689453,0.15747970901429653
2769,631.159912109375,0.0005651817191392183,0.0011665892088785768,305.1844787597656,0.0015279834624379873,3.5484368801116943,0.16910574998473749
2770,1207.3330078125,0.000646070868242532,0.006907961331307888,300.72711181640625,0.0015120262978598475,3.5491702556610107,0.1647476659854874
2771,2189.719970703125,0.0006797069800086319,0.01657443679869175,298.3879089355469,0.0016591756138950586,3.5498969554901123,0.16249950003111735
2772,1148.8331298828125,0.0006753411726094782,0.006314520724117756,295.6034240722656,0.0015424350276589394,3.5506019592285156,0.17594866699073464
2773,567.407470703125,0.0006243969546630979,0.0005072177737019956,295.25543212890625,0.001589905354194343,3.5513038635253906,0.16745283402269706
2774,1467.9425048828125,0.0005395588814280927,0.009477881714701653,298.0307922363281,0.0016816775314509869,3.5520334243774414,0.16621170798316598
2775,1440.291015625,0.0004453225410543382,0.009385448880493641,300.0045166015625,0.0015720948576927185,3.552797794342041,0.1586090829805471
2776,578.1563110351562,0.00034922215854749084,0.0007163838017731905,304.82659912109375,0.0016676909290254116,3.5536322593688965,0.16282754205167294
2777,800.1089477539062,0.00026273768162354827,0.002927536377683282,310.6257629394531,0.0017045573331415653,3.5545613765716553,0.14955970901064575
2778,1312.705810546875,0.00019350953516550362,0.008166338317096233,314.2466735839844,0.0016247440362349153,3.555591583251953,0.14733754203189164
2779,854.6200561523438,0.00014484008715953678,0.0034560642670840025,320.5911865234375,0.0017393843736499548,3.5567455291748047,0.1495737920049578
2780,513.009765625,0.00011363163503119722,8.06196330813691e-05,322.25701904296875,0.0017132761422544718,3.5580215454101562,0.14895279199117795
2781,923.6082763671875,9.677187335910276e-05,0.004256556276232004,321.72943115234375,0.0016654604114592075,3.55940842628479,0.15070875000674278
2782,994.622802734375,9.34205309022218e-05,0.004862511530518532,323.5205993652344,0.0017550905467942357,3.560903310775757,0.15536166698439047
2783,571.8956298828125,0.00010039597691502422,0.0007608549203723669,317.97662353515625,0.0016779390862211585,3.562478542327881,0.15483062498969957
2784,584.7489013671875,0.00011686549987643957,0.0009332444169558585,313.4913024902344,0.0016624663257971406,3.5641098022460938,0.1591920829960145
2785,864.8822021484375,0.00014149246271699667,0.0037012312095612288,309.8393249511719,0.0017077054362744093,3.5657784938812256,0.1660139579907991
2786,714.2130126953125,0.00017120494158007205,0.0023233904503285885,302.93438720703125,0.0016181907849386334,3.5674502849578857,0.16447120800148696
2787,482.99749755859375,0.00020433116878848523,9.298679287894629e-06,298.2165832519531,0.0016341793816536665,3.569106340408325,0.15754195797489956
2788,630.4276123046875,0.00023492718173656613,0.0014869405422359705,294.1142578125,0.0016412661643698812,3.570730209350586,0.15072174998931587
2789,735.49609375,0.0002585345064289868,0.002622212516143918,290.32830810546875,0.0015709305880591273,3.572300672531128,0.14863366697682068
2790,550.34033203125,0.0002754436864051968,0.0007429681718349457,287.7980651855469,0.0016070108395069838,3.573815107345581,0.15856675000395626
2791,485.7164306640625,0.00028076546732336283,0.00013151350140105933,285.900146484375,0.0015858836704865098,3.575268030166626,0.3071997500373982
2792,624.893310546875,0.0002752359723672271,0.001581700867973268,284.7438049316406,0.0015445578610524535,3.576655864715576,0.1602179579786025
2793,613.4639282226562,0.00026359051116742194,0.0014472715556621552,284.1515197753906,0.0015822617569938302,3.577988386154175,0.15071987500414252
2794,478.0406494140625,0.0002437030925648287,0.0001578706578584388,283.68731689453125,0.0015419595874845982,3.579267740249634,0.1498353750212118
2795,496.9300537109375,0.0002210651437053457,0.00038301729364320636,283.63690185546875,0.0015288491267710924,3.580500841140747,0.14797879103571177
2796,580.9157104492188,0.0001986474235309288,0.0012199876364320517,283.7385559082031,0.001553136738948524,3.5816996097564697,0.15961670799879357
2797,527.18408203125,0.000174883782165125,0.0007495593745261431,284.0101318359375,0.001507296459749341,3.58286714553833,0.16511825000634417
2798,451.7698669433594,0.00015603371139150113,4.948156856698915e-06,284.02978515625,0.001516419113613665,3.5840117931365967,0.15573808399494737
2799,493.63873291015625,0.00014030667080078274,0.00043707957956939936,284.0065002441406,0.001518936362117529,3.585139036178589,0.1547005000174977
2800,532.3525390625,0.00012687827984336764,0.0008774675079621375,283.9029541015625,0.0014801503857597709,3.5862479209899902,0.16314999997848645
2801,477.953125,0.00012039313878631219,0.00032964220736175776,283.1180419921875,0.0014983155997470021,3.587341547012329,0.16053875000216067
2802,442.171142578125,0.00011621817975537851,5.798597157991026e-06,282.1063537597656,0.0014786309329792857,3.58841609954834,0.16691016702679917
2803,479.4070739746094,0.00011543044820427895,0.000416590046370402,280.7436828613281,0.0014546134043484926,3.589466094970703,0.1630911669926718
2804,492.228271484375,0.00011988094047410414,0.0005442765541374683,278.9930725097656,0.0014681946486234665,3.5904879570007324,0.1628728749928996
2805,449.6898498535156,0.0001242693979293108,0.00016633298946544528,277.0208435058594,0.0014360876521095634,3.5914723873138428,0.16320091602392495
2806,433.6351623535156,0.0001315107656409964,2.6393325242679566e-05,274.94110107421875,0.0014290364924818277,3.5924127101898193,0.160771458002273
2807,460.30328369140625,0.0001396480220137164,0.00030401506228372455,272.8929443359375,0.0014304404612630606,3.593303918838501,0.15812408301280811
2808,462.400390625,0.0001446593669243157,0.00036865248694084585,271.0672607421875,0.0014000197406858206,3.5941383838653564,0.14871425001183525
2809,432.46148681640625,0.0001503870153101161,7.603702397318557e-05,269.3072509765625,0.001405118266120553,3.594913959503174,0.14883962500607595
2810,424.87994384765625,0.00015212139987852424,2.38139255088754e-05,267.9088134765625,0.0013937761541455984,3.5956289768218994,0.1493680829880759
2811,442.506591796875,0.00015006265311967582,0.00023184216115623713,266.857177734375,0.0013745890464633703,3.5962822437286377,0.14864495798246935
2812,441.52789306640625,0.00014735007425770164,0.00022671587066724896,265.8970031738281,0.0013822430046275258,3.5968775749206543,0.18651437503285706
2813,420.92144775390625,0.0001398100721416995,5.358831549528986e-05,265.3040771484375,0.0013627751031890512,3.597416877746582,0.1602371250046417
2814,415.7458801269531,0.00013173506886232644,2.099843550240621e-05,264.8122253417969,0.0013566031120717525,3.5979044437408447,0.15846900001633912
2815,426.7515869140625,0.00012338062515482306,0.00014250673120841384,264.4009094238281,0.0013576193014159799,3.598345994949341,0.16501912497915328
2816,425.9464111328125,0.00011302375787636265,0.0001668746117502451,264.1982421875,0.0013375834096223116,3.5987448692321777,0.16269124997779727
2817,411.90570068359375,0.00010518782801227644,3.576057861209847e-05,263.8350830078125,0.001339757815003395,3.5991060733795166,0.15922279097139835
2818,407.06170654296875,9.724152187118307e-05,7.125346201064531e-06,263.5556640625,0.0013306938344612718,3.599432945251465,0.1594256249954924
2819,413.7579345703125,9.008750203065574e-05,9.752150072017685e-05,263.29217529296875,0.0013170484453439713,3.5997278690338135,0.1620465830201283
2820,414.126708984375,8.57266059028916e-05,0.00010837453010026366,262.74774169921875,0.0013196883955970407,3.5999934673309326,0.16056666598888114
2821,404.7712707519531,8.109664486255497e-05,3.933596599381417e-05,262.3263244628906,0.0013040166813880205,3.6002297401428223,0.16250087501248345
2822,399.63812255859375,7.86748860264197e-05,2.1026792182965437e-06,261.6652526855469,0.0012989509850740433,3.6004369258880615,0.16727249999530613
2823,402.974609375,7.752866804366931e-05,4.777235153596848e-05,260.8883361816406,0.0012955617858096957,3.6006147861480713,0.15862441604258493
2824,404.1737365722656,7.625130820088089e-05,8.311330020660535e-05,260.1919250488281,0.001280453521758318,3.6007611751556396,0.14846325002145022
2825,398.3454284667969,7.716487016296014e-05,3.373697109054774e-05,259.2309265136719,0.0012802431592717767,3.60087513923645,0.14594250003574416
2826,393.186279296875,7.757800631225109e-05,5.357435384212295e-07,258.3863830566406,0.0012698853388428688,3.60095477104187,0.1480703330016695
2827,393.895751953125,7.832422852516174e-05,2.4436914827674627e-05,257.5375671386719,0.0012608207762241364,3.6009981632232666,0.14652537502115592
2828,395.3291320800781,7.980395457707345e-05,4.793728294316679e-05,256.6180725097656,0.0012593691935762763,3.6010043621063232,0.15532308403635398
2829,392.3168640136719,7.977733184816316e-05,3.775516961468384e-05,255.9110870361328,0.0012465252075344324,3.6009719371795654,0.15404762502294034
2830,387.83221435546875,8.025932766031474e-05,3.211099283362273e-06,255.13111877441406,0.0012435405515134335,3.600900888442993,0.16895095800282434
2831,386.689208984375,7.973048923304304e-05,5.0355165512883104e-06,254.48057556152344,0.0012373203644528985,3.6007919311523438,0.16019941598642617
2832,387.6219787597656,7.805964560247958e-05,3.092863335041329e-05,253.96737670898438,0.00122755765914917,3.6006453037261963,0.1657960420125164
2833,386.47552490234375,7.675805682083592e-05,2.7838319510919973e-05,253.3807830810547,0.001226350897923112,3.6004631519317627,0.1584094589925371
2834,383.1514892578125,7.385847857221961e-05,1.10650435090065e-05,253.0007781982422,0.0012165835360065103,3.6002471446990967,0.16036141599761322
2835,380.945068359375,7.125805132091045e-05,4.0401778278464917e-07,252.58021545410156,0.0012119865277782083,3.59999942779541,0.16227295802673325
2836,380.8702392578125,6.851858051959425e-05,1.0338237188989297e-05,252.1864776611328,0.0012079807929694653,3.599722385406494,0.15572362503735349
2837,380.6326904296875,6.518347072415054e-05,2.3281736503122374e-05,251.9016876220703,0.0011988449841737747,3.5994179248809814,0.15648574999067932
2838,378.6877746582031,6.291863246588036e-05,1.2169915862614289e-05,251.48379516601562,0.0011969513725489378,3.599087953567505,0.16140345798339695
2839,376.339599609375,6.019059583195485e-05,2.159759787900839e-06,251.16917419433594,0.0011893538758158684,3.598734140396118,0.14705845899879932
2840,375.26470947265625,5.807040724903345e-05,2.689085022211657e-06,250.7960968017578,0.0011839267099276185,3.598357677459717,0.14634920802200213
2841,375.0285949707031,5.651932951877825e-05,9.503361070528626e-06,250.35804748535156,0.0011806825641542673,3.597959518432617,0.14777720801066607
2842,374.1387634277344,5.468733797897585e-05,1.4061355614103377e-05,250.0035400390625,0.0011726034572347999,3.5975401401519775,0.1524694170220755
2843,372.3533630371094,5.384343603509478e-05,4.62070238427259e-06,249.50161743164062,0.0011700531467795372,3.597100257873535,0.15693599998485297
2844,370.7671203613281,5.278847675072029e-05,2.1970868147036526e-07,249.06507873535156,0.0011640122393146157,3.59663987159729,0.15526529197813943
2845,370.016357421875,5.2056559070479125e-05,3.4974809750565328e-06,248.60018920898438,0.0011586075415834785,3.596158981323242,0.16425100003834814
2846,369.4956970214844,5.1713086577365175e-05,6.741180186509155e-06,248.07447814941406,0.0011557579273357987,3.5956578254699707,0.1589290410047397
2847,368.44317626953125,5.0941031076945364e-05,8.130973583320156e-06,247.64784240722656,0.0011488815071061254,3.5951364040374756,0.16328829195117578
2848,366.99200439453125,5.0706472393358126e-05,1.8261644072481431e-06,247.1285400390625,0.0011461020912975073,3.594594717025757,0.16320562502369285
2849,365.80303955078125,5.016465001972392e-05,1.2028067430946976e-08,246.67787170410156,0.0011410751612856984,3.5940330028533936,0.16000762494513765
2850,365.0823974609375,4.943696694681421e-05,2.7885116651304998e-06,246.25096130371094,0.0011360888602212071,3.593451499938965,0.15542079199803993
2851,364.427001953125,4.891282878816128e-05,4.145681486988906e-06,245.7861785888672,0.001133349840529263,3.592850923538208,0.1577064169687219
2852,363.4404296875,4.7750931116752326e-05,4.914272722089663e-06,245.4285125732422,0.0011274537537246943,3.5922319889068604,0.16713675000937656
2853,362.256591796875,4.6896431740606204e-05,9.186123861582018e-07,245.00958251953125,0.001124655012972653,3.5915956497192383,0.14310133300023153
2854,361.2449645996094,4.566538700601086e-05,7.781864042044617e-09,244.65504455566406,0.0011202259920537472,3.590942859649658,0.14767841703724116
2855,360.507568359375,4.433634239831008e-05,1.7395805116393603e-06,244.32020568847656,0.0011157977860420942,3.5902745723724365,0.1458827499882318
2856,359.80596923828125,4.3156825995538384e-05,2.316679456271231e-06,243.95343017578125,0.0011130518978461623,3.589592218399048,0.1492923330515623
2857,358.9331970214844,4.1648614569567144e-05,3.1177953587757656e-06,243.66111755371094,0.0011079544201493263,3.5888965129852295,0.14719641697593033
2858,357.9412841796875,4.048365372000262e-05,6.394495812855894e-07,243.30859375,0.0011052039917558432,3.588188886642456,0.15419695799937472
2859,357.0303955078125,3.922837640857324e-05,6.411050890164915e-08,242.99440002441406,0.0011010676389560103,3.587470054626465,0.17519937502220273
2860,356.278076171875,3.8114205381134525e-05,8.113422609312693e-07,242.67291259765625,0.0010971261654049158,3.586740732192993,0.1588278750423342
2861,355.5859680175781,3.727036892087199e-05,1.1695701687131077e-06,242.31654357910156,0.0010942543158307672,3.586001396179199,0.16643829102395102
2862,354.82196044921875,3.6301538784755394e-05,2.213346306234598e-06,242.00759887695312,0.0010896289022639394,3.5852527618408203,0.1638986670295708
2863,353.9704284667969,3.5716391721507534e-05,6.718803433614084e-07,241.63885498046875,0.0010869274847209454,3.5844950675964355,0.15668395900866017
2864,353.1243896484375,3.503432162688114e-05,2.796425633277977e-07,241.3086395263672,0.0010828435188159347,3.583728313446045,0.16207670897711068
2865,352.3673400878906,3.4501517802709714e-05,2.1570394892478362e-07,240.96311950683594,0.0010793249821290374,3.5829529762268066,0.1635175000410527
2866,351.6819152832031,3.4068754757754505e-05,4.3804539018310606e-07,240.60752868652344,0.001076236949302256,3.5821690559387207,0.16060783399734646
2867,350.98931884765625,3.3513002563267946e-05,1.4176769127516309e-06,240.28994750976562,0.0010720628779381514,3.581376791000366,0.16110379196470603
2868,350.2424621582031,3.317295704619028e-05,5.791698640678078e-07,239.93270874023438,0.001069345511496067,3.580576181411743,0.1622337499866262
2869,349.47235107421875,3.261233359808102e-05,4.933392574457685e-07,239.6241455078125,0.0010653763310983777,3.5797677040100098,0.1560195409692824
2870,348.7393798828125,3.217809717170894e-05,1.0315716281183995e-08,239.29684448242188,0.0010622369591146708,3.578951597213745,0.14946712495293468
2871,348.0576171875,3.1667561415815726e-05,7.003677637840156e-08,238.98226928710938,0.0010590158635750413,3.5781283378601074,0.15016708400798962
2872,347.4058837890625,3.103745621046983e-05,7.98508153820876e-07,238.69338989257812,0.0010552889434620738,3.577298164367676,0.14715604099910706
2873,346.7405090332031,3.0526865884894505e-05,4.7673529479652643e-07,238.3788299560547,0.0010526132537052035,3.5764615535736084,0.15284008398884907
2874,346.0455627441406,2.9830087441951036e-05,7.31787622498814e-07,238.10690307617188,0.0010488247498869896,3.5756192207336426,0.1532670829910785
2875,345.3450012207031,2.923409738286864e-05,5.526294444280211e-08,237.80979919433594,0.0010460626799613237,3.5747714042663574,0.1542693340452388
2876,344.67181396484375,2.856824721675366e-05,1.6698550098226406e-08,237.53236389160156,0.0010428095702081919,3.5739188194274902,0.16488766600377858
2877,344.03485107421875,2.791447695926763e-05,2.8166346055513714e-07,237.25640869140625,0.0010395883582532406,3.573061943054199,0.1652591250021942
2878,343.4137878417969,2.7354246412869543e-05,2.2284893930191174e-07,236.96388244628906,0.0010369220981374383,3.5722012519836426,0.16179962496971712
2879,342.7838134765625,2.671644870133605e-05,6.640859737672145e-07,236.69830322265625,0.0010334744583815336,3.5713372230529785,0.16434016701532528
2880,342.1385803222656,2.6244715627399273e-05,1.6273497749352828e-07,236.4004669189453,0.0010309737408533692,3.570470094680786,0.16566245903959498
2881,341.4924621582031,2.5710651243571192e-05,1.9036292542295996e-07,236.1270294189453,0.0010277533438056707,3.5696001052856445,0.1586126660113223
2882,340.8653259277344,2.5261702830903232e-05,2.7063151719630696e-08,235.83900451660156,0.0010249746264889836,3.568727731704712,0.1685594579903409
2883,340.263916015625,2.487553319951985e-05,3.163427209074143e-08,235.5489044189453,0.0010222430573776364,3.5678529739379883,0.16501687496202067
2884,339.674560546875,2.44522398133995e-05,4.2800456867553294e-07,235.274169921875,0.0010191238252446055,3.5669760704040527,0.1637626250158064
2885,339.0807189941406,2.4161903638741933e-05,1.8458217709849123e-07,234.97494506835938,0.0010167112341150641,3.5660970211029053,0.292486916994676
2886,338.4776916503906,2.377670898567885e-05,3.937784640584141e-07,234.70468139648438,0.0010135596385225654,3.565216064453125,0.14690358302323148
2887,337.8740539550781,2.347598274354823e-05,2.2275571609498e-08,234.41403198242188,0.0010111018782481551,3.564333200454712,0.14726808399427682
2888,337.2818298339844,2.3127839085645974e-05,2.5669578462839127e-08,234.13951110839844,0.0010082697262987494,3.563448905944824,0.15665466705104336
2889,336.70806884765625,2.277319254062604e-05,1.1689030543493573e-07,233.86666870117188,0.0010055239545181394,3.562563180923462,0.15449737501330674
2890,336.14385986328125,2.2455167709267698e-05,5.1301185521879233e-08,233.58615112304688,0.0010030707344412804,3.561676025390625,0.16678854101337492
2891,335.58148193359375,2.2059803086449392e-05,3.1071999728737865e-07,233.32647705078125,0.0010001795599237084,3.5607879161834717,0.1639411249780096
2892,335.0167541503906,2.1743480829172768e-05,6.803225005569402e-08,233.04739379882812,0.000997881987132132,3.559899091720581,0.16229100001510233
2893,334.45220947265625,2.1334080884116702e-05,1.9328672351548448e-07,232.79042053222656,0.000995090464130044,3.5590097904205322,0.16246833401964977
2894,333.89324951171875,2.0985873561585322e-05,3.007016857736744e-09,232.52027893066406,0.000992740853689611,3.5581202507019043,0.16791112499777228
2895,333.34136962890625,2.0597228285623714e-05,3.062473297177348e-08,232.26219177246094,0.0009901640005409718,3.5572307109832764,0.16181479103397578
2896,332.797607421875,2.0231511371093802e-05,5.326364771462977e-08,232.0009307861328,0.0009876819094642997,3.5563414096832275,0.16126895899651572
2897,332.2621154785156,1.9879700630553998e-05,7.043126970529556e-09,231.73721313476562,0.000985362334176898,3.555452585220337,0.1687256669974886
2898,331.72723388671875,1.9484115910017863e-05,1.558837539050728e-07,231.4848175048828,0.0009827840840443969,3.5545644760131836,0.16230783303035423
2899,331.19525146484375,1.9176983187207952e-05,1.4553961591445841e-08,231.21826171875,0.0009805782465264201,3.5536770820617676,0.1509980410337448
2900,330.665771484375,1.8829849068424664e-05,9.342352313979063e-08,230.96568298339844,0.000978077412582934,3.552790880203247,0.14752158295596018
2901,330.139892578125,1.8532042304286733e-05,2.412207322777249e-09,230.7027130126953,0.0009758375235833228,3.551905870437622,0.15069666702765971
2902,329.6185607910156,1.822235935833305e-05,8.824144970276393e-09,230.444580078125,0.0009735086932778358,3.5510222911834717,0.14470887498464435
2903,329.10418701171875,1.7934462448465638e-05,6.953291631361935e-08,230.18724060058594,0.0009711655438877642,3.550140142440796,0.15942466695560142
2904,328.5949401855469,1.769496338965837e-05,8.208189683500677e-09,229.9233856201172,0.0009690122678875923,3.549259662628174,0.15635733399540186
2905,328.08843994140625,1.7428197679691948e-05,1.3202316040406004e-07,229.6699676513672,0.000966624531429261,3.5483808517456055,0.1621098339674063
2906,327.5838623046875,1.7212880266015418e-05,1.0122903404408135e-08,229.4051513671875,0.000964564154855907,3.547503709793091,0.16709604096831754
2907,327.0802917480469,1.6948315533227287e-05,9.577001947036479e-08,229.15359497070312,0.0009622228681109846,3.54662823677063,0.160613292013295
2908,326.58050537109375,1.673160477366764e-05,8.185452315956354e-12,228.8915557861328,0.0009601577767170966,3.5457546710968018,0.16389283403987065
2909,326.0838623046875,1.649207297305111e-05,2.2275571609498e-08,228.637939453125,0.000957945070695132,3.5448830127716064,0.1579924160032533
2910,325.59539794921875,1.626628545636777e-05,4.3024783735745586e-08,228.3828125,0.0009558164747431874,3.544013500213623,0.16588687495095655
2911,325.1084289550781,1.6026302546379156e-05,5.46265255252365e-09,228.12655639648438,0.0009537870064377785,3.5431461334228516,0.16328187502222136
2912,324.62786865234375,1.5762059774715453e-05,1.5550745047221426e-07,227.8813018798828,0.0009515481651760638,3.542281150817871,0.18076095904689282
2913,324.1474914550781,1.5554036508547142e-05,3.4583536034915596e-08,227.621826171875,0.0009496680577285588,3.5414185523986816,0.16922983300173655
2914,323.668212890625,1.5290470400941558e-05,1.6005310499167535e-07,227.3796844482422,0.0009474345715716481,3.540558338165283,0.15232237498275936
2915,323.18914794921875,1.5083276593941264e-05,1.0122903404408135e-08,227.12371826171875,0.0009455610997974873,3.539700746536255,0.14987537497654557
2916,322.71270751953125,1.4837979506410193e-05,5.93720415054122e-08,226.87965393066406,0.0009434330859221518,3.5388457775115967,0.1479661670164205
2917,322.24127197265625,1.4623854440287687e-05,5.3923940868116915e-09,226.62832641601562,0.0009415003005415201,3.5379936695098877,0.14711979200365022
2918,321.7752685546875,1.4399973224499263e-05,8.557435648981482e-09,226.38197326660156,0.0009395243250764906,3.537144422531128,0.15667245903750882
2919,321.30975341796875,1.418679858034011e-05,3.84081886295462e-08,226.13436889648438,0.0009375288500450552,3.5362980365753174,0.16510316700441763
2920,320.8490295410156,1.3987249076308217e-05,1.9122126104775816e-10,225.8848419189453,0.0009356543887406588,3.535454750061035,0.16549795801984146
2921,320.39019775390625,1.3755489817413036e-05,7.675248525629286e-08,225.6436767578125,0.0009336330695077777,3.5346145629882812,0.17655095900408924
2922,319.934326171875,1.358008557872381e-05,3.66731001122389e-09,225.39187622070312,0.0009318409720435739,3.5337774753570557,0.17480670800432563
2923,319.4814453125,1.3394896996032912e-05,7.675248525629286e-08,225.14857482910156,0.0009298569639213383,3.5329434871673584,0.16599595901789144
2924,319.0294189453125,1.3235256119514816e-05,6.87805368215777e-10,224.89688110351562,0.0009280893136747181,3.5321128368377686,0.1582953340257518
2925,318.5788879394531,1.304899706155993e-05,4.93755578645505e-08,224.654296875,0.0009261476807296276,3.531285285949707,0.16405800002394244
2926,318.131591796875,1.289357624045806e-05,8.74024408403784e-10,224.405029296875,0.0009243712993338704,3.530461072921753,0.1675155419507064
2927,317.686279296875,1.2716121091216337e-05,2.6439238354214467e-08,224.16127014160156,0.0009225076646544039,3.529639959335327,0.16409916698466986
2928,317.244384765625,1.2549607163236942e-05,1.080570655176416e-08,223.9159393310547,0.0009207238908857107,3.528822183609009,0.16533258400158957
2929,316.80426025390625,1.2393840734148398e-05,4.2675765143940225e-09,223.67054748535156,0.0009189388947561383,3.528007745742798,0.15194220800185576
2930,316.36737060546875,1.2214037269586697e-05,3.784953150898218e-08,223.42828369140625,0.0009171391138806939,3.5271966457366943,0.14881933404831216
2931,315.9320373535156,1.2063686881447211e-05,1.0027179087046534e-10,223.18101501464844,0.0009154465515166521,3.5263891220092773,0.15015358297387138
2932,315.4999084472656,1.1885070307471324e-05,6.928166840225458e-08,222.94296264648438,0.0009136151638813317,3.5255849361419678,0.1479697500471957
2933,315.070068359375,1.1748611541406717e-05,6.726622814312577e-09,222.69473266601562,0.0009119978058151901,3.5247843265533447,0.1498386250459589
2934,314.6415710449219,1.1558972801140044e-05,1.0606731848383788e-07,222.45913696289062,0.0009101593168452382,3.523987054824829,0.1539319580188021
2935,314.21551513671875,1.143568897532532e-05,1.7446154743083753e-08,222.2097625732422,0.000908604240976274,3.523193359375,0.15689949999796227
2936,313.790771484375,1.1261001418461092e-05,1.2995224096812308e-07,221.97427368164062,0.0009067741339094937,3.5224032402038574,0.16502266703173518
2937,313.36846923828125,1.1129376616736408e-05,2.4911287255235948e-08,221.72557067871094,0.00090527452994138,3.5216166973114014,0.16273541701957583
2938,312.9470520019531,1.0963762179017067e-05,1.4334455045172945e-07,221.490966796875,0.0009034535614773631,3.520833969116211,0.16686854202998802
2939,312.5278625488281,1.0845666110981256e-05,2.8816430130973458e-08,221.24143981933594,0.0009019896388053894,3.520054817199707,0.16436654096469283
2940,312.1092834472656,1.0674782970454544e-05,1.35862364913919e-07,221.008544921875,0.0009001967846415937,3.5192792415618896,0.16458183398935944
2941,311.6927185058594,1.0565618140390143e-05,2.019169187406078e-08,220.75880432128906,0.0008987533510662615,3.518507480621338,0.16225566697539762
2942,311.2774658203125,1.0408884008938912e-05,1.0982716958096717e-07,220.52484130859375,0.0008970077033154666,3.5177392959594727,0.16545270901406184
2943,310.86468505859375,1.02953526948113e-05,9.555378710501827e-09,220.2784423828125,0.0008955574012361467,3.516974925994873,0.16094108298420906
2944,310.45245361328125,1.0148996807402e-05,7.648850441910326e-08,220.04293823242188,0.0008938696701079607,3.51621413230896,0.16011087503284216
2945,310.04278564453125,1.0043317161034793e-05,1.8010268831858411e-09,219.79745483398438,0.0008924080175347626,3.5154571533203125,0.14714720798656344
2946,309.6337890625,9.909650543704629e-06,4.204139258945361e-08,219.5609893798828,0.0008907764567993581,3.5147037506103516,0.1460532500059344
2947,309.2272033691406,9.796271115192212e-06,2.5547706172801554e-09,219.31910705566406,0.0008892820915207267,3.5139541625976562,0.1495542079792358
2948,308.8228759765625,9.673160093370825e-06,1.1307065506116487e-08,219.0816192626953,0.0008877282380126417,3.5132081508636475,0.15112554101506248
2949,308.4203186035156,9.556722034176346e-06,1.978719410544727e-08,218.84275817871094,0.0008861989481374621,3.512465715408325,0.15939287497894838
2950,308.0207214355469,9.450515790376812e-06,5.1159076974727213e-11,218.60130310058594,0.0008847436401993036,3.5117270946502686,0.16164925001794472
2951,307.621826171875,9.325599421572406e-06,6.148184183984995e-08,218.3644561767578,0.0008831865270622075,3.5109920501708984,0.16592120798304677
2952,307.2258605957031,9.227567716152407e-06,7.697963155806065e-09,218.12088012695312,0.000881814572494477,3.510260820388794,0.1635045830043964
2953,306.83026123046875,9.099821909330785e-06,9.754899110703263e-08,217.8866424560547,0.0008802387164905667,3.509533166885376,0.16765091702109203
2954,306.4360046386719,9.009426321426872e-06,2.1569576347246766e-08,217.64102172851562,0.000878918741364032,3.5088093280792236,0.16661349998321384
2955,306.046142578125,8.873259503161535e-06,1.6196645447053015e-07,217.41091918945312,0.0008773169829510152,3.508089065551758,0.16129704203922302
2956,305.6580505371094,8.793895176495425e-06,8.185452315956354e-08,217.16163635253906,0.0008760883938521147,3.5073723793029785,0.16492204199312255
2957,305.2765197753906,8.65797028382076e-06,3.4064578358083963e-07,216.9364013671875,0.0008744025835767388,3.506659507751465,0.16609725001035258
2958,304.90032958984375,8.610331860836595e-06,2.5547706172801554e-07,216.6820831298828,0.0008733166614547372,3.5059502124786377,0.1670915000140667
2959,304.527587890625,8.44740316097159e-06,6.679774742224254e-07,216.46371459960938,0.0008715232834219933,3.505244493484497,0.1599231250002049
2960,304.1614990234375,8.411408089159522e-06,5.733782018069178e-07,216.20372009277344,0.0008705928921699524,3.504542589187622,0.14750770799582824
2961,303.8083801269531,8.230876119341701e-06,1.2620912457350641e-06,215.9937744140625,0.0008686531218700111,3.5038442611694336,0.14614774996880442
2962,303.4718017578125,8.229166269302368e-06,1.3020437563682208e-06,215.7235870361328,0.0008679508464410901,3.5031495094299316,0.1471022079931572
2963,303.1566162109375,8.032018740777858e-06,2.500168193364516e-06,215.5250701904297,0.0008657833095639944,3.502458333969116,0.14733162499032915
2964,302.8707580566406,8.065839210757986e-06,2.8397053029038943e-06,215.2412567138672,0.0008653893601149321,3.5017707347869873,0.1563794169924222
2965,302.629150390625,7.819250640750397e-06,4.971519956598058e-06,215.06021118164062,0.000862898537889123,3.501086711883545,0.1549572079675272
2966,302.45892333984375,7.920915777503978e-06,6.171853783598635e-06,214.75474548339844,0.0008629491785541177,3.500406265258789,0.16179991600802168
2967,302.40362548828125,7.603091944474727e-06,1.0464340448379517e-05,214.6019287109375,0.0008599493885412812,3.4997293949127197,0.16098629200132564
2968,302.52813720703125,7.805922905390617e-06,1.4165254469844513e-05,214.2613067626953,0.0008606970077380538,3.499056100845337,0.1609363749739714
2969,302.94873046875,7.374415872618556e-06,2.3730230168439448e-05,214.15133666992188,0.000856869388371706,3.4983863830566406,0.16244129196275026
2970,303.84918212890625,7.723542694293428e-06,3.446091795922257e-05,213.757568359375,0.0008587315678596497,3.4977200031280518,0.16939666698453948
2971,305.5706481933594,7.098641617631074e-06,5.7887958973878995e-05,213.72047424316406,0.0008535151137039065,3.4970571994781494,0.16131741600111127
2972,308.6800537109375,7.722217560512945e-06,8.948205504566431e-05,213.2373504638672,0.0008572228252887726,3.4963977336883545,0.16677808301756158
2973,314.1283264160156,6.783650405850494e-06,0.00015161898045334965,213.3252410888672,0.0008496282971464097,3.495741844177246,0.16290295799262822
2974,323.5523376464844,7.833924428268801e-06,0.0002442598342895508,212.6914520263672,0.0008565150201320648,3.495089054107666,0.15748554200399667
2975,339.8743896484375,6.375784323608968e-06,0.0004175248905085027,212.99989318847656,0.0008448442677035928,3.4944398403167725,0.1543317919713445
2976,368.25927734375,8.224379598686937e-06,0.0006960083264857531,212.11138916015625,0.0008572460501454771,3.493793249130249,0.29571662499802187
2977,417.767822265625,5.8233104027749505e-06,0.001205176580697298,212.8231201171875,0.0008384472457692027,3.493150234222412,0.14901945798192173
2978,504.806396484375,9.160696208709851e-06,0.0020631218794733286,211.5178985595703,0.0008606025949120522,3.492509126663208,0.15902124997228384
2979,659.1367797851562,5.1430870371405035e-06,0.0036271093413233757,212.98638916015625,0.0008292513084597886,3.4918713569641113,0.16010375000769272
2980,934.7590942382812,1.1508366696943995e-05,0.00635634595528245,211.06422424316406,0.0008690950344316661,3.4912333488464355,0.16459199995733798
2981,1428.5528564453125,4.52130507255788e-06,0.01132563129067421,213.99630737304688,0.0008154120878316462,3.4905972480773926,0.16747766599291936
2982,2315.48876953125,1.8103475667885505e-05,0.020134273916482925,211.44444274902344,0.0008880674140527844,3.489955186843872,0.16254779102746397
2983,3892.802978515625,4.851316589338239e-06,0.035956475883722305,217.1707305908203,0.0007949957507662475,3.489309787750244,0.192327416036278
2984,6648.21533203125,4.072369119967334e-05,0.0633581355214119,215.41586303710938,0.0009291346650570631,3.488642454147339,0.16175237501738593
2985,11224.259765625,1.1785823517129757e-05,0.10920953005552292,225.10879516601562,0.0007701942231506109,3.4879515171051025,0.1687243749620393
2986,18172.14453125,0.0001372313272440806,0.17825542390346527,231.40985107421875,0.0010146917775273323,3.487194299697876,0.16955125000094995
2987,26738.896484375,7.958685455378145e-05,0.26416996121406555,237.38851928710938,0.0007655321969650686,3.4863483905792236,0.16248704202007502
2988,33176.25390625,0.0005554016679525375,0.3273717164993286,267.685546875,0.001158551312983036,3.4853289127349854,0.1669658749597147
2989,30559.02734375,0.0005985053139738739,0.30169349908828735,241.6190643310547,0.0008820950170047581,3.48406982421875,0.15099416702287272
2990,16548.87890625,0.0016455299919471145,0.15971486270427704,285.0971984863281,0.0012774174101650715,3.482485294342041,0.1505423339549452
2991,2644.6220703125,0.0020663393661379814,0.020516324788331985,265.0303955078125,0.0012132520787417889,3.4805266857147217,0.14715624996460974
2992,2648.69140625,0.002435883739963174,0.02005181275308132,272.38055419921875,0.0012754127383232117,3.478210687637329,0.1456784579786472
2993,11846.177734375,0.0026583767030388117,0.11144907772541046,291.4140625,0.0014401715015992522,3.475615978240967,0.15166112495353445
2994,13138.2314453125,0.0021057967096567154,0.1253366619348526,272.5143737792969,0.0012147041270509362,3.4728176593780518,0.1525527079938911
2995,4378.779296875,0.0018959185108542442,0.03783209249377251,270.3896179199219,0.0013558901846408844,3.469949722290039,0.20648662495659664
2996,774.2557373046875,0.0013227233430370688,0.0024476530961692333,268.62353515625,0.0012859455309808254,3.467135190963745,0.20070079097058624
2997,6338.57763671875,0.0007312488742172718,0.05867072194814682,281.49530029296875,0.001168854534626007,3.4644999504089355,0.18456841696752235
2998,8308.3251953125,0.000423914025304839,0.07821304351091385,300.9909973144531,0.0014363834634423256,3.4621925354003906,0.1924828329938464
2999,2872.083251953125,0.00015752934268675745,0.024156508967280388,315.111572265625,0.0012556778965517879,3.4602773189544678,0.18743341701338068
3000,699.31103515625,5.474817953654565e-05,0.002256398554891348,332.69061279296875,0.0013550572330132127,3.458820343017578,0.18099158303812146
3001,4547.8095703125,1.7642851162236184e-05,0.04042370989918709,348.6801452636719,0.0015499405562877655,3.4578635692596436,0.15927754197036847
3002,5329.82080078125,3.0704059099662118e-06,0.048400118947029114,357.3677673339844,0.0013213419588282704,3.457366466522217,0.16476170800160617
3003,1537.9058837890625,9.205852620652877e-06,0.0103702237829566,348.2503967285156,0.0015171264531090856,3.457308530807495,0.15025524998782203
3004,931.1453857421875,2.706881787162274e-05,0.004421957768499851,338.0148620605469,0.0014822789235040545,3.4576213359832764,0.14613612496759742
3005,3585.13623046875,6.505360215669498e-05,0.03115472011268139,331.5364685058594,0.0013162250397726893,3.4582107067108154,0.14524112502112985
3006,3066.68896484375,0.00015025986067485064,0.025929680094122887,308.1393737792969,0.001505556982010603,3.459028720855713,0.15006462496239692
3007,645.2173461914062,0.0002678890305105597,0.0018657470354810357,295.7342224121094,0.0013611948816105723,3.459979295730591,0.18535395798971877
3008,1304.6949462890625,0.0004010226984973997,0.008466106839478016,284.9207763671875,0.001330611645244062,3.460996389389038,0.1583796669729054
3009,2749.879150390625,0.0005262946360744536,0.022736681625247,274.8566589355469,0.001487248344346881,3.4620580673217773,0.1614014589576982
3010,1518.7481689453125,0.0006375694065354764,0.010507317259907722,269.6808166503906,0.0013457874301820993,3.4631049633026123,0.16239366598892957
3011,490.29254150390625,0.0006955020362511277,0.00014558563998434693,264.8658752441406,0.00141317886300385,3.4641318321228027,0.16394983400823548
3012,1605.55810546875,0.0006938619771972299,0.011225175112485886,263.5345458984375,0.0015011986251920462,3.465151786804199,0.1647567079635337
3013,1869.45068359375,0.0006576424930244684,0.014034734107553959,262.2955322265625,0.0013791749952360988,3.466153383255005,0.1634732090169564
3014,689.1484375,0.0005727482493966818,0.002195880049839616,263.1048583984375,0.0014918080996721983,3.4671764373779297,0.16795112495310605
3015,703.6907958984375,0.00047028076369315386,0.002394534647464752,266.28204345703125,0.0015092722605913877,3.4682488441467285,0.16411912499461323
3016,1505.3782958984375,0.000366983498679474,0.010547730140388012,270.7240905761719,0.0014318269677460194,3.4693853855133057,0.17077904101461172
3017,1097.565185546875,0.00026910597807727754,0.006356498226523399,278.07464599609375,0.0015693005407229066,3.4706332683563232,0.1695888329995796
3018,459.1062927246094,0.00019603667897172272,3.6777128116227686e-05,282.7606201171875,0.0015306429704651237,3.4720048904418945,0.15599479200318456
3019,883.2133178710938,0.00014262914191931486,0.0043119871988892555,287.0508728027344,0.0015070079825818539,3.473508596420288,0.1483357499819249
3020,1184.440185546875,0.00010785888298414648,0.00717806676402688,293.79071044921875,0.001620568335056305,3.475163221359253,0.15126491599949077
3021,671.8683471679688,9.316261275671422e-05,0.0021789753809571266,291.3684997558594,0.0015328607987612486,3.476947784423828,0.1482099590357393
3022,494.83837890625,9.100632451009005e-05,0.0004067797272000462,290.3871765136719,0.0015467260964214802,3.4788477420806885,0.15293529100017622
3023,888.2762451171875,9.973057603929192e-05,0.00429722061380744,289.0432434082031,0.0015953781548887491,3.480846405029297,0.1582248750491999
3024,857.6769409179688,0.00012072036042809486,0.004150948021560907,281.19384765625,0.0014931628247722983,3.482900381088257,0.15690458397148177
3025,482.438232421875,0.0001499546051491052,0.000377605261746794,276.6274108886719,0.0015305484412238002,3.484985828399658,0.17153270897688344
3026,548.27880859375,0.00018483010353520513,0.001067610690370202,270.9403076171875,0.0015209444100037217,3.487072706222534,0.17107162496540695
3027,782.6510009765625,0.00022142153466120362,0.00351003953255713,264.93084716796875,0.0014457404613494873,3.4891250133514404,0.16704629099695012
3028,621.6463623046875,0.0002533794613555074,0.0018568598898127675,261.2071838378906,0.0014941522385925055,3.491131067276001,0.15762658300809562
3029,430.66998291015625,0.0002778010966721922,1.943993993336335e-06,257.45208740234375,0.001452433760277927,3.4930713176727295,0.16273929097224027
3030,571.1090087890625,0.0002901082334574312,0.0014518465613946319,255.07627868652344,0.001418372499756515,3.494933843612671,0.16095704096369445
3031,658.4735107421875,0.0002896637306548655,0.0022952058352530003,254.01234436035156,0.0014597419649362564,3.4967246055603027,0.16534195805434138
3032,492.9794006347656,0.0002787576231639832,0.0007173796184360981,252.93380737304688,0.001404318492859602,3.498439073562622,0.1607097500236705
3033,429.9766845703125,0.0002591616939753294,0.00010923999070655555,252.701171875,0.0014043531846255064,3.5000853538513184,0.15364095900440589
3034,551.0065307617188,0.00023405643878504634,0.0013234561774879694,252.93418884277344,0.0014232111861929297,3.5016770362854004,0.14701637503458187
3035,553.0028076171875,0.0002063074934994802,0.001419398351572454,253.38436889648438,0.0013704787706956267,3.5032172203063965,0.1457620420260355
3036,431.2032165527344,0.00018087435455527157,0.0002021880354732275,253.6618194580078,0.001392351696267724,3.5047202110290527,0.14468529203440994
3037,430.3570556640625,0.00015749044541735202,0.00022098007320892066,254.08843994140625,0.001384215778671205,3.506194591522217,0.15021625004010275
3038,510.6981201171875,0.00013777089770883322,0.001076103188097477,254.53143310546875,0.0013477924512699246,3.5076427459716797,0.15576879197033122
3039,482.2263488769531,0.0001248734479304403,0.0007819117163307965,254.17666625976562,0.0013737118570134044,3.509072780609131,0.15472516702720895
3040,405.174560546875,0.00011558419646462426,5.668255835189484e-05,253.66351318359375,0.001342843403108418,3.510481595993042,0.16310408298159018
3041,423.1458435058594,0.0001116730272769928,0.0002665210922714323,252.6422119140625,0.0013268423499539495,3.5118653774261475,0.15772658301284537
3042,470.11334228515625,0.00011321393685648218,0.0007366390200331807,251.1668701171875,0.001339611946605146,3.513221263885498,0.15433641703566536
3043,438.1370849609375,0.00011671734682749957,0.00047185903531499207,249.29510498046875,0.0012998436577618122,3.5145370960235596,0.15301587502472103
3044,390.6789245605469,0.0001247376058017835,9.725135896587744e-06,247.1364288330078,0.0013009622925892472,3.515805244445801,0.15912791603477672
3045,409.047119140625,0.0001338878064416349,0.0002125280734617263,244.92507934570312,0.0012948047369718552,3.517017364501953,0.1608620419865474
3046,436.1124267578125,0.00014180743892211467,0.0005283751524984837,242.79473876953125,0.0012629944831132889,3.5181620121002197,0.16330970800481737
3047,410.15936279296875,0.0001505054533481598,0.000270992488367483,240.74356079101562,0.0012726598652079701,3.519235610961914,0.1628562500118278
3048,380.2076416015625,0.00015466676268260926,4.237446773913689e-06,239.05133056640625,0.0012526590144261718,3.520232677459717,0.16773579199798405
3049,393.7544250488281,0.00015539703599642962,0.00016733074153307825,237.7132568359375,0.001237683929502964,3.521151065826416,0.1476631669793278
3050,410.1623840332031,0.00015384946891572326,0.00033670957782305777,236.6203155517578,0.0012448617490008473,3.521994113922119,0.16782533295918256
3051,391.9356994628906,0.0001466952817281708,0.00019300574786029756,235.9297332763672,0.0012203585356473923,3.5227630138397217,0.15075791697017848
3052,371.4454650878906,0.00013876194134354591,1.9453239019640023e-06,235.3621826171875,0.0012201255885884166,3.523463487625122,0.15250204200856388
3053,379.2091979980469,0.00012904530740343034,9.646955732023343e-05,234.989501953125,0.0012166820233687758,3.524102210998535,0.1535203750245273
3054,390.2423095703125,0.00011755209561670199,0.00024011911591514945,234.80482482910156,0.0011967035243287683,3.5246832370758057,0.1538223340176046
3055,378.9227294921875,0.00010848625242942944,0.00013356661656871438,234.4759063720703,0.0012024154420942068,3.525214195251465,0.16910658299457282
3056,363.69891357421875,9.887763735605404e-05,7.431501217070036e-06,234.27801513671875,0.00118789984844625,3.5256991386413574,0.16135595802916214
3057,366.45416259765625,9.09551527001895e-05,5.536913522519171e-05,234.01536560058594,0.0011780636850744486,3.526141881942749,0.17090791696682572
3058,374.45501708984375,8.551151404390112e-05,0.00014379608910530806,233.55003356933594,0.0011797422775998712,3.5265462398529053,0.1689139170339331
3059,368.8665771484375,8.005333802429959e-05,0.00011539459228515625,233.19766235351562,0.0011612412054091692,3.5269124507904053,0.1646794590051286
3060,357.4753723144531,7.748878851998597e-05,1.1921674740733579e-05,232.52005004882812,0.0011601427104324102,3.5272417068481445,0.17034262500237674
3061,356.3312072753906,7.576077041449025e-05,1.6773565221228637e-05,231.814453125,0.0011526331072673202,3.527533531188965,0.16995637502986938
3062,361.6453857421875,7.46504811104387e-05,9.236465120920911e-05,231.08935546875,0.0011385453399270773,3.5277857780456543,0.165337833983358
3063,359.9931945800781,7.575039489893243e-05,8.367939153686166e-05,230.10800170898438,0.001139422063715756,3.5279974937438965,0.16577141697052866
3064,351.95587158203125,7.613580964971334e-05,2.546101313782856e-05,229.25784301757812,0.0011253833072260022,3.528165578842163,0.15426325000589713
3065,348.3315734863281,7.750977965770289e-05,3.1838144423090853e-06,228.31382751464844,0.0011194838443771005,3.5282881259918213,0.14955495798494667
3066,350.93206787109375,7.898818148532882e-05,4.058383638039231e-05,227.37997436523438,0.0011159490095451474,3.5283641815185547,0.2991928330156952
3067,351.5821228027344,7.907507824711502e-05,6.77284988341853e-05,226.63507080078125,0.0011026669526472688,3.5283918380737305,0.15515729098115116
3068,346.8799133300781,7.982311944942921e-05,2.903848326241132e-05,225.79469299316406,0.001101990696042776,3.528371572494507,0.1560095829772763
3069,342.44378662109375,7.882827776484191e-05,1.0905068847932853e-06,225.16546630859375,0.0010928642004728317,3.528303861618042,0.16220137500204146
3070,342.51019287109375,7.71763880038634e-05,1.638139656279236e-05,224.60348510742188,0.0010855091968551278,3.5281898975372314,0.16139470803318545
3071,343.7261962890625,7.542495586676523e-05,3.7567886465694755e-05,224.0352020263672,0.0010839172173291445,3.5280325412750244,0.16062283399514854
3072,341.7264709472656,7.205827569123358e-05,3.539651879691519e-05,223.6726531982422,0.0010730832582339644,3.5278337001800537,0.1636660830117762
3073,337.8819580078125,6.939266313565895e-05,6.252670573303476e-06,223.21995544433594,0.0010709746275097132,3.5275967121124268,0.16562479198910296
3074,336.0592956542969,6.61911690258421e-05,1.005584863378317e-06,222.86195373535156,0.0010647765593603253,3.5273244380950928,0.1624167920090258
3075,336.4627990722656,6.287608994171023e-05,1.9207272998755798e-05,222.54989624023438,0.0010570456506684422,3.5270192623138428,0.15753437497187406
3076,336.12445068359375,6.0531423514476046e-05,2.401913661742583e-05,222.13104248046875,0.001055383589118719,3.526684045791626,0.163253957987763
3077,333.7970275878906,5.765238165622577e-05,1.560720738780219e-05,221.8324432373047,0.0010463863145560026,3.526320219039917,0.1613899579970166
3078,331.35821533203125,5.5838481785031036e-05,6.625325568165863e-07,221.407470703125,0.0010430063121020794,3.5259296894073486,0.15256741701159626
3079,330.52215576171875,5.42290072189644e-05,2.959874109365046e-06,220.98651123046875,0.0010381676256656647,3.5255136489868164,0.14701083302497864
3080,330.4799499511719,5.263614730210975e-05,1.5344590792665258e-05,220.59718322753906,0.0010308469645678997,3.5250723361968994,0.14391029195394367
3081,329.5341796875,5.2011841034982353e-05,1.3744880561716855e-05,220.06503295898438,0.0010289346100762486,3.524606704711914,0.14870687504298985
3082,327.5963134765625,5.09546443936415e-05,7.021355486358516e-06,219.63458251953125,0.0010216411901637912,3.5241167545318604,0.15239462500903755
3083,325.9703063964844,5.053175482316874e-05,2.801471055136062e-09,219.10995483398438,0.0010180691024288535,3.5236027240753174,0.15143183304462582
3084,325.31817626953125,5.0124130211770535e-05,2.8994784315727884e-06,218.5928955078125,0.0010142290266230702,3.523064613342285,0.15798079100204632
3085,324.92095947265625,4.9463793402537704e-05,1.0396580364613328e-05,218.1370849609375,0.0010079782223328948,3.5225026607513428,0.16967100003967062
3086,323.9053955078125,4.926194378640503e-05,7.760027983749751e-06,217.5956573486328,0.0010060752974823117,3.5219171047210693,0.16632550000213087
3087,322.4002685546875,4.842880298383534e-05,3.7092652291903505e-06,217.16763305664062,0.0010001882910728455,3.521308422088623,0.1649373749969527
3088,321.1694641113281,4.772786996909417e-05,1.8468426787876524e-08,216.70584106445312,0.000996889895759523,3.520677328109741,0.16711158299585804
3089,320.49517822265625,4.684746090788394e-05,1.8377816104475642e-06,216.26832580566406,0.0009935832349583507,3.5200250148773193,0.16980045899981633
3090,319.93603515625,4.547386197373271e-05,6.437639967771247e-06,215.91018676757812,0.0009883471066132188,3.519352674484253,0.16253458295250311
3091,319.0291748046875,4.441098644747399e-05,4.5961351133883e-06,215.48944091796875,0.0009863902814686298,3.5186617374420166,0.16198691702447832
3092,317.8440856933594,4.282073496142402e-05,2.5746032861206913e-06,215.1670379638672,0.0009813751094043255,3.517953634262085,0.16013383300742134
3093,316.791748046875,4.1449595300946385e-05,1.4210854715202004e-10,214.80653381347656,0.0009784024441614747,3.5172300338745117,0.1554753339732997
3094,316.06591796875,4.00992576032877e-05,7.689598078286508e-07,214.459716796875,0.000975193630438298,3.5164923667907715,0.1461274999892339
3095,315.46173095703125,3.8634079828625545e-05,3.7756819892820204e-06,214.15255737304688,0.0009706819546408951,3.5157418251037598,0.14358599996194243
3096,314.6889953613281,3.761173866223544e-05,2.9238881324999966e-06,213.77906799316406,0.0009685637196525931,3.514979600906372,0.1459135829936713
3097,313.72412109375,3.639640999608673e-05,2.1569576347246766e-06,213.4691162109375,0.0009639966301620007,3.5142064094543457,0.15453275002073497
3098,312.7875671386719,3.555414150469005e-05,5.001334102416877e-08,213.10391235351562,0.0009612323483452201,3.513423204421997,0.15253366698743775
3099,312.0439758300781,3.4787797630997375e-05,1.8581340555101633e-07,212.7484588623047,0.0009579815668985248,3.5126302242279053,0.1555767499958165
3100,311.4142761230469,3.401867434149608e-05,1.9706785678863525e-06,212.409423828125,0.0009540591272525489,3.5118281841278076,0.1652458340395242
3101,310.7288818359375,3.3564090699655935e-05,1.7220154404640198e-06,212.02232360839844,0.0009517793660052121,3.511017322540283,0.16275974997552112
3102,309.9298095703125,3.2900938094826415e-05,1.8455468762113014e-06,211.69017028808594,0.0009476498235017061,3.510197639465332,0.16018524998798966
3103,309.10107421875,3.2503503462066874e-05,2.2737367544323206e-07,211.31459045410156,0.0009451337973587215,3.5093696117401123,0.16115108301164582
3104,308.35498046875,3.2005216780817136e-05,3.2741809263825417e-09,210.97000122070312,0.0009418411063961685,3.508533477783203,0.1530432499712333
3105,307.7062072753906,3.1490708352066576e-05,7.465459930244833e-07,210.63453674316406,0.0009384795557707548,3.5076897144317627,0.15131300000939518
3106,307.0807189941406,3.107665179413743e-05,8.645884008728899e-07,210.28176879882812,0.0009360482217743993,3.50683856010437,0.19041600002674386
3107,306.4028625488281,3.0434723157668486e-05,1.5146636087592924e-06,209.9788818359375,0.0009322902769781649,3.5059802532196045,0.16005316702648997
3108,305.6782531738281,2.996827788592782e-05,4.2675765143940225e-07,209.64280700683594,0.0009299593511968851,3.505115509033203,0.1543291249545291
3109,304.96270751953125,2.931665767391678e-05,2.0176321413600817e-07,209.34718322753906,0.0009266367414966226,3.5042450428009033,0.15678587497677654
3110,304.30474853515625,2.8684329663519748e-05,1.2755685929732863e-07,209.04786682128906,0.000923756742849946,3.5033693313598633,0.1532451250241138
3111,303.6966857910156,2.8060158001608215e-05,2.588624283816898e-07,208.7460174560547,0.0009211876895278692,3.5024890899658203,0.1510911249788478
3112,303.09521484375,2.7314981707604602e-05,1.0461519650561968e-06,208.47494506835938,0.0009178416221402586,3.5016050338745117,0.1724965000175871
3113,302.46258544921875,2.6730622266768478e-05,5.287859039526666e-07,208.17129516601562,0.0009156535379588604,3.5007176399230957,0.1597393749980256
3114,301.80426025390625,2.6027146304841153e-05,5.490883268066682e-07,207.90390014648438,0.0009124272619374096,3.4998276233673096,0.15233191702282056
3115,301.16009521484375,2.5485080186626874e-05,7.866219675634056e-09,207.6085662841797,0.0009100221213884652,3.4989354610443115,0.1545301249716431
3116,300.55218505859375,2.4946337362052873e-05,1.5288605936802924e-09,207.32115173339844,0.000907362496946007,3.4980416297912598,0.16693416598718613
3117,299.9735107421875,2.4405104340985417e-05,3.7544509723375086e-07,207.04026794433594,0.0009045517072081566,3.4971466064453125,0.15758695802651346
3118,299.399169921875,2.400979064987041e-05,2.612941898405552e-07,206.7361297607422,0.0009023592574521899,3.496250629425049,0.16111775004537776
3119,298.815185546875,2.3536667868029326e-05,6.07820993536734e-07,206.45884704589844,0.0008994188392534852,3.495353937149048,0.16590474999975413
3120,298.22186279296875,2.3229422367876396e-05,1.5139812603592873e-07,206.1511688232422,0.0008973260410130024,3.4944565296173096,0.16241787502076477
3121,297.62994384765625,2.2822712708148174e-05,1.6973353922367096e-07,205.8685302734375,0.0008946216548793018,3.493558645248413,0.16334325005300343
3122,297.054443359375,2.249585850222502e-05,1.5370460459962487e-08,205.57347106933594,0.0008922985289245844,3.4926605224609375,0.16784187505254522
3123,296.5008239746094,2.2179223378770985e-05,1.3315911928657442e-08,205.28126525878906,0.00089000299340114,3.491762161254883,0.16879104101099074
3124,295.9576721191406,2.181580384785775e-05,2.8369163374009077e-07,205.0020294189453,0.000887456932105124,3.4908640384674072,0.15700449998257682
3125,295.41375732421875,2.152170054614544e-05,1.1301040103717241e-07,204.70773315429688,0.0008854254265315831,3.4899661540985107,0.1507499169674702
3126,294.8656005859375,2.113303344231099e-05,2.8623708203667775e-07,204.4380340576172,0.000882856547832489,3.4890685081481934,0.1482845420250669
3127,294.31988525390625,2.0812029106309637e-05,2.5517010726616718e-08,204.15396118164062,0.0008808215497992933,3.4881718158721924,0.14901716698659584
3128,293.78082275390625,2.0425541151780635e-05,5.481547304952983e-08,203.88604736328125,0.0008784673409536481,3.487276077270508,0.15092470799572766
3129,293.251953125,2.005388705583755e-05,3.74793671653606e-08,203.61679077148438,0.0008762601646594703,3.4863815307617188,0.15431916603120044
3130,292.7341003417969,1.9697281459229998e-05,7.366907084360719e-09,203.34548950195312,0.0008741816272959113,3.4854886531829834,0.15516612498322502
3131,292.2205505371094,1.9297240214655176e-05,1.4917986845830455e-07,203.08767700195312,0.0008718822500668466,3.484597682952881,0.16663212497951463
3132,291.7057189941406,1.8940711015602574e-05,1.4784973245696165e-08,202.81915283203125,0.0008699101163074374,3.4837088584899902,0.16208679199917242
3133,291.1947021484375,1.856181916082278e-05,7.284052117029205e-08,202.56155395507812,0.000867696653585881,3.4828224182128906,0.16816345800179988
3134,290.688720703125,1.8215234376839362e-05,7.951030056574382e-09,202.2980194091797,0.0008656837162561715,3.4819388389587402,0.16182441700948402
3135,290.18994140625,1.787897417671047e-05,7.648850441910326e-10,202.034423828125,0.0008636753773316741,3.481058120727539,0.1662856669863686
3136,289.6975402832031,1.754634467943106e-05,8.10380242910469e-08,201.7759246826172,0.0008615886326879263,3.480180501937866,0.1638447089935653
3137,289.2070617675781,1.7240588931599632e-05,6.1154423747211695e-09,201.509765625,0.0008597262785769999,3.479306221008301,0.16558433300815523
3138,288.719970703125,1.6941936337389052e-05,8.267511475423817e-08,201.25112915039062,0.000857663806527853,3.4784352779388428,0.16441054095048457
3139,288.23675537109375,1.6690670236130245e-05,1.1004885891452432e-10,200.98422241210938,0.0008558345725759864,3.4775679111480713,0.15881970804184675
3140,287.7569885253906,1.6426782167400233e-05,3.729496711457614e-08,200.72337341308594,0.0008538721012882888,3.4767038822174072,0.14608533401042223
3141,287.28143310546875,1.6187052096938714e-05,6.041091182851233e-09,200.45858764648438,0.0008520353003405035,3.475843667984009,0.1488745830138214
3142,286.8102111816406,1.5955749404383823e-05,1.1408701539039612e-08,200.19668579101562,0.0008501682314090431,3.474987030029297,0.14859108300879598
3143,286.34307861328125,1.5721385352662764e-05,2.1012965589761734e-08,199.9361114501953,0.000848327181302011,3.4741339683532715,0.14866791700478643
3144,285.8790283203125,1.5498608263442293e-05,3.3289779821643606e-09,199.6748504638672,0.0008465397986583412,3.4732847213745117,0.15606850001495332
3145,285.41949462890625,1.5262514352798462e-05,3.440641194174532e-08,199.41917419433594,0.000844706199131906,3.4724392890930176,0.15608899999642745
3146,284.96197509765625,1.5029157111712266e-05,8.185452315956354e-10,199.1618194580078,0.0008429717854596674,3.471597909927368,0.16094037500442937
3147,284.5088195800781,1.4802183613937814e-05,3.112745616817847e-08,198.90890502929688,0.0008411658345721662,3.4707605838775635,0.16979154100408778
3148,284.0577392578125,1.4586041288566776e-05,5.322590368450619e-09,198.65245056152344,0.0008394616306759417,3.4699273109436035,0.16941729199606925
3149,283.6104736328125,1.4355224266182631e-05,1.342618816124741e-08,198.40121459960938,0.0008377240737900138,3.4690983295440674,0.16375112504465505
3150,283.16546630859375,1.4112809367361479e-05,1.58470356836915e-08,198.15052795410156,0.0008360206848010421,3.468273639678955,0.16198666603304446
3151,282.72442626953125,1.3874235264665913e-05,3.66731001122389e-09,197.90052795410156,0.000834361300803721,3.4674532413482666,0.16478483303217217
3152,282.2862243652344,1.3644299542647786e-05,3.1464878702536225e-08,197.65249633789062,0.0008326615788973868,3.466637372970581,0.163208834012039
3153,281.8504943847656,1.3445992408378515e-05,5.459241947392002e-10,197.40016174316406,0.0008310569101013243,3.4658260345458984,0.15899500000523403
3154,281.41876220703125,1.3237424354883842e-05,3.180412022629753e-08,197.1522979736328,0.000829395605251193,3.465019464492798,0.163909875031095
3155,280.9873352050781,1.3023602150497027e-05,3.219838617951609e-09,196.9033660888672,0.000827812822535634,3.4642176628112793,0.15191741700982675
3156,280.5605163574219,1.2828167200495955e-05,1.682201400399208e-08,196.6552276611328,0.000826207862701267,3.4634206295013428,0.14945729199098423
3157,280.1356201171875,1.2640142813324928e-05,7.614517016918398e-09,196.40716552734375,0.0008246367797255516,3.4626283645629883,0.15096379205351695
3158,279.71307373046875,1.2455609976314008e-05,1.2663804227486253e-08,196.15916442871094,0.0008230708190239966,3.461840867996216,0.15349254198372364
3159,279.29327392578125,1.2267422789591365e-05,9.93190951703582e-09,195.9120635986328,0.0008215346606448293,3.4610581398010254,0.15382608398795128
3160,278.87646484375,1.2108445844205562e-05,8.734787115827203e-09,195.66404724121094,0.0008200069423764944,3.460280179977417,0.3161501249996945
3161,278.46234130859375,1.1935673683183268e-05,1.3984390534460545e-08,195.41749572753906,0.0008184990147128701,3.4595069885253906,0.16571758297504857
3162,278.0497131347656,1.1772322068281937e-05,7.043126970529556e-09,195.17062377929688,0.0008170115761458874,3.4587388038635254,0.16225612501148134
3163,277.63995361328125,1.160765896202065e-05,1.4439137885347009e-08,194.9256591796875,0.0008155209361575544,3.457975387573242,0.1639122079941444
3164,277.2319030761719,1.1452626495156437e-05,6.648633643635549e-09,194.67955017089844,0.0008140644058585167,3.457216739654541,0.15528737497515976
3165,276.826171875,1.129262636823114e-05,1.1004885891452432e-08,194.43496704101562,0.0008126083994284272,3.456462860107422,0.16381687502143905
3166,276.4237976074219,1.1149269994348288e-05,1.1923702913918532e-08,194.18978881835938,0.0008111789356917143,3.4557137489318848,0.1561182920122519
3167,276.02197265625,1.0995362572430167e-05,8.208189683500677e-09,193.9457550048828,0.000809758435934782,3.454969644546509,0.15436062501976267
3168,275.6229248046875,1.084959239960881e-05,7.951030056574382e-09,193.70249938964844,0.0008083467837423086,3.454230308532715,0.15882645797682926
3169,275.2252197265625,1.0695435776142403e-05,1.4784973245696165e-08,193.45982360839844,0.0008069437462836504,3.453495740890503,0.15765766700496897
3170,274.8300476074219,1.0535415640333667e-05,4.780531526193954e-09,193.21829223632812,0.0008055774378590286,3.452765941619873,0.14696187496883795
3171,274.43707275390625,1.0388894224888645e-05,1.525245352240745e-08,192.9773712158203,0.0008041929686442018,3.4520411491394043,0.1471808329806663
3172,274.0455322265625,1.0237676178803667e-05,5.893753041164018e-09,192.73548889160156,0.0008028567535802722,3.4513211250305176,0.1501415420207195
3173,273.6563720703125,1.0091353942698333e-05,1.2771351975970902e-08,192.4954376220703,0.0008015051134862006,3.450606107711792,0.1549173750099726
3174,273.2689514160156,9.958494956663344e-06,4.71482053399086e-09,192.25326538085938,0.0008001935784704983,3.4498958587646484,0.1752160420292057
3175,272.8832092285156,9.817549653234892e-06,1.7446154743083753e-08,192.0137176513672,0.000798859924543649,3.449190616607666,0.15329945902340114
3176,272.49853515625,9.691335435491055e-06,2.852175384759903e-09,191.7715301513672,0.0007975759799592197,3.4484901428222656,0.16136625001672655
3177,272.11663818359375,9.555248652759474e-06,1.872854227258358e-08,191.5331268310547,0.0007962612435221672,3.4477944374084473,0.162472624971997
3178,271.7356262207031,9.435496394871734e-06,1.4917986845830455e-09,191.29150390625,0.0007950042490847409,3.447103500366211,0.16442120797000825
3179,271.3578796386719,9.308861081080977e-06,2.9141119739506394e-08,191.05406188964844,0.0007937001064419746,3.4464173316955566,0.16220320900902152
3180,270.9810791015625,9.20947059057653e-06,5.6843418860808015e-12,190.8116455078125,0.0007924850797280669,3.4457359313964844,0.16107854200527072
3181,270.6050109863281,9.07107641978655e-06,4.0108716348186135e-08,190.57603454589844,0.0007911784923635423,3.445059299468994,0.1694621659698896
3182,270.23040771484375,8.955834346124902e-06,1.6575540939811617e-10,190.33462524414062,0.0007900019991211593,3.444387435913086,0.15932720800628886
3183,269.8580322265625,8.84451947058551e-06,3.0126102501526475e-08,190.0976104736328,0.0007887295796535909,3.4437201023101807,0.1634250420029275
3184,269.4859313964844,8.741301826376002e-06,8.185452315956354e-10,189.8577423095703,0.0007875397568568587,3.4430575370788574,0.16597375000128523
3185,269.11676025390625,8.633083780296147e-06,2.1151436158106662e-08,189.6204071044922,0.0007863093051128089,3.442399501800537,0.14696983399335295
3186,268.74835205078125,8.525539669790305e-06,1.8417267710901797e-09,189.3819122314453,0.0007851370028220117,3.4417459964752197,0.14556995796738192
3187,268.382080078125,8.414174772042315e-06,1.8990476746694185e-08,189.1468505859375,0.0007839191821403801,3.4410970211029053,0.14487737498711795
3188,268.01629638671875,8.314536898978986e-06,1.3133103493601084e-09,188.90818786621094,0.0007827652734704316,3.4404525756835938,0.14924558298662305
3189,267.65301513671875,8.205245649151038e-06,2.0737388695124537e-08,188.67352294921875,0.0007815690478309989,3.439812660217285,0.15601141704246402
3190,267.2906799316406,8.103123946057167e-06,1.4190391084412113e-09,188.43603515625,0.0007804419146850705,3.4391772747039795,0.15235462499549612
3191,266.92864990234375,7.992875907802954e-06,2.0600282368832268e-08,188.2010955810547,0.0007792621036060154,3.4385464191436768,0.1626764580141753
3192,266.569580078125,7.896107490523718e-06,9.606537787476555e-10,187.9643096923828,0.0007781555759720504,3.437919855117798,0.1598011669702828
3193,266.2115478515625,7.799595550750382e-06,1.885928213596344e-08,187.72923278808594,0.0007770045776851475,3.437297821044922,0.16445266699884087
3194,265.853515625,7.700368769292254e-06,1.6816557035781443e-09,187.4918212890625,0.0007759149884805083,3.4366800785064697,0.1637769170338288
3195,265.49688720703125,7.601448487548623e-06,2.18506102100946e-08,187.25730895996094,0.0007747725467197597,3.4360666275024414,0.16513933299575
3196,265.1425476074219,7.514600838476326e-06,2.9467628337442875e-10,187.01980590820312,0.0007737123523838818,3.435457468032837,0.16100241703679785
3197,264.7889099121094,7.429551715176785e-06,2.386877895332873e-08,186.785888671875,0.000772576779127121,3.4348526000976562,0.16268787503940985
3198,264.43707275390625,7.351773092523217e-06,4.81122697237879e-10,186.54898071289062,0.000771528750192374,3.4342520236968994,0.16278916597366333
3199,264.085693359375,7.265403382916702e-06,2.1151436158106662e-08,186.31504821777344,0.0007704197778366506,3.4336555004119873,0.16241400002036244
3200,263.73486328125,7.184336482168874e-06,5.913989298278466e-10,186.07847595214844,0.0007693787920288742,3.433063268661499,0.14615508302813396
3201,263.38623046875,7.098006335581886e-06,2.5517010726616718e-08,185.84609985351562,0.0007682776777073741,3.4324750900268555,0.14752762502757832
3202,263.03875732421875,7.022619229246629e-06,8.185452315956354e-12,185.60906982421875,0.0007672742940485477,3.4318909645080566,0.14616666699294
3203,262.6916198730469,6.926284186192788e-06,3.370246304257307e-08,185.3775177001953,0.000766181037761271,3.4313106536865234,0.14719054097076878
3204,262.3468017578125,6.86118164594518e-06,7.130438461899757e-10,185.14028930664062,0.0007652030908502638,3.430734395980835,0.18474058399442583
3205,262.0018310546875,6.768755156372208e-06,3.9917949834489264e-08,184.9093017578125,0.0007641167030669749,3.430162191390991,0.16026958299335092
3206,261.6575927734375,6.693599971185904e-06,1.0825260687852278e-09,184.672607421875,0.000763155345339328,3.429593801498413,0.17001587501727045
3207,261.31549072265625,6.6026191234414e-06,4.563480615615845e-08,184.44268798828125,0.000762079784180969,3.4290294647216797,0.1601444169646129
3208,260.97479248046875,6.547597877215594e-06,5.533365765586495e-09,184.20484924316406,0.0007611463661305606,3.428468942642212,0.16197212500264868
3209,260.6351623535156,6.453377864090726e-06,7.914877642178908e-08,183.97708129882812,0.0007600481621921062,3.4279122352600098,0.16988620901247486
3210,260.297607421875,6.397173820005264e-06,2.6284396881237626e-08,183.7379150390625,0.0007591734756715596,3.4273593425750732,0.16592458297964185
3211,259.9620361328125,6.3118309299170505e-06,1.4588317753805313e-07,183.51116943359375,0.0007580509409308434,3.4268102645874023,0.16305808402830735
3212,259.62908935546875,6.260423106141388e-06,8.74024408403784e-08,183.269287109375,0.0007572501199319959,3.426265001296997,0.16362762497738004
3213,259.302001953125,6.167708306747954e-06,3.149873464280972e-07,183.047119140625,0.0007560660596936941,3.4257233142852783,0.16530612501082942
3214,258.9814453125,6.14109194430057e-06,2.923925421782769e-07,182.79962158203125,0.0007553849136456847,3.425185203552246,0.16376929101534188
3215,258.6756591796875,6.0135512285341974e-06,8.199551757570589e-07,182.58615112304688,0.0007540616788901389,3.4246506690979004,0.1526458750013262
3216,258.39447021484375,6.023787136655301e-06,1.0412804840598255e-06,182.3272247314453,0.0007536072516813874,3.424119710922241,0.14644616696750745
3217,258.1573791503906,5.862499619979644e-06,2.4194023353629746e-06,182.12930297851562,0.0007519989740103483,3.4235923290252686,0.14458754198858514
3218,258.0013427734375,5.9357516875024885e-06,3.621626319727511e-06,181.8513946533203,0.000751942046917975,3.4230685234069824,0.14579341700300574
3219,257.999267578125,5.697992492059711e-06,7.662043572054245e-06,181.68141174316406,0.0007498185732401907,3.4225480556488037,0.15207366697723046
3220,258.29412841796875,5.883877747692168e-06,1.2892292033939157e-05,181.36529541015625,0.0007505120011046529,3.4220309257507324,0.15076724998652935
3221,259.1728515625,5.497187885339372e-06,2.6349249310442246e-05,181.2503662109375,0.0007473783334717155,3.4215173721313477,0.15459091699449345
3222,261.1943359375,5.888505256734788e-06,4.7910874855006114e-05,180.86190795898438,0.0007495249155908823,3.421006917953491,0.16313241701573133
3223,265.4630432128906,5.19838567925035e-06,9.645082172937691e-05,180.8588409423828,0.0007443928625434637,3.4205000400543213,0.1562281670048833
3224,274.19024658203125,6.028176358086057e-06,0.0001831710251281038,180.3290557861328,0.000749412749428302,3.4199960231781006,0.16440916596911848
3225,291.85089111328125,4.776773494086228e-06,0.00036790213198401034,180.55169677734375,0.000740312971174717,3.4194958209991455,0.16102312499424443
3226,327.5152893066406,6.496755759144435e-06,0.0007200129912234843,179.75437927246094,0.0007510993746109307,3.4189977645874023,0.16248212504433468
3227,399.7381591796875,4.143739715800621e-06,0.0014545368030667305,180.46542358398438,0.0007340468000620604,3.418503761291504,0.1630914579727687
3228,546.8634033203125,7.828587513358798e-06,0.002912128111347556,179.20074462890625,0.0007566696149297059,3.4180104732513428,0.1617660000338219
3229,848.1802978515625,3.2524599191674497e-06,0.00594467343762517,181.0272674560547,0.0007236041710712016,3.4175212383270264,0.16563120804494247
3230,1467.7236328125,1.1876441931235604e-05,0.012102441862225533,179.17002868652344,0.0007712177466601133,3.4170279502868652,0.16167358297389
3231,2739.494384765625,2.4400280835834565e-06,0.02484961226582527,183.67164611816406,0.0007061765645630658,3.4165360927581787,0.14873770804842934
3232,5330.97705078125,2.762738586170599e-05,0.050648778676986694,182.5098876953125,0.0008082652930170298,3.4160256385803223,0.15036166703794152
3233,10460.103515625,4.161230208410416e-06,0.10198670625686646,192.8040313720703,0.000682131911162287,3.4155006408691406,0.14667179202660918
3234,19991.041015625,0.00011478329543024302,0.1968640387058258,202.61807250976562,0.0009054063120856881,3.4149057865142822,0.156299082969781
3235,35157.70703125,5.024996426072903e-05,0.34870532155036926,214.02230834960938,0.0006812939536757767,3.4142189025878906,0.1642247919808142
3236,51913.0859375,0.000690380809828639,0.5145711898803711,273.1187438964844,0.001138106221333146,3.4132983684539795,0.15775312500772998
3237,54791.07421875,0.0008310137782245874,0.5438727736473083,230.79408264160156,0.000899034203030169,3.4120237827301025,0.1594107499695383
3238,30058.7265625,0.003002834739163518,0.2927273213863373,337.7305908203125,0.001479810569435358,3.4102070331573486,0.15462729200953618
3239,3090.786865234375,0.004419160075485706,0.02161470055580139,323.5625915527344,0.001638384535908699,3.4077136516571045,0.1544955419958569
3240,8945.462890625,0.005488886963576078,0.07871151715517044,343.9067687988281,0.001815148745663464,3.4045417308807373,0.15924262499902397
3241,25513.791015625,0.006202165503054857,0.24312002956867218,381.5597229003906,0.0020000962540507317,3.400827407836914,0.1634048330015503
3242,14598.279296875,0.005515910219401121,0.1352079212665558,340.58807373046875,0.0018530851230025291,3.396660566329956,0.15825437498278916
3243,966.6895141601562,0.004617722239345312,5.016274371882901e-06,323.4380187988281,0.0018097765278071165,3.3922805786132812,0.1746817500097677
3244,11851.45703125,0.0032144631259143353,0.11020200699567795,324.7673034667969,0.0018504245672374964,3.3879733085632324,0.17230041598668322
3245,14987.337890625,0.0017768503166735172,0.143149271607399,337.3276672363281,0.0015739875379949808,3.3839287757873535,0.1652852920233272
3246,2171.65673828125,0.0008838281501084566,0.015298893675208092,370.0389099121094,0.0018334570340812206,3.3804240226745605,0.1524458749918267
3247,4748.447265625,0.0003174802113790065,0.04097588360309601,418.5423889160156,0.002005682559683919,3.3776473999023438,0.1486932499683462
3248,11808.96875,6.511707761092111e-05,0.11170519143342972,455.0154724121094,0.0017692220862954855,3.37565541267395,0.14612708298955113
3249,3836.194091796875,8.326916031364817e-06,0.03121298924088478,490.40692138671875,0.0022365546319633722,3.374547243118286,0.1476852920022793
3250,1916.378662109375,1.8213347630080534e-06,0.011973950080573559,495.19073486328125,0.0022361085284501314,3.3742759227752686,0.1509064169949852
3251,8263.1171875,8.955121302278712e-06,0.07581452280282974,487.9775085449219,0.0019279246916994452,3.374701976776123,0.1556347500300035
3252,4119.9267578125,4.525386611931026e-05,0.034333039075136185,455.4255676269531,0.0022667201701551676,3.3757686614990234,0.1516579589806497
3253,947.5747680664062,0.00017350395501125604,0.0030589071102440357,415.8184509277344,0.002085152082145214,3.3773043155670166,0.1646687500178814
3254,5568.8994140625,0.00041440068162046373,0.04962826892733574,383.83203125,0.0018080059671774507,3.379122734069824,0.3111305829952471
3255,3479.96142578125,0.0006583335343748331,0.028598938137292862,345.3934020996094,0.0020884107798337936,3.3811678886413574,0.16413824999472126
3256,726.7261962890625,0.0010204481659457088,0.0010816790163516998,320.07177734375,0.0019644172862172127,3.383307456970215,0.16289362497627735
3257,4020.8505859375,0.0013697808608412743,0.03397086262702942,305.1431884765625,0.0018164311768487096,3.385430097579956,0.16080641699954867
3258,2756.15234375,0.0014643280301243067,0.021021952852606773,297.6462097167969,0.002098778495565057,3.3875584602355957,0.15937241702340543
3259,720.9454345703125,0.001591986627317965,0.0007175328792072833,287.372314453125,0.0020262112375348806,3.3896515369415283,0.16111770801944658
3260,3076.5888671875,0.00160378054715693,0.024456102401018143,280.2258605957031,0.0019037466263398528,3.3916869163513184,0.15618883399292827
3261,2114.861083984375,0.0013394722482189536,0.014851842075586319,281.5818176269531,0.0021414782386273146,3.393751859664917,0.14746695797657594
3262,666.7216796875,0.001142190652899444,0.0006181571516208351,282.6435852050781,0.0020804335363209248,3.39587140083313,0.14806624996708706
3263,2379.30517578125,0.00092239462537691,0.017990857362747192,290.18646240234375,0.001977934269234538,3.398070812225342,0.14374149998184294
3264,1651.3060302734375,0.0006169899133965373,0.01058037020266056,309.0856628417969,0.0022248434834182262,3.4004499912261963,0.1491278339526616
3265,633.5894775390625,0.000436083268141374,0.0004741405718959868,323.0169677734375,0.0021955007687211037,3.403038740158081,0.1588929170393385
3266,1896.3343505859375,0.00031207429128699005,0.013204884715378284,333.5008239746094,0.0021113757975399494,3.405846118927002,0.1583487080060877
3267,1381.7451171875,0.00019698085088748485,0.007751607336103916,353.59503173828125,0.002332912292331457,3.4089224338531494,0.16119662503479049
3268,628.2225341796875,0.0001618982059881091,0.00029610228375531733,354.76910400390625,0.002276533981785178,3.412245750427246,0.15989566699136049
3269,1534.8839111328125,0.00016315047105308622,0.009552116505801678,347.098388671875,0.002162587596103549,3.4157683849334717,0.1647408749558963
3270,1176.1505126953125,0.00016570783918723464,0.005803752690553665,348.6542663574219,0.002305501839146018,3.419475555419922,0.1628343749907799
3271,591.8094482421875,0.00021846733579877764,0.00016164348926395178,332.9082946777344,0.002208900637924671,3.4232985973358154,0.16456212499178946
3272,1235.4664306640625,0.00029966168222017586,0.006820101290941238,315.3067932128906,0.002081834012642503,3.42716121673584,0.1626864999998361
3273,999.1011352539062,0.0003652135201264173,0.004382411018013954,307.15838623046875,0.0021718028001487255,3.431030750274658,0.16604699997697026
3274,554.6844482421875,0.0004634755605366081,8.142655133269727e-05,292.2808837890625,0.002079133875668049,3.4348456859588623,0.16315091704018414
3275,1018.61279296875,0.0005553932278417051,0.004853272344917059,280.0303039550781,0.0019771596416831017,3.438553810119629,0.1652362499735318
3276,872.4057006835938,0.000588867929764092,0.003327327547594905,275.56610107421875,0.002052200259640813,3.442150115966797,0.14737870800308883
3277,532.5867309570312,0.0006233577732928097,3.210105205653235e-05,268.9668273925781,0.001980740576982498,3.4456114768981934,0.14774770801886916
3278,862.2103881835938,0.0006273314938880503,0.0034410550724714994,264.9304504394531,0.0019044126383960247,3.448925018310547,0.1479134580004029
3279,777.5194702148438,0.0005752358119934797,0.0025713795330375433,265.94219970703125,0.001969157252460718,3.452115774154663,0.14794695796445012
3280,509.2867431640625,0.0005289397668093443,4.464200173970312e-06,265.23193359375,0.00190714409109205,3.455188512802124,0.1568343749968335
3281,737.4033203125,0.00047066344995982945,0.0023953747004270554,266.2152404785156,0.0018458423437550664,3.458153009414673,0.15530333301285282
3282,703.2225341796875,0.0003926376812160015,0.0020491972099989653,268.9815368652344,0.001900574890896678,3.461042881011963,0.15305541700217873
3283,489.1001892089844,0.000335531571181491,3.7350239381339634e-06,270.7997131347656,0.0018437381368130445,3.4638686180114746,0.1561204589670524
3284,640.4225463867188,0.00028598294011317194,0.0015969848027452826,272.5974426269531,0.0017952830530703068,3.466639518737793,0.16728841699659824
3285,647.7489624023438,0.000239930726820603,0.001663325005210936,273.6021423339844,0.001838212483562529,3.4693779945373535,0.1625075830379501
3286,476.5448913574219,0.00021649485279340297,3.896004636771977e-05,273.0908203125,0.001779085723683238,3.4720802307128906,0.16308258299250156
3287,564.654296875,0.0002044794528046623,0.000992902321740985,271.40155029296875,0.0017351461574435234,3.4747397899627686,0.1571421250118874
3288,599.2005615234375,0.000199752816115506,0.0013418380403891206,269.12841796875,0.0017591308569535613,3.477356433868408,0.16317604202777147
3289,466.073486328125,0.00021201396884862334,0.00010543616372160614,264.927490234375,0.0016940098721534014,3.4799082279205322,0.16222279198700562
3290,504.42767333984375,0.00023113118368200958,0.0005558175616897643,260.3602600097656,0.001653725397773087,3.482375144958496,0.15776445803930983
3291,553.3614501953125,0.0002524239826016128,0.0010568873258307576,256.1313171386719,0.0016629903111606836,3.4847452640533447,0.15297291602473706
3292,457.60076904296875,0.00028010469395667315,0.00018559260934125632,250.9581298828125,0.0016007289523258805,3.486994504928589,0.1451093329815194
3293,460.08514404296875,0.00030253693694248796,0.0002602836466394365,246.6467742919922,0.001571563188917935,3.4891088008880615,0.14656779199140146
3294,511.79656982421875,0.0003155079029966146,0.0007929372368380427,243.34747314453125,0.0015760458773002028,3.4910848140716553,0.14663179096532986
3295,450.8487548828125,0.0003225898544769734,0.0002597607672214508,240.206298828125,0.001524074119515717,3.4929137229919434,0.1527487919665873
3296,429.44390869140625,0.00031724871951155365,8.69027862790972e-05,238.20494079589844,0.0015082380268722773,3.494598865509033,0.18033145798835903
3297,473.6434326171875,0.00030188620439730585,0.0005523604340851307,237.1254119873047,0.0015109335072338581,3.496150255203247,0.1574868339812383
3298,442.68157958984375,0.00028255206416361034,0.00031556293834000826,236.09228515625,0.001467777881771326,3.497572660446167,0.17047599999932572
3299,408.55999755859375,0.00025825665215961635,9.255109034711495e-06,235.7094268798828,0.0014609937788918614,3.4988787174224854,0.1631593750207685
3300,438.435791015625,0.00023318729654420167,0.0003370071353856474,235.52755737304688,0.0014588878257200122,3.50008225440979,0.16088308300822973
3301,431.63592529296875,0.000210695099667646,0.0003333928470965475,235.108642578125,0.001421184977516532,3.5011892318725586,0.16085366695187986
3302,396.3177185058594,0.00019012167467735708,6.459436008299235e-06,234.7722930908203,0.0014188732020556927,3.502211332321167,0.15630758297629654
3303,408.8251953125,0.0001730253716232255,0.0001624082651687786,234.28213500976562,0.001409997115842998,3.503156900405884,0.16041224997024983
3304,417.4071350097656,0.00015990824613254517,0.0003013437963090837,233.59254455566406,0.0013768939534202218,3.5040273666381836,0.14756012498401105
3305,390.1847839355469,0.00015017511032056063,4.9226808187086135e-05,232.66358947753906,0.0013758100103586912,3.504828691482544,0.1534428329905495
3306,386.6654357910156,0.00014388473937287927,4.739737050840631e-05,231.5484619140625,0.0013598876539617777,3.505561351776123,0.15879766701254994
3307,399.8946838378906,0.00014066274161450565,0.00022479577455669641,230.2266387939453,0.0013312218943610787,3.5062224864959717,0.15058320900425315
3308,385.5599365234375,0.000140199379529804,9.889186912914738e-05,228.73814392089844,0.0013291268842294812,3.50681209564209,0.14895016700029373
3309,372.20928955078125,0.0001416995655745268,1.6416308881161967e-06,227.0889892578125,0.0013078618794679642,3.5073258876800537,0.14883874997030944
3310,381.1054992675781,0.0001444056979380548,0.00012804784637410194,225.37843322753906,0.0012848172336816788,3.507758855819702,0.15389683295506984
3311,378.7983703613281,0.0001478004560340196,0.00012204423546791077,223.6804656982422,0.0012813344364985824,3.5081098079681396,0.15723912499379367
3312,364.0973205566406,0.000150294930790551,1.1832934433186892e-05,222.04798889160156,0.0012583654606714845,3.5083751678466797,0.17301174998283386
3313,364.5545349121094,0.0001516101765446365,4.595100472215563e-05,220.57156372070312,0.0012422685977071524,3.5085532665252686,0.15989050001371652
3314,368.5684814453125,0.00015129621897358447,0.00010412804840598255,219.2608642578125,0.0012376517988741398,3.5086467266082764,0.1625087090069428
3315,359.11468505859375,0.00014838363858871162,4.4507960410555825e-05,218.2025909423828,0.0012162294005975127,3.5086562633514404,0.15873799996916205
3316,352.80267333984375,0.00014400487998500466,4.460171112441458e-06,217.29261779785156,0.0012066353810951114,3.5085859298706055,0.16194566700141877
3317,356.39013671875,0.00013830032548867166,5.999653149046935e-05,216.5336456298828,0.001200268161483109,3.508441686630249,0.16315266594756395
3318,353.7751770019531,0.00013124023098498583,6.576511805178598e-05,215.92477416992188,0.0011814986355602741,3.508227586746216,0.16312616696814075
3319,345.7435302734375,0.0001246870233444497,3.7553254514932632e-06,215.30929565429688,0.0011758998734876513,3.5079495906829834,0.16465616703499109
3320,344.9869384765625,0.00011827830167021602,1.771201641531661e-05,214.72340393066406,0.0011666450882330537,3.507613182067871,0.16157079197000712
3321,346.2050476074219,0.00011210174852749333,5.752572906203568e-05,214.16766357421875,0.0011507462477311492,3.5072216987609863,0.1644006660208106
3322,341.0805969238281,0.00010752610978670418,2.182360003644135e-05,213.49542236328125,0.0011465020943433046,3.506779909133911,0.14928116701776162
3323,336.638671875,0.00010332189413020387,1.6235048860835377e-07,212.84417724609375,0.0011344607919454575,3.5062904357910156,0.1470432080095634
3324,337.2709655761719,9.988778765546158e-05,2.9208320484030992e-05,212.16859436035156,0.0011219276348128915,3.5057549476623535,0.14575324999168515
3325,335.98321533203125,9.778184175956994e-05,3.0992312531452626e-05,211.36659240722656,0.001117392093874514,3.505175828933716,0.15234258299460635
3326,331.3376770019531,9.569600661052391e-05,7.2969269240275025e-06,210.62112426757812,0.0011041726684197783,3.5045535564422607,0.1508522920194082
3327,329.320068359375,9.443258750252426e-05,5.5577256716787815e-06,209.8009490966797,0.0010952007723972201,3.5038888454437256,0.1561750000109896
3328,329.4557189941406,9.382077405462041e-05,2.1952990209683776e-05,208.92559814453125,0.0010895273881033063,3.5031826496124268,0.1561535419896245
3329,327.0546875,9.276837226934731e-05,1.9547311239875853e-05,208.12928771972656,0.0010769383516162634,3.502434492111206,0.16514079098124057
3330,323.6353759765625,9.220203355653211e-05,4.2925330490106717e-07,207.27247619628906,0.001070997677743435,3.50164532661438,0.16573383403010666
3331,322.6117248535156,9.132730338023975e-05,6.1908222050988115e-06,206.46231079101562,0.0010639759711921215,3.5008158683776855,0.1617843749700114
3332,322.001220703125,8.96557976375334e-05,1.925746073538903e-05,205.7573699951172,0.0010535253677517176,3.4999470710754395,0.1612049579853192
3333,319.48541259765625,8.808698476059362e-05,7.150825695134699e-06,205.0172882080078,0.001049443380907178,3.4990410804748535,0.160154374956619
3334,317.11016845703125,8.561626600567251e-05,1.080570655176416e-08,204.4004364013672,0.001041470211930573,3.4981000423431396,0.15903949999483302
3335,316.33245849609375,8.26412215246819e-05,8.518927643308416e-06,203.83999633789062,0.0010337643325328827,3.497126579284668,0.16505966597469524
3336,315.29461669921875,7.986785931279883e-05,1.0529225619393401e-05,203.24859619140625,0.001030063140206039,3.496124029159546,0.15969870804110542
3337,313.0657958984375,7.645130972377956e-05,4.8300717025995255e-06,202.767578125,0.001021700561977923,3.4950950145721436,0.14741149998735636
3338,311.271728515625,7.343801553361118e-05,4.6495642891386524e-07,202.24581909179688,0.0010163560509681702,3.4940426349639893,0.1458618330070749
3339,310.45733642578125,7.075779285514727e-05,5.016274371882901e-06,201.71107482910156,0.0010116883786395192,3.492969512939453,0.14707925001857802
3340,309.26324462890625,6.803689757362008e-05,8.499454452248756e-06,201.22967529296875,0.0010037991451099515,3.491877555847168,0.1500205000047572
3341,307.390380859375,6.608840340049937e-05,1.4210854715202004e-06,200.66693115234375,0.0009997249580919743,3.4907684326171875,0.15499141695909202
3342,305.9567565917969,6.421979196602479e-05,2.1526125237869564e-07,200.1347198486328,0.0009937852155417204,3.4896438121795654,0.1538146249949932
3343,305.0989685058594,6.25569955445826e-05,5.1907782108173706e-06,199.61093139648438,0.0009871326619759202,3.488504648208618,0.16002020903397352
3344,303.9124450683594,6.14213349763304e-05,4.058761987835169e-06,199.02862548828125,0.0009833581279963255,3.487351894378662,0.15701099997386336
3345,302.33807373046875,6.010738798067905e-05,1.468079290134483e-06,198.50588989257812,0.000976746203377843,3.4861860275268555,0.16111724998336285
3346,301.08990478515625,5.904557110625319e-05,5.967194738332182e-07,197.95883178710938,0.0009716685744933784,3.4850077629089355,0.16328520799288526
3347,300.1972961425781,5.8127654483541846e-05,2.375105395913124e-06,197.40415954589844,0.0009674286702647805,3.4838180541992188,0.16481612500501797
3348,299.09173583984375,5.6966520787682384e-05,3.809111376540386e-06,196.90750122070312,0.0009610668639652431,3.482617139816284,0.16546316700987518
3349,297.74298095703125,5.6093540479196236e-05,4.6106288209557533e-07,196.3739013671875,0.0009571363334544003,3.481405735015869,0.32560966699384153
3350,296.6088562011719,5.5043183238012716e-05,7.207040653156582e-08,195.88150024414062,0.0009521583560854197,3.480184555053711,0.16630287503357977
3351,295.71270751953125,5.3877556638326496e-05,2.3239429083332652e-06,195.41795349121094,0.0009467459749430418,3.478954315185547,0.15148204198339954
3352,294.69464111328125,5.285258885123767e-05,1.5955267826939235e-06,194.93724060058594,0.0009431258658878505,3.4777162075042725,0.14696591696701944
3353,293.5302734375,5.152209632797167e-05,8.399374564760365e-07,194.51744079589844,0.000937766395509243,3.476471185684204,0.1460459590307437
3354,292.47979736328125,5.0241513235960156e-05,1.6973353922367096e-07,194.09237670898438,0.0009334630449302495,3.475220203399658,0.1441211660276167
3355,291.59613037109375,4.8987891204888e-05,7.019136774033541e-07,193.67538452148438,0.0009295176714658737,3.4739646911621094,0.15425441600382328
3356,290.6681213378906,4.755836562253535e-05,1.7383229078404838e-06,193.2991943359375,0.0009243926033377647,3.472705602645874,0.1581802080036141
3357,289.63958740234375,4.636567609850317e-05,2.766248599073151e-07,192.89657592773438,0.0009207877446897328,3.4714441299438477,0.1571598339942284
3358,288.6662292480469,4.509762584348209e-05,4.330104275140911e-09,192.51976013183594,0.0009163627400994301,3.470181465148926,0.16204929200466722
3359,287.81219482421875,4.3927706428803504e-05,8.010667897906387e-07,192.1465301513672,0.0009119277819991112,3.4689183235168457,0.16177037497982383
3360,286.95611572265625,4.298783460399136e-05,6.280615707510151e-07,191.74929809570312,0.0009084524353966117,3.467655658721924,0.15511374996276572
3361,286.0359191894531,4.1969269659603015e-05,6.868149284855463e-07,191.38104248046875,0.0009038925636559725,3.4663939476013184,0.15170991595368832
3362,285.130615234375,4.1172232158714905e-05,3.961758920922875e-09,190.9883270263672,0.0009002467850223184,3.4651336669921875,0.15539975004503503
3363,284.30914306640625,4.044270463055e-05,1.1526572052389383e-07,190.59617614746094,0.0008965714951045811,3.4638752937316895,0.15334308304591104
3364,283.5130615234375,3.966562508139759e-05,8.425615760643268e-07,190.2206573486328,0.0008924159919843078,3.4626190662384033,0.15771720797056332
3365,282.67584228515625,3.90560926462058e-05,2.324034085177118e-07,189.82020568847656,0.0008892678888514638,3.4613654613494873,0.17745954199926928
3366,281.8363342285156,3.8340480386978015e-05,1.2249893188709393e-07,189.44512939453125,0.000885449000634253,3.4601144790649414,0.15646329196169972
3367,281.0505676269531,3.770830517169088e-05,1.7448110156692564e-07,189.06329345703125,0.0008819900103844702,3.458866596221924,0.14888883294770494
3368,280.29486083984375,3.710316741489805e-05,1.6738431440899149e-07,188.6785888671875,0.0008788920240476727,3.4576220512390137,0.16650770901469514
3369,279.52825927734375,3.6376277421368286e-05,4.7017329052323475e-07,188.32032775878906,0.0008752329740673304,3.45638108253479,0.14447291701799259
3370,278.7550964355469,3.575630034902133e-05,2.1290361473802477e-08,187.94943237304688,0.0008722789934836328,3.455144166946411,0.14990554202813655
3371,278.0049743652344,3.5061842936556786e-05,6.190248313941993e-09,187.59536743164062,0.0008690280956216156,3.453911542892456,0.15099295903928578
3372,277.2885437011719,3.4321099519729614e-05,2.617819063743809e-07,187.25283813476562,0.0008657742873765528,3.452683687210083,0.15500812500249594
3373,276.5809020996094,3.3660155168036e-05,1.3167687029636e-07,186.9015655517578,0.0008630015072412789,3.45146107673645,0.16830437496537343
3374,275.862548828125,3.28797432302963e-05,2.90333446173463e-07,186.5780487060547,0.000859675055835396,3.450244426727295,0.1631809999817051
3375,275.1501159667969,3.220853250240907e-05,7.366907084360719e-11,186.24034118652344,0.0008568891789764166,3.4490339756011963,0.16082929098047316
3376,274.46343994140625,3.151479540974833e-05,7.648850441910326e-10,185.91403198242188,0.0008539784466847777,3.4478299617767334,0.17096441600006074
3377,273.7942810058594,3.0815372156212106e-05,2.3286338546313345e-07,185.59593200683594,0.0008509351755492389,3.4466331005096436,0.16514145798282698
3378,273.1266174316406,3.0228571631596424e-05,5.044080353400204e-08,185.26524353027344,0.0008483347482979298,3.445443630218506,0.16794074996141717
3379,272.45849609375,2.9594213629025035e-05,1.1721658665919676e-07,184.95054626464844,0.0008453679620288312,3.4442615509033203,0.16894854203565046
3380,271.80487060546875,2.9046192139503546e-05,2.386877895332873e-08,184.62841796875,0.0008426945423707366,3.443087339401245,0.16360533295664936
3381,271.1670837402344,2.8524300432763994e-05,7.531525625381619e-09,184.3055877685547,0.0008400832302868366,3.4419212341308594,0.16436104098102078
3382,270.5389099121094,2.7990739909000695e-05,1.7687943909550086e-07,183.99234008789062,0.00083729816833511,3.440763235092163,0.14972437504911795
3383,269.911865234375,2.7540985684026964e-05,1.255671122635249e-08,183.6682586669922,0.0008348824339918792,3.4396133422851562,0.14662933396175504
3384,269.2893981933594,2.701488665479701e-05,5.548736226046458e-08,183.3574981689453,0.0008322485955432057,3.438471794128418,0.1453955420292914
3385,268.67926025390625,2.6541742045083083e-05,3.2660182114341296e-08,183.0430450439453,0.000829787808470428,3.4373388290405273,0.1476209579850547
3386,268.0801086425781,2.6089217499247752e-05,1.7209913494298235e-09,182.7288055419922,0.0008274220745079219,3.4362144470214844,0.1535858340212144
3387,267.4869689941406,2.561523433541879e-05,9.994641914090607e-08,182.42279052734375,0.0008249265374615788,3.435098648071289,0.15818808297626674
3388,266.8983154296875,2.5189854568452574e-05,5.1159076974727213e-11,182.1114501953125,0.0008226785575971007,3.4339914321899414,0.18011358298826963
3389,266.31768798828125,2.475498513376806e-05,2.3428810891346075e-08,181.807373046875,0.0008203248726204038,3.4328930377960205,0.16286308300914243
3390,265.7454833984375,2.4315082555403933e-05,4.0299937609233893e-08,181.5062255859375,0.0008180372533388436,3.4318034648895264,0.15679154201643541
3391,265.18084716796875,2.3898935978650115e-05,3.4583536034915596e-10,181.2041473388672,0.0008158677374012768,3.430722951889038,0.16368050000164658
3392,264.62164306640625,2.346731889701914e-05,6.704090083076153e-08,180.9102020263672,0.0008135801763273776,3.4296514987945557,0.1641686250222847
3393,264.0670166015625,2.3043068722472526e-05,1.3480985217029229e-09,180.61517333984375,0.0008114738157019019,3.428589105606079,0.16370579198701307
3394,263.5184631347656,2.2621554307988845e-05,1.885928213596344e-08,180.32553100585938,0.0008092889911495149,3.4275360107421875,0.16146379197016358
3395,262.9774475097656,2.2230902686715126e-05,2.521323949622456e-08,180.0348663330078,0.0008071696502156556,3.426492214202881,0.16289662499912083
3396,262.44281005859375,2.1839752662344836e-05,1.4551915228366852e-09,179.7471160888672,0.000805115676485002,3.4254579544067383,0.15593208401696756
3397,261.9121398925781,2.1454836314660497e-05,4.184607860224787e-08,179.46127319335938,0.0008030119934119284,3.4244329929351807,0.15542883303714916
3398,261.3876037597656,2.1100711819599383e-05,3.3289779821643606e-09,179.17507934570312,0.0008010212332010269,3.423417568206787,0.14517287496710196
3399,260.8682861328125,2.075116390187759e-05,1.7446154743083753e-08,178.8916778564453,0.0007989976438693702,3.4224114418029785,0.14671604201430455
3400,260.355224609375,2.0409921489772387e-05,2.019169187406078e-08,178.6085662841797,0.00079703627852723,3.421414852142334,0.14548125001601875
3401,259.84716796875,2.009287527471315e-05,1.8010268831858411e-09,178.3242645263672,0.0007951342849992216,3.4204275608062744,0.15378262498416007
3402,259.3435974121094,1.9758699636440724e-05,4.126286512473598e-08,178.0454864501953,0.000793181243352592,3.4194495677948,0.15279866597848013
3403,258.8441162109375,1.9446248188614845e-05,1.4190391084412113e-09,177.76400756835938,0.0007913534645922482,3.4184811115264893,0.15325704199494794
3404,258.3502197265625,1.9126378902001306e-05,2.690649125725031e-08,177.48748779296875,0.0007894739974290133,3.4175219535827637,0.1709131250390783
3405,257.8608093261719,1.8823640857590362e-05,6.648633643635549e-09,177.20982360839844,0.0007876796298660338,3.416572093963623,0.16012441698694602
3406,257.37420654296875,1.851254637585953e-05,1.58470356836915e-08,176.93504333496094,0.00078586331801489,3.4156315326690674,0.1634519170038402
3407,256.89459228515625,1.823457387217786e-05,1.1716338121914305e-08,176.65975952148438,0.0007841021870262921,3.4147000312805176,0.1694227500120178
3408,256.41961669921875,1.7957692762138322e-05,8.381903171539307e-09,176.38729858398438,0.0007823570049367845,3.4137775897979736,0.16521987499436364
3409,255.94622802734375,1.7670901797828265e-05,1.8990476746694185e-08,176.11526489257812,0.0007806199137121439,3.4128642082214355,0.1648664170061238
3410,255.47726440429688,1.738542596285697e-05,7.2041075327433646e-09,175.84521484375,0.0007789278170093894,3.4119598865509033,0.1669356250204146
3411,255.01402282714844,1.7124464648077264e-05,1.1510792319313623e-08,175.57640075683594,0.0007772402605041862,3.411064624786377,0.16355850000400096
3412,254.5538330078125,1.6850794054334983e-05,1.872854227258358e-08,175.3092498779297,0.0007755763363093138,3.4101784229278564,0.15984816697891802
3413,254.09719848632812,1.658321161812637e-05,4.780531526193954e-09,175.0419464111328,0.0007739646243862808,3.4093010425567627,0.14558470901101828
3414,253.64425659179688,1.631102895771619e-05,1.548892214486841e-08,174.77745056152344,0.0007723416783846915,3.408432722091675,0.14274579199263826
3415,253.19589233398438,1.6071193385869265e-05,1.2132886695326306e-08,174.51219177246094,0.0007707535987719893,3.4075732231140137,0.1452034160029143
3416,252.74960327148438,1.5813217032700777e-05,5.820766091346741e-09,174.24815368652344,0.0007691953796893358,3.4067225456237793,0.15126458404120058
3417,252.30709838867188,1.5566261936328374e-05,2.1151436158106662e-08,173.98573303222656,0.0007676262757740915,3.4058804512023926,0.15972320904256776
3418,251.8688201904297,1.5347393855336122e-05,2.412207322777249e-09,173.7211151123047,0.0007661273120902479,3.4050469398498535,0.15236216702032834
3419,251.4334716796875,1.5106434148037806e-05,3.283275873400271e-08,173.46109008789062,0.0007645845762453973,3.404222011566162,0.1582287090132013
3420,251.00051879882812,1.4887154065945651e-05,1.1004885891452432e-10,173.19757080078125,0.0007631421904079616,3.4034056663513184,0.16392291599186137
3421,250.57150268554688,1.4660346096206922e-05,3.095942702202592e-08,172.93873596191406,0.0007616363582201302,3.402597665786743,0.15988975000800565
3422,250.1445770263672,1.4443886357184965e-05,5.533365765586495e-09,172.67897033691406,0.0007602066034451127,3.4017980098724365,0.1642277089995332
3423,249.72091674804688,1.4230835404305253e-05,4.456524038687348e-09,172.41952514648438,0.0007587785948999226,3.4010066986083984,0.158977875020355
3424,249.30194091796875,1.4033207662578207e-05,2.9631564757437445e-08,172.16238403320312,0.0007573326583951712,3.40022349357605,0.1607533339993097
3425,248.8836669921875,1.3841396139468998e-05,6.87805368215777e-10,171.90304565429688,0.0007559642544947565,3.3994483947753906,0.16519166697980836
3426,248.46908569335938,1.3642537851410452e-05,1.9653271010611206e-08,171.64865112304688,0.0007545421831309795,3.398681163787842,0.16431008401559666
3427,248.05648803710938,1.3451238373818342e-05,7.781864042044617e-09,171.3922119140625,0.000753183732740581,3.3979218006134033,0.16117283300263807
3428,247.64703369140625,1.3254344594315626e-05,9.462382877245545e-09,171.13804626464844,0.0007518260972574353,3.397170305252075,0.15432949998648837
3429,247.24024963378906,1.3067088730167598e-05,1.1105157682322897e-08,170.88421630859375,0.0007504821987822652,3.3964266777038574,0.14930204104166478
3430,246.8363494873047,1.2874321328126825e-05,7.123389877961017e-09,170.6325225830078,0.0007491568103432655,3.395690679550171,0.1477619159850292
3431,246.43431091308594,1.2687655726040248e-05,1.0219082469120622e-08,170.38011169433594,0.000747844111174345,3.3949623107910156,0.14694158302154392
3432,246.03504943847656,1.2519220035756007e-05,1.1105157682322897e-08,170.12754821777344,0.0007465446833521128,3.3942413330078125,0.15802087500924245
3433,245.6382293701172,1.234436876984546e-05,3.165951056871563e-09,169.87603759765625,0.0007452743593603373,3.3935277462005615,0.158298083988484
3434,245.24472045898438,1.2171579328423832e-05,3.079185262322426e-08,169.62713623046875,0.000743973592761904,3.3928215503692627,0.15587708400562406
3435,244.85250854492188,1.200579026772175e-05,4.0108716348186135e-10,169.37559509277344,0.0007427628734149039,3.392122507095337,0.16306525003165007
3436,244.46356201171875,1.1821864973171614e-05,5.260540092422161e-08,169.13011169433594,0.0007414598949253559,3.391430616378784,0.15377262502443045
3437,244.0750274658203,1.1673548215185292e-05,1.8417267710901797e-09,168.8780975341797,0.0007402938790619373,3.3907458782196045,0.1557478330214508
3438,243.68882751464844,1.1491792065498885e-05,4.604316927725449e-08,168.63328552246094,0.0007390176760964096,3.390068292617798,0.2033508750027977
3439,243.30418395996094,1.1353598893037997e-05,2.2737367544323206e-11,168.38182067871094,0.0007378699956461787,3.389397621154785,0.16386650002095848
3440,242.92176818847656,1.1197884305147454e-05,2.0600282368832268e-08,168.1361846923828,0.000736637448426336,3.3887336254119873,0.16183425002964213
3441,242.54296875,1.1065836588386446e-05,9.186123861582018e-09,167.8878173828125,0.0007354765548370779,3.3880763053894043,0.31290870800148696
3442,242.16336059570312,1.0908964213740546e-05,1.0825260687852278e-09,167.6401824951172,0.0007343217148445547,3.387425661087036,0.15856341598555446
3443,241.788818359375,1.0766116247395985e-05,3.74793671653606e-08,167.39508056640625,0.0007331338129006326,3.386781692504883,0.1479625420179218
3444,241.41529846191406,1.0636258593876846e-05,1.3833414413966238e-09,167.14634704589844,0.0007320518488995731,3.3861441612243652,0.14776974997948855
3445,241.04336547851562,1.0487490726518445e-05,4.72791725769639e-08,166.9038848876953,0.0007308598724193871,3.3855128288269043,0.1463680419838056
3446,240.67242431640625,1.0360480700910557e-05,1.1141310096718371e-11,166.65672302246094,0.0007297965348698199,3.384887933731079,0.145765749970451
3447,240.3032684326172,1.0225093319604639e-05,1.4553961591445841e-08,166.41380310058594,0.000728654966223985,3.3842692375183105,0.15892308298498392
3448,239.93588256835938,1.0088324415846728e-05,1.466924004489556e-08,166.16952514648438,0.000727560487575829,3.3836565017700195,0.16407645802246407
3449,239.5721435546875,9.968278391170315e-06,8.208189683500677e-11,165.924560546875,0.0007265075109899044,3.383049964904785,0.1628792499541305
3450,239.20989990234375,9.82913206826197e-06,6.077448233554605e-08,165.68374633789062,0.0007253717049024999,3.3824493885040283,0.16259141702903435
3451,238.84954833984375,9.718445653561503e-06,1.0219082469120622e-08,165.43731689453125,0.00072439358336851,3.38185453414917,0.16127062495797873
3452,238.488525390625,9.580691767041571e-06,6.828122423030436e-08,165.19911193847656,0.0007232451462186873,3.381265640258789,0.15875379100907594
3453,238.1282958984375,9.465180482948199e-06,1.3833414413966238e-09,164.95420837402344,0.0007222744170576334,3.3806824684143066,0.1671651669894345
3454,237.77035522460938,9.339437383459881e-06,1.872854227258358e-08,164.71510314941406,0.0007211943157017231,3.3801050186157227,0.16457441699458286
3455,237.41409301757812,9.221050277119502e-06,1.5017803889350034e-08,164.47305297851562,0.0007201743428595364,3.379533052444458,0.16162379196612164
3456,237.06118774414062,9.120691174757667e-06,1.114131009671837e-09,164.22967529296875,0.0007191932527348399,3.3789665699005127,0.1699752919957973
3457,236.71047973632812,8.991544746095315e-06,6.928166840225458e-08,163.99327087402344,0.0007181112305261195,3.3784055709838867,0.15924283297499642
3458,236.3606414794922,8.90916089701932e-06,1.525245352240745e-08,163.7474822998047,0.0007172072073444724,3.37785005569458,0.1506331249838695
3459,236.01010131835938,8.78258651937358e-06,8.683946361998096e-08,163.5117950439453,0.0007161135436035693,3.3772997856140137,0.14776037499541417
3460,235.66021728515625,8.688864909345284e-06,1.0608346201479435e-08,163.26744079589844,0.0007152283797040582,3.3767545223236084,0.1459864160278812
3461,235.31295776367188,8.577481821703259e-06,5.6389581004623324e-08,163.03164672851562,0.000714179128408432,3.3762145042419434,0.14996058295946568
3462,234.96578979492188,8.470979992125649e-06,1.1461906979093328e-09,162.7902374267578,0.0007132833707146347,3.3756794929504395,0.15484987501986325
3463,234.62051391601562,8.368591807084158e-06,2.476099325576797e-08,162.55319213867188,0.0007122798124328256,3.3751494884490967,0.15327779098879546
3464,234.27645874023438,8.266482836916111e-06,3.165951056871563e-09,162.31446838378906,0.0007113501778803766,3.374624490737915,0.16007216699654236
3465,233.93508911132812,8.17863292468246e-06,4.780531526193954e-09,162.07640075683594,0.0007104035466909409,3.3741042613983154,0.16611370799364522
3466,233.59405517578125,8.071934644249268e-06,1.342618816124741e-08,161.8397216796875,0.0007094580214470625,3.373588800430298,0.16810183302732185
3467,233.25546264648438,7.9800747698755e-06,2.2284893930191174e-09,161.60203552246094,0.0007085520192049444,3.3730781078338623,0.16666470799827948
3468,232.91651916503906,7.88405304774642e-06,1.0510348147363402e-08,161.36520385742188,0.0007076185429468751,3.3725719451904297,0.1630175419850275
3469,232.57884216308594,7.796932550263591e-06,7.366907084360719e-09,161.12762451171875,0.0007067079422995448,3.372070550918579,0.16169687500223517
3470,232.24319458007812,7.707648364885245e-06,3.007016857736744e-09,160.8909149169922,0.0007058121263980865,3.3715736865997314,0.16365183296147734
3471,231.90805053710938,7.61394312576158e-06,1.5017803889350034e-08,160.65496826171875,0.0007049019332043827,3.3710811138153076,0.15823679196182638
3472,231.57418823242188,7.5240805017529055e-06,7.648850441910326e-10,160.41845703125,0.0007040325435809791,3.3705930709838867,0.16481816704617813
3473,231.24183654785156,7.447758889611578e-06,1.6575540939811617e-08,160.1826629638672,0.0007031274144537747,3.3701093196868896,0.15073774999473244
3474,230.91018676757812,7.366001682385104e-06,2.751221472863108e-09,159.94631958007812,0.0007022698409855366,3.3696298599243164,0.1456312500522472
3475,230.5787353515625,7.279870260390453e-06,6.883965397719294e-09,159.7111358642578,0.0007013893336988986,3.369154453277588,0.1483386250329204
3476,230.24871826171875,7.196803380793426e-06,9.094947017729282e-09,159.47557067871094,0.0007005254738032818,3.368683338165283,0.16981691698310897
3477,229.92076110839844,7.122800525394268e-06,1.7209913494298235e-09,159.2399444580078,0.0006996836746111512,3.3682162761688232,0.16544404195155948
3478,229.59329223632812,7.029570951999631e-06,1.6945932657108642e-08,159.00747680664062,0.0006988116074353456,3.367753267288208,0.15869120799470693
3479,229.2671356201172,6.961781309655635e-06,5.022684490540996e-10,158.7711181640625,0.0006979979225434363,3.3672940731048584,0.15877570799784735
3480,228.9413604736328,6.882431534904754e-06,1.6088051779661328e-08,158.53875732421875,0.0006971275433897972,3.3668389320373535,0.16504049999639392
3481,228.61691284179688,6.8106892285868526e-06,2.0954757928848267e-09,158.30384826660156,0.00069631781661883,3.3663876056671143,0.16901475004851818
3482,228.29290771484375,6.734991529810941e-06,9.004224921227433e-09,158.0706329345703,0.0006954788696020842,3.3659400939941406,0.16258012503385544
3483,227.97019958496094,6.660947292402852e-06,5.967194738332182e-09,157.83741760253906,0.0006946609355509281,3.3654961585998535,0.16201704199193045
3484,227.64947509765625,6.59465740682208e-06,4.2675765143940225e-09,157.60409545898438,0.0006938548758625984,3.365056037902832,0.16750666702864692
3485,227.32839965820312,6.523217507492518e-06,9.462382877245545e-09,157.37152099609375,0.0006930360686965287,3.364619493484497,0.16354487498756498
3486,227.00851440429688,6.454589311033487e-06,9.02446117834188e-10,157.1375732421875,0.0006922538741491735,3.3641865253448486,0.16651908395579085
3487,226.69021606445312,6.387529083440313e-06,2.5517010726616718e-08,156.90708923339844,0.000691418070346117,3.3637568950653076,0.16073704202426597
3488,226.37274169921875,6.328014023893047e-06,1.178705133497715e-09,156.67210388183594,0.0006906772032380104,3.363330841064453,0.15429595799650997
3489,226.05551147460938,6.244326868909411e-06,3.878290044667665e-08,156.44424438476562,0.0006898296414874494,3.362908124923706,0.14694920799229294
3490,225.73944091796875,6.180741820571711e-06,1.3133103493601084e-09,156.21115112304688,0.000689100765157491,3.3624889850616455,0.1456476669991389
3491,225.4228515625,6.107461103965761e-06,2.386877895332873e-08,155.98171997070312,0.0006882799789309502,3.3620731830596924,0.1437896250281483
3492,225.108154296875,6.056307029211894e-06,1.4190391084412113e-09,155.74867248535156,0.0006875371909700334,3.3616604804992676,0.15406983299180865
3493,224.793701171875,5.994856564939255e-06,6.417394615709782e-09,155.51724243164062,0.0006867633783258498,3.36125111579895,0.1529659170191735
3494,224.4810791015625,5.937785317655653e-06,7.614517016918398e-09,155.2866668701172,0.0006859986460767686,3.360844850540161,0.15799279097700492
3495,224.16812133789062,5.878096089872997e-06,2.6520865503698587e-09,155.0555419921875,0.000685245031490922,3.3604416847229004,0.1662607920006849
3496,223.85690307617188,5.818133558932459e-06,9.555378710501827e-09,154.82594299316406,0.0006844819290563464,3.360041618347168,0.16150258295238018
3497,223.54611206054688,5.759336545452243e-06,3.2741809263825417e-09,154.59510803222656,0.0006837473483756185,3.359644651412964,0.16333779197884724
3498,223.23577880859375,5.696285370504484e-06,6.805066732340492e-09,154.36614990234375,0.0006829932681284845,3.359250783920288,0.15238674997817725
3499,222.92672729492188,5.635561592498561e-06,4.20550350099802e-09,154.13710021972656,0.00068225635914132,3.3588597774505615,0.15448458399623632
3500,222.61846923828125,5.5765708566468675e-06,6.648633643635549e-09,153.907958984375,0.0006815218948759139,3.3584718704223633,0.15168716601328924
3501,222.3104248046875,5.518730631592916e-06,4.330104275140911e-09,153.67880249023438,0.0006807930767536163,3.3580868244171143,0.1545782089815475
3502,222.0035400390625,5.46704359294381e-06,6.5710992203094065e-09,153.4490966796875,0.000680070836097002,3.3577046394348145,0.15705812501255423
3503,221.69712829589844,5.417542070063064e-06,2.954948286060244e-09,153.21966552734375,0.0006793541251681745,3.357325315475464,0.1639825829770416
3504,221.39149475097656,5.36439938514377e-06,1.2879354471806437e-08,152.9913330078125,0.0006786242593079805,3.3569486141204834,0.15262858400819823
3505,221.08648681640625,5.316190254234243e-06,1.2028067430946976e-10,152.7607421875,0.000677941192407161,3.356574535369873,0.15155033295741305
3506,220.7827606201172,5.260540092422161e-06,2.0056404537172057e-08,152.5341033935547,0.000677205971442163,3.356203317642212,0.16498541698092595
3507,220.47940063476562,5.21634001415805e-06,1.4551915228366852e-11,152.3035888671875,0.0006765417056158185,3.355834722518921,0.1494917920208536
3508,220.17686462402344,5.162028628546977e-06,2.4461769498884678e-08,152.07754516601562,0.0006758067174814641,3.35546875,0.1536381670157425
3509,219.87551879882812,5.122561105963541e-06,1.760781742632389e-09,151.8469696044922,0.0006751611363142729,3.35510516166687,0.15285541699267924
3510,219.57493591308594,5.058548140368657e-06,5.2824361773673445e-08,151.62351989746094,0.0006744027487002313,3.3547441959381104,0.16652295796666294
3511,219.27626037597656,5.030702595831826e-06,2.3137772586778738e-08,151.39137268066406,0.0006737950025126338,3.3543856143951416,0.1653595000389032
3512,218.98020935058594,4.959300895279739e-06,1.408282059855992e-07,151.1707763671875,0.0006729942397214472,3.354029655456543,0.16331312502734363
3513,218.6865234375,4.93755578645505e-06,1.0298413144482765e-07,150.93585205078125,0.0006724662380293012,3.3536760807037354,0.16572424996411428
3514,218.39544677734375,4.849216111324495e-06,2.996566763613373e-07,150.72158813476562,0.0006715895724482834,3.3533248901367188,0.16592354199383408
3515,218.1060028076172,4.853154678130522e-06,2.44510601987713e-07,150.481201171875,0.0006711503374390304,3.352976083755493,0.16269387496868148
3516,217.82003784179688,4.757513124786783e-06,5.385393251344794e-07,150.27020263671875,0.0006702023092657328,3.3526296615600586,0.16155720903770998
3517,217.5439453125,4.772085048898589e-06,5.385393251344794e-07,150.02606201171875,0.0006698681972920895,3.352285385131836,0.16455254203174263
3518,217.2836151123047,4.650732080335729e-06,1.1469901437521912e-06,149.82339477539062,0.0006688045104965568,3.3519434928894043,0.1602205000235699
3519,217.04791259765625,4.698930752056185e-06,1.4416227713809349e-06,149.56887817382812,0.0006686497363261878,3.3516037464141846,0.15267741697607562
3520,216.85438537597656,4.541606358543504e-06,2.8509659841802204e-06,149.3793487548828,0.0006673577590845525,3.351266384124756,0.14550845901248977
3521,216.73291015625,4.654589247365948e-06,4.064528184244409e-06,149.1074676513672,0.0006675353506579995,3.35093092918396,0.14702270802808926
3522,216.74240112304688,4.4244929995329585e-06,7.752059900667518e-06,148.9424285888672,0.0006658231723122299,3.350597858428955,0.1462329580099322
3523,216.97140502929688,4.641738996724598e-06,1.2113423508708365e-05,148.6393280029297,0.0006665655528195202,3.350266695022583,0.15458437497727573
3524,217.5699462890625,4.273842932889238e-06,2.2127602278487757e-05,148.51913452148438,0.0006641066865995526,3.349937915802002,0.15265379095217213
3525,218.79751586914062,4.665397682401817e-06,3.58404649887234e-05,148.16259765625,0.0006658433703705668,3.3496105670928955,0.15646837500389665
3526,221.15066528320312,4.0746285776549485e-06,6.413575465558097e-05,148.11839294433594,0.0006621122593060136,3.349285840988159,0.16523908398812637
3527,225.53639221191406,4.781464667757973e-06,0.0001083248935174197,147.66831970214844,0.0006655743345618248,3.3489623069763184,0.16336412500822917
3528,233.58432006835938,3.790057235164568e-06,0.0001948517601704225,147.76255798339844,0.0006595757440663874,3.3486416339874268,0.1634581250254996
3529,248.2852783203125,5.080289156467188e-06,0.00034009545925073326,147.1524658203125,0.0006661524530500174,3.3483214378356934,0.1628304579644464
3530,275.18133544921875,3.3719973089318955e-06,0.0006173038273118436,147.50869750976562,0.0006560503970831633,3.3480045795440674,0.1646813330007717
3531,324.68560791015625,5.794005119241774e-06,0.0011064092395827174,146.62530517578125,0.0006683995597995818,3.347686767578125,0.16300820896867663
3532,416.4827880859375,2.781349849101389e-06,0.0020362662617117167,147.5013427734375,0.0006507667130790651,3.3473730087280273,0.16459395794663578
3533,587.861083984375,7.543385436292738e-06,0.003734900848940015,146.20794677734375,0.0006740866228938103,3.347055196762085,0.16295979102142155
3534,909.22314453125,2.045680957962759e-06,0.00696610426530242,148.1562957763672,0.0006425181636586785,3.3467421531677246,0.15208345802966505
3535,1514.0184326171875,1.248465650860453e-05,0.012975207529962063,146.51220703125,0.0006873710663057864,3.3464174270629883,0.15003254200564697
3536,2648.137451171875,1.518480530648958e-06,0.024343185126781464,150.65138244628906,0.0006301557295955718,3.3460958003997803,0.29578670900082216
3537,4750.03955078125,3.006232509505935e-05,0.04524875059723854,150.27093505859375,0.0007188713643699884,3.3457417488098145,0.15641629102174193
3538,8513.6396484375,3.1738250072521623e-06,0.08293966948986053,157.7710418701172,0.0006158385658636689,3.3453755378723145,0.15650620800442994
3539,14805.67578125,0.00011099128460045904,0.14547041058540344,167.89138793945312,0.0007964341202750802,3.344919443130493,0.1711540839751251
3540,23827.962890625,3.711624231073074e-05,0.23591248691082,170.8914031982422,0.0006211356958374381,3.34438157081604,0.17146337497979403
3541,32933.53125,0.0005159916472621262,0.32564643025398254,220.12525939941406,0.000971639237832278,3.343606472015381,0.16368925001006573
3542,34690.51171875,0.00048574100947007537,0.34383702278137207,181.63059997558594,0.0007660551345907152,3.3425354957580566,0.15653070801636204
3543,22099.20703125,0.0018160938052460551,0.21528205275535583,268.0310363769531,0.0012136185541749,3.3409905433654785,0.1630941249895841
3544,4845.68896484375,0.00236508552916348,0.04249391332268715,236.91796875,0.0012287120334804058,3.3388872146606445,0.1637046670075506
3545,1935.6279296875,0.002994374604895711,0.012468063272535801,254.48974609375,0.001348944497294724,3.336237668991089,0.16644524998264387
3546,12292.1875,0.0032615738455206156,0.115472711622715,272.6082458496094,0.0014615070540457964,3.333160638809204,0.16685687500284985
3547,14377.0517578125,0.0025215467903763056,0.13744349777698517,251.72235107421875,0.0012882506707683206,3.3297910690307617,0.15601904201321304
3548,4215.6748046875,0.0021031771320849657,0.03631160780787468,239.5879669189453,0.0013460844056680799,3.3263607025146484,0.14488545898348093
3549,1162.06982421875,0.0013194694183766842,0.00663883937522769,237.7156524658203,0.0012852336512878537,3.323087453842163,0.14590345800388604
3550,8097.4794921875,0.0005908569437451661,0.07669093459844589,254.01788330078125,0.0011528293834999204,3.3201797008514404,0.14587945799576119
3551,8408.9921875,0.00024601430050097406,0.07964321970939636,277.1943359375,0.00142875115852803,3.317878484725952,0.15058995899744332
3552,1713.037353515625,5.859392695128918e-05,0.01288357563316822,291.2583923339844,0.0012756194919347763,3.3162598609924316,0.1527364170178771
3553,1666.6962890625,6.606908300454961e-06,0.012249873951077461,309.0772705078125,0.0013197088846936822,3.3153839111328125,0.15545875002862886
3554,6261.501953125,4.2147854628638015e-07,0.05783381685614586,320.1248474121094,0.0015795310027897358,3.3152859210968018,0.16369412501808256
3555,4582.5283203125,2.6590646484692115e-06,0.04137006402015686,316.3919982910156,0.0012886399636045098,3.3158278465270996,0.15918970899656415
3556,555.7249755859375,2.5675604774733074e-05,0.0011399033246561885,297.1578674316406,0.0014200924197211862,3.3169291019439697,0.16916129202581942
3557,2403.03369140625,9.343896817881614e-05,0.019699690863490105,276.8658447265625,0.001468549482524395,3.318474531173706,0.15972304198658094
3558,4475.70458984375,0.00023646817135158926,0.040644705295562744,265.0104675292969,0.00122576963622123,3.320274591445923,0.1611093330429867
3559,1714.646484375,0.0004006288945674896,0.012912169098854065,241.19036865234375,0.0014217630960047245,3.3222694396972656,0.16893237503245473
3560,632.5868530273438,0.0006101570324972272,0.0020313633140176535,229.75192260742188,0.0013868287205696106,3.3243489265441895,0.15976633300306275
3561,2861.213134765625,0.0008078574319370091,0.024274786934256554,224.138671875,0.001288099680095911,3.3264119625091553,0.16074408299755305
3562,2415.896484375,0.0008590684155933559,0.019612247124314308,219.19667053222656,0.0014956800732761621,3.3284854888916016,0.16262379195541143
3563,503.2167053222656,0.0009276446071453393,0.0005747955874539912,212.1816864013672,0.001407909789122641,3.3305246829986572,0.1475512920296751
3564,1411.0274658203125,0.0008851115126162767,0.009765056893229485,208.54824829101562,0.0013746244367212057,3.332533359527588,0.1450281249708496
3565,2260.056640625,0.00071151670999825,0.01826654188334942,208.4033660888672,0.0015384749276563525,3.334599018096924,0.17918266699416563
3566,886.5867919921875,0.0005979921552352607,0.004743808880448341,210.47262573242188,0.0014193410752341151,3.3367254734039307,0.15538354200543836
3567,589.333251953125,0.00043261496466584504,0.0018252700101584196,217.55307006835938,0.0014599170535802841,3.338972806930542,0.16025891702156514
3568,1645.385986328125,0.0002734549925662577,0.012276170775294304,230.2672882080078,0.0016015606233850121,3.3414227962493896,0.15200733399251476
3569,1255.0137939453125,0.00019571800658013672,0.00850115530192852,236.9659423828125,0.0014836050104349852,3.344069719314575,0.17079150001518428
3570,421.8409118652344,0.0001261689467355609,4.0347240428673103e-05,247.34500122070312,0.0015784429851919413,3.3469507694244385,0.15347349998774007
3571,978.7698974609375,9.108594531426206e-05,0.005501064006239176,255.11297607421875,0.0016444198554381728,3.350074052810669,0.14569445798406377
3572,1301.9212646484375,9.530225361231714e-05,0.008916298858821392,249.02999877929688,0.0015173120191320777,3.3533787727355957,0.15843562502413988
3573,597.4926147460938,0.00010204385762335733,0.0017753381980583072,249.13856506347656,0.001606158446520567,3.3568460941314697,0.15857541601872072
3574,527.6317138671875,0.00013575782941188663,0.0011528191389515996,240.9921112060547,0.0015778194647282362,3.3604161739349365,0.18195329199079424
3575,1023.8325805664062,0.0001944692194228992,0.006283034570515156,228.98912048339844,0.0014709308743476868,3.364006280899048,0.17239224998047575
3576,773.2901611328125,0.0002422741090413183,0.0037159828934818506,223.27789306640625,0.0015418650582432747,3.367586851119995,0.16525391704635695
3577,392.15228271484375,0.0003101482579950243,2.347262352486723e-06,213.68653869628906,0.0014721618499606848,3.371096134185791,0.16213983402121812
3578,678.7129516601562,0.00036619833554141223,0.0029376070015132427,206.74717712402344,0.0014158522244542837,3.3744890689849854,0.14730208402033895
3579,799.105224609375,0.0003823456645477563,0.004088512621819973,204.52203369140625,0.001474973396398127,3.377767562866211,0.14519170799758285
3580,456.59808349609375,0.00040197098860517144,0.0007623551064170897,200.3184356689453,0.0013984706019982696,3.38090443611145,0.14547754201339558
3581,444.2691650390625,0.0003874487883877009,0.0006781104602850974,199.2538604736328,0.001384593895636499,3.3839030265808105,0.14674383401870728
3582,676.5192260742188,0.000345930689945817,0.002993748290464282,200.31626892089844,0.0014223502948880196,3.3867900371551514,0.15340775001095608
3583,547.7357177734375,0.00031287927413359284,0.0018141638720408082,200.36204528808594,0.0013466934906318784,3.38956356048584,0.1525379169615917
3584,364.54400634765625,0.00026195956161245704,2.4734822545724455e-07,202.19317626953125,0.0013613012852147222,3.392251491546631,0.16434133396251127
3585,499.25885009765625,0.0002134274982381612,0.001362633891403675,204.32740783691406,0.001373253297060728,3.3948798179626465,0.16573208395857364
3586,565.1180419921875,0.00017938321980182081,0.0020991007331758738,206.30064392089844,0.0013096898328512907,3.3974506855010986,0.16233908402500674
3587,400.62823486328125,0.00014591233048122376,0.00044867966789752245,207.1840362548828,0.0013398498995229602,3.3999879360198975,0.16284975002054125
3588,373.7833557128906,0.00012648649862967432,0.00021600401669275016,207.31739807128906,0.0013221690896898508,3.4024946689605713,0.16428620903752744
3589,489.47454833984375,0.00011906266445294023,0.0014384326059371233,206.32339477539062,0.001274016103707254,3.404958486557007,0.162191332958173
3590,449.6366271972656,0.00011639688455034047,0.0010359713342040777,204.47052001953125,0.001299292896874249,3.4073801040649414,0.16251145798014477
3591,343.64593505859375,0.00012624662485904992,3.9653612475376576e-05,201.4441375732422,0.00125611771363765,3.4097352027893066,0.1653899169759825
3592,384.121826171875,0.00014189546345733106,0.0004918079357594252,198.08387756347656,0.0012266761623322964,3.4120001792907715,0.16443258296931162
3593,437.8271789550781,0.0001588727900525555,0.0010323217138648033,194.90975952148438,0.0012379796244204044,3.4141626358032227,0.15449620899744332
3594,371.31243896484375,0.00018045134493149817,0.00042959529673680663,191.40924072265625,0.0011889851884916425,3.4161949157714844,0.14669616695027798
3595,327.93280029296875,0.00019610178424045444,1.6497397155035287e-05,188.58950805664062,0.0011808339040726423,3.418086051940918,0.14405349997105077
3596,377.36279296875,0.00020454423793125898,0.0005249827518127859,186.42724609375,0.0011798283085227013,3.419832468032837,0.1476389589952305
3597,386.26861572265625,0.00020749750547111034,0.0006686569540761411,184.6133575439453,0.0011403983226045966,3.4214260578155518,0.14987575000850484
3598,330.42547607421875,0.00019979156786575913,0.00012125534703955054,183.59947204589844,0.0011472130427137017,3.422877073287964,0.16296079201856628
3599,322.4990539550781,0.00018696580082178116,7.377551810350269e-05,182.9576873779297,0.001134672318585217,3.4241943359375,0.15675375005230308
3600,357.3984375,0.00017105524602811784,0.0004685090098064393,182.55406188964844,0.0011088793398812413,3.425384759902954,0.165849499986507
3601,345.7896728515625,0.0001522979000583291,0.0003610745188780129,182.53549194335938,0.001119169290177524,3.426466941833496,0.16403045796323568
3602,308.7811279296875,0.00013544548710342497,3.164341615047306e-05,182.38987731933594,0.0010968236019834876,3.4274489879608154,0.15747245802776888
3603,314.16021728515625,0.0001201173072331585,0.0001139648084063083,182.3010711669922,0.001084509422071278,3.4283406734466553,0.16467487497720867
3604,334.3863220214844,0.00010694960656110197,0.0003272743197157979,182.0918731689453,0.0010887206299230456,3.429154634475708,0.16097775002708659
3605,319.1482849121094,9.738616790855303e-05,0.00021414387447293848,181.7250213623047,0.0010627027368173003,3.4298923015594482,0.158734375028871
3606,296.5760803222656,9.038645657710731e-05,4.153452209720854e-06,181.08895874023438,0.0010603312402963638,3.4305591583251953,0.1632727500400506
3607,303.8108825683594,8.625278860563412e-05,9.563770436216146e-05,180.29241943359375,0.0010532941669225693,3.431157112121582,0.16705716698197648
3608,314.7479248046875,8.487004379276186e-05,0.00023883515677880496,179.32901000976562,0.0010304840980097651,3.4316813945770264,0.1609147919807583
3609,301.72857666015625,8.551812788937241e-05,0.00011811500007752329,178.21363830566406,0.001031516119837761,3.4321320056915283,0.14770725002745166
3610,287.4202880859375,8.78320715855807e-05,1.538228616482229e-06,177.007080078125,0.0010147618595510721,3.4325032234191895,0.14638908300548792
3611,292.8050231933594,9.0860812633764e-05,7.887379615567625e-05,175.7929229736328,0.001000386313535273,3.4327895641326904,0.14626829198095948
3612,298.9697265625,9.378613322041929e-05,0.0001508215063950047,174.5955810546875,0.0009991336846724153,3.432990312576294,0.14778616704279557
3613,289.48333740234375,9.570299880579114e-05,8.417739445576444e-05,173.52590942382812,0.0009796939557418227,3.433100938796997,0.160284582991153
3614,279.6307373046875,9.616070019546896e-05,3.66731001122389e-07,172.5359649658203,0.0009744204580783844,3.4331228733062744,0.1591751670348458
3615,282.60430908203125,9.473054524278268e-05,4.5970402425155044e-05,171.7139892578125,0.0009682021336629987,3.4330594539642334,0.161392625013832
3616,286.3208923339844,9.143556235358119e-05,0.0001079579524230212,171.0984344482422,0.0009528310620225966,3.432913064956665,0.16591429198160768
3617,279.943115234375,8.726655505597591e-05,5.454901838675141e-05,170.5220947265625,0.0009523947373963892,3.4326913356781006,0.16047233302379027
3618,272.6458740234375,8.212077955249697e-05,1.920133399835322e-06,170.09877014160156,0.0009414299274794757,3.432399272918701,0.16183420800371096
3619,273.6047668457031,7.702775474172086e-05,2.9192860893090256e-05,169.71253967285156,0.0009327017469331622,3.4320428371429443,0.16848087502876297
3620,276.14300537109375,7.249406917253509e-05,6.492482498288155e-05,169.29513549804688,0.0009310599998570979,3.431629180908203,0.16053187497891486
3621,272.34234619140625,6.821400893386453e-05,4.7699872084194794e-05,168.9248504638672,0.0009182611829601228,3.4311611652374268,0.16383666696492583
3622,266.71136474609375,6.504783232230693e-05,2.904352186305914e-06,168.44313049316406,0.0009147301316261292,3.4306437969207764,0.1683072920423001
3623,266.09283447265625,6.249949365155771e-05,1.052613151841797e-05,167.94207763671875,0.0009084818884730339,3.4300804138183594,0.16326937498524785
3624,267.7194519042969,6.0498037782963365e-05,4.432364221429452e-05,167.4422607421875,0.0008979502017609775,3.429471731185913,0.14827712497208267
3625,265.75115966796875,5.955965389148332e-05,3.392556754988618e-05,166.80653381347656,0.0008959610131569207,3.4288206100463867,0.14635991700924933
3626,261.50164794921875,5.8743673434946686e-05,7.802592335792724e-06,166.2296905517578,0.0008861732203513384,3.428126811981201,0.1454660830204375
3627,259.809814453125,5.849359149578959e-05,3.5153389035258442e-06,165.59750366210938,0.0008801140356808901,3.4273908138275146,0.147962249990087
3628,260.54937744140625,5.8606699894880876e-05,2.120872522937134e-05,164.94094848632812,0.0008762690122239292,3.4266133308410645,0.15526520798448473
3629,259.8159484863281,5.831503221997991e-05,2.9502843972295523e-05,164.36346435546875,0.0008667069487273693,3.4257938861846924,0.15769129199907184
3630,256.8802490234375,5.82485954510048e-05,9.217430488206446e-06,163.72935485839844,0.0008640429005026817,3.424934148788452,0.31039587495615706
3631,254.69363403320312,5.746606984757818e-05,2.751221472863108e-11,163.18890380859375,0.0008575811516493559,3.42403507232666,0.1606239159591496
3632,254.53372192382812,5.6150693126255646e-05,1.0781376658997033e-05,162.70106506347656,0.000851394550409168,3.4230988025665283,0.16318583296379074
3633,254.3641357421875,5.46212395420298e-05,1.779640297172591e-05,162.2012176513672,0.0008492116467095912,3.422128677368164,0.17069545900449157
3634,252.60299682617188,5.222354957368225e-05,1.3470482372213155e-05,161.833740234375,0.0008419985533691943,3.4211275577545166,0.1597638750099577
3635,250.44317626953125,4.9963902711169794e-05,9.903417321766028e-07,161.41961669921875,0.0008392812451347709,3.4200992584228516,0.15081399999326095
3636,249.509521484375,4.751644883072004e-05,1.8339051166549325e-06,161.04771423339844,0.0008352677104994655,3.4190475940704346,0.1562314589973539
3637,249.33004760742188,4.509922655415721e-05,1.1484518836368807e-05,160.7048797607422,0.000829668075311929,3.417975664138794,0.15812408400233835
3638,248.44558715820312,4.32735905633308e-05,1.0452004062244669e-05,160.28146362304688,0.000827915733680129,3.416886806488037,0.1531960410065949
3639,246.7630615234375,4.1415834857616574e-05,4.848953722103033e-06,159.91441345214844,0.0008222215692512691,3.4157826900482178,0.15023500000825152
3640,245.403076171875,4.014607475255616e-05,2.7535861590877175e-08,159.48074340820312,0.0008190496009774506,3.4146652221679688,0.15327083296142519
3641,244.83920288085938,3.9132864912971854e-05,3.040815727217705e-06,159.03582763671875,0.0008158601121976972,3.4135360717773438,0.15098249999573454
3642,244.3609619140625,3.818489130935632e-05,8.557941328035668e-06,158.62353515625,0.0008106314344331622,3.412395715713501,0.1501865410245955
3643,243.30368041992188,3.770977127715014e-05,5.2671039156848565e-06,158.14218139648438,0.0008086381712928414,3.411245107650757,0.16786887496709824
3644,241.97882080078125,3.699940498336218e-05,1.6063868315541185e-06,157.72581481933594,0.0008039242820814252,3.4100847244262695,0.15336183295585215
3645,241.04129028320312,3.650652797659859e-05,4.113246632186929e-07,157.2866973876953,0.0008006280404515564,3.4089150428771973,0.16702216700650752
3646,240.50457763671875,3.604701123549603e-05,2.6114596494153375e-06,156.8480224609375,0.0007979070069268346,3.4077370166778564,0.15787812502821907
3647,239.86880493164062,3.534405186655931e-05,5.379319190979004e-06,156.46229553222656,0.0007933417218737304,3.4065511226654053,0.1620331250014715
3648,238.89515686035156,3.482718238956295e-05,2.4327712253580103e-06,156.04141235351562,0.0007912774453870952,3.40535831451416,0.1645568339736201
3649,237.87078857421875,3.402840957278386e-05,5.413423878053436e-07,155.67596435546875,0.0007873785798437893,3.4041595458984375,0.15724000002956018
3650,237.113525390625,3.320317409816198e-05,5.512104053195799e-07,155.3128662109375,0.0007842521881684661,3.402956008911133,0.1625919170328416
3651,236.5462188720703,3.235551048419438e-05,1.767362846294418e-06,154.95309448242188,0.0007818082813173532,3.4017491340637207,0.18432716699317098
3652,235.8876953125,3.12636693706736e-05,3.2901916711125523e-06,154.64549255371094,0.0007778682629577816,3.4005401134490967,0.16604733298299834
3653,235.0491180419922,3.0350602173712105e-05,1.291184389629052e-06,154.3062744140625,0.0007757865823805332,3.3993306159973145,0.16701583296526223
3654,234.20474243164062,2.9298587833181955e-05,3.0595401767641306e-07,154.00765991210938,0.000772366242017597,3.3981218338012695,0.14879037498030812
3655,233.52349853515625,2.8388214559527114e-05,3.807226676144637e-07,153.70021057128906,0.0007694640080444515,3.3969151973724365,0.1466472499887459
3656,232.95379638671875,2.761360337899532e-05,1.0315716281183995e-06,153.38153076171875,0.0007670774357393384,3.395711660385132,0.1447262919973582
3657,232.33494567871094,2.6827472538570873e-05,2.1026792182965437e-06,153.08840942382812,0.0007635351503267884,3.3945119380950928,0.14725899999029934
3658,231.611083984375,2.6303987397113815e-05,8.225479177781381e-07,152.75701904296875,0.0007614141213707626,3.3933167457580566,0.15548283298267052
3659,230.880615234375,2.5752980945981108e-05,2.8115755412727594e-07,152.45169067382812,0.0007582550751976669,3.3921263217926025,0.1547365830047056
3660,230.24197387695312,2.5315055609098636e-05,1.7289130482822657e-07,152.13316345214844,0.0007556001655757427,3.3909411430358887,0.16177183302352205
3661,229.6829833984375,2.4939192371675745e-05,5.211850293562748e-07,151.8069305419922,0.0007533002062700689,3.389761447906494,0.16016779199708253
3662,229.11155700683594,2.4469925847370178e-05,1.3548017250286648e-06,151.50677490234375,0.0007502231164835393,3.388587474822998,0.17542808403959498
3663,228.4803466796875,2.413027141301427e-05,5.871809207746992e-07,151.1796112060547,0.0007482900400646031,3.3874194622039795,0.16636287502478808
3664,227.83157348632812,2.3686116037424654e-05,3.133836798951961e-07,150.8793487548828,0.000745522731449455,3.3862576484680176,0.15803241694811732
3665,227.23121643066406,2.3264483388629742e-05,4.8531546781305224e-08,150.57106018066406,0.0007432885468006134,3.3851022720336914,0.16469466697890311
3666,226.68841552734375,2.2823282051831484e-05,2.039107585005695e-07,150.2648468017578,0.0007412084378302097,3.3839540481567383,0.16389237501425669
3667,226.1568603515625,2.2309661289909855e-05,8.355730187759036e-07,149.97805786132812,0.0007386426441371441,3.382812976837158,0.164093709026929
3668,225.59368896484375,2.1869847842026502e-05,4.230278136674315e-07,149.67308044433594,0.0007369132363237441,3.3816797733306885,0.17313716700300574
3669,225.01113891601562,2.132857480319217e-05,3.5926154851040337e-07,149.3940887451172,0.0007344826590269804,3.3805549144744873,0.14967541699297726
3670,224.44789123535156,2.0852836314588785e-05,2.18506102100946e-10,149.104248046875,0.000732583284843713,3.379438877105713,0.14691962499637157
3671,223.9222869873047,2.0369549019960687e-05,3.1464878702536225e-08,148.82044982910156,0.0007306173793040216,3.3783318996429443,0.14554758399026468
3672,223.42034912109375,1.98664147319505e-05,4.494804670684971e-07,148.54779052734375,0.0007284097373485565,3.37723445892334,0.1460714999702759
3673,222.9137420654297,1.9468860045890324e-05,2.991348537761951e-07,148.26075744628906,0.0007267617620527744,3.3761467933654785,0.1517952079884708
3674,222.38958740234375,1.9022771084564738e-05,4.2675765143940225e-07,147.99232482910156,0.0007245232118293643,3.3750691413879395,0.15522925002733245
3675,221.862548828125,1.8671375073608942e-05,3.370246304257307e-08,147.70989990234375,0.0007228214526548982,3.3740017414093018,0.15280995902139693
3676,221.35565185546875,1.830692963267211e-05,6.1154423747211695e-09,147.43753051757812,0.0007208682363852859,3.3729448318481445,0.1649254999938421
3677,220.8732147216797,1.797841105144471e-05,1.6777471500972752e-07,147.1664276123047,0.0007189216557890177,3.3718984127044678,0.15817179100122303
3678,220.39962768554688,1.769696973497048e-05,1.3376143215282355e-07,146.88751220703125,0.0007172905607149005,3.3708622455596924,0.1680542500107549
3679,219.92047119140625,1.734369834593963e-05,3.5300126910442486e-07,146.62551879882812,0.0007152527687139809,3.3698365688323975,0.16202570899622515
3680,219.4373779296875,1.707861702016089e-05,8.240112947532907e-08,146.35018920898438,0.000713710964191705,3.368821620941162,0.15829370799474418
3681,218.95648193359375,1.6734042219468392e-05,8.599840839451645e-08,146.09039306640625,0.000711840926669538,3.3678171634674072,0.1668056669877842
3682,218.48934936523438,1.643161340325605e-05,2.0463630789890885e-08,145.824951171875,0.0007101920200511813,3.366823434829712,0.16137429198715836
3683,218.03652954101562,1.6127632989082485e-05,2.2848553271614946e-08,145.5603790283203,0.0007086110417731106,3.365840435028076,0.1633627919945866
3684,217.59243774414062,1.577815601194743e-05,2.4356836547667626e-07,145.30722045898438,0.0007068304112181067,3.364868402481079,0.16405095905065536
3685,217.14828491210938,1.5500954759772867e-05,1.2149962458352093e-07,145.0416717529297,0.0007054437301121652,3.3639073371887207,0.1497998330160044
3686,216.70037841796875,1.5160228940658271e-05,2.468741513439454e-07,144.79161071777344,0.0007036805618554354,3.362957239151001,0.14433895802358165
3687,216.25238037109375,1.4888533769408241e-05,3.180412022629753e-08,144.52951049804688,0.0007023083744570613,3.362018346786499,0.14715987496310845
3688,215.8125762939453,1.4591049875889439e-05,4.72791725769639e-08,144.27798461914062,0.0007007075473666191,3.3610904216766357,0.1510083750472404
3689,215.38067626953125,1.431866257917136e-05,1.4553961591445841e-08,144.0230255126953,0.000699243217241019,3.3601737022399902,0.16167512501124293
3690,214.95663452148438,1.4070297766011208e-05,2.0520474208751693e-09,143.76708984375,0.0006978229503147304,3.3592679500579834,0.15327920799609274
3691,214.53640747070312,1.3799738553643692e-05,9.725135896587744e-08,143.5173797607422,0.0006962933111935854,3.3583731651306152,0.16529083397472277
3692,214.11962890625,1.3575692719314247e-05,2.461115400365088e-08,143.26156616210938,0.0006949803209863603,3.3574893474578857,0.16261116694658995
3693,213.70468139648438,1.3337803466129117e-05,9.994641914090607e-08,143.01463317871094,0.0006934627890586853,3.356616497039795,0.16116295801475644
3694,213.29066467285156,1.3125760233378969e-05,2.5067947717616335e-09,142.7616729736328,0.0006921617314219475,3.3557543754577637,0.1638289580005221
3695,212.8823699951172,1.2915415936731733e-05,1.2987811714992858e-08,142.51425170898438,0.0006907526985742152,3.354902744293213,0.16255337494658306
3696,212.47976684570312,1.2713570868072566e-05,3.729496711457614e-08,142.26629638671875,0.0006893837708048522,3.3540618419647217,0.16328766697552055
3697,212.08255004882812,1.2521750250016339e-05,8.645884008728899e-09,142.0175323486328,0.0006881199078634381,3.353231191635132,0.15598883299389854
3698,211.68820190429688,1.2308375517022796e-05,9.313225746154785e-08,141.77601623535156,0.000686720188241452,3.3524110317230225,0.15570158301852643
3699,211.2939453125,1.2117573533032555e-05,1.3871840565116145e-08,141.5282745361328,0.0006855251267552376,3.3516011238098145,0.15584245801437646
3700,210.9026641845703,1.1895346688106656e-05,6.435220711864531e-08,141.2899932861328,0.0006841670256108046,3.3508012294769287,0.14838858298026025
3701,210.51364135742188,1.1700445611495525e-05,2.3283064365386963e-10,141.04629516601562,0.0006829726044088602,3.3500115871429443,0.14788150001550093
3702,210.12966918945312,1.1503514542710036e-05,1.596731635800097e-08,140.80641174316406,0.0006817130488343537,3.3492319583892822,0.14720524998847395
3703,209.74783325195312,1.1304246072540991e-05,1.3759745343122631e-08,140.56622314453125,0.0006804981385357678,3.3484623432159424,0.15233962499769405
3704,209.37042236328125,1.1106321835541166e-05,1.5370460459962487e-10,140.32742309570312,0.0006793236243538558,3.3477025032043457,0.16128354100510478
3705,208.9964599609375,1.0914871381828561e-05,5.1301185521879233e-08,140.09085083007812,0.000678089854773134,3.346952438354492,0.15772304101847112
3706,208.62435913085938,1.0743832717707846e-05,3.439936335780658e-09,139.85052490234375,0.0006769911269657314,3.346212148666382,0.18453708401648328
3707,208.2539825439453,1.055554639606271e-05,4.93755578645505e-08,139.616455078125,0.0006757704541087151,3.3454813957214355,0.16597929201088846
3708,207.88702392578125,1.0397348887636326e-05,1.7209913494298235e-09,139.3772430419922,0.0006746987346559763,3.3447601795196533,0.1602846669848077
3709,207.52102661132812,1.0212517736363225e-05,3.511763679853175e-08,139.14419555664062,0.0006735207280144095,3.344048261642456,0.16453991696471348
3710,207.1584930419922,1.007242826744914e-05,2.18506102100946e-10,138.90621948242188,0.0006724501145072281,3.3433456420898438,0.1599152089911513
3711,206.79766845703125,9.929173756972887e-06,1.2450072972569615e-08,138.67095947265625,0.0006713255424983799,3.3426520824432373,0.16468425001949072
3712,206.44024658203125,9.782843335415237e-06,7.951030056574382e-09,138.4358367919922,0.0006702533573843539,3.3419673442840576,0.15868325001792982
3713,206.08480834960938,9.630939530325122e-06,3.901959644281305e-09,138.20252990722656,0.0006691879825666547,3.3412914276123047,0.1616587499738671
3714,205.731201171875,9.487933311902452e-06,9.36984179134015e-09,137.9685821533203,0.0006681287777610123,3.3406240940093994,0.1621810420183465
3715,205.38082885742188,9.348912499262951e-06,6.648633643635549e-09,137.7364044189453,0.0006670886650681496,3.339965343475342,0.1522126670461148
3716,205.03182983398438,9.213811608788092e-06,5.115907697472721e-09,137.50367736816406,0.0006660626968368888,3.3393149375915527,0.14677966700401157
3717,204.68505859375,9.057437637238763e-06,8.294819053844549e-09,137.2735137939453,0.0006650497089140117,3.3386728763580322,0.14373012498253956
3718,204.33978271484375,8.914499630918726e-06,4.330104275140911e-09,137.04251098632812,0.0006640538922511041,3.338038921356201,0.1467420840053819
3719,203.997314453125,8.779407835390884e-06,1.1307065506116487e-08,136.8124542236328,0.0006630579009652138,3.3374130725860596,0.15436454198788851
3720,203.65591430664062,8.648151379020419e-06,1.8010268831858411e-09,136.58180236816406,0.0006620911881327629,3.3367953300476074,0.15641858300659806
3721,203.3168182373047,8.513361535733566e-06,1.2132886695326306e-08,136.35321044921875,0.0006611105636693537,3.3361854553222656,0.15546462504426017
3722,202.97940063476562,8.400694241572637e-06,3.552713678800501e-09,136.12347412109375,0.0006601551431231201,3.335583209991455,0.16485054197255522
3723,202.64395141601562,8.277112101495732e-06,8.734787115827203e-09,135.8957061767578,0.000659196637570858,3.334988594055176,0.31393020803807303
3724,202.310546875,8.16432020656066e-06,3.552713678800501e-09,135.66778564453125,0.0006582597270607948,3.3344013690948486,0.158676499966532
3725,201.97885131835938,8.048244126257487e-06,9.93190951703582e-09,135.44041442871094,0.0006573261343874037,3.3338215351104736,0.16261724999640137
3726,201.6483154296875,7.936356269055977e-06,2.0520474208751693e-09,135.21299743652344,0.0006564147188328207,3.3332488536834717,0.16414850001456216
3727,201.3194580078125,7.817917321517598e-06,1.4439137885347009e-08,134.98797607421875,0.0006554825231432915,3.3326830863952637,0.16921095800353214
3728,200.99270629882812,7.713606464676559e-06,4.0108716348186135e-10,134.7617645263672,0.0006545952637679875,3.3321244716644287,0.17011054197791964
3729,200.66680908203125,7.594876478833612e-06,2.1151436158106662e-08,134.53823852539062,0.0006536698201671243,3.3315725326538086,0.16538399999262765
3730,200.34310913085938,7.488154551538173e-06,2.0463630789890885e-12,134.3126220703125,0.0006528168451040983,3.3310275077819824,0.15176095796050504
3731,200.0201416015625,7.38542667022557e-06,2.5822600946412422e-08,134.0894012451172,0.0006518962909467518,3.330489158630371,0.15045712504070252
3732,199.69931030273438,7.293063390534371e-06,1.0825260687852278e-09,133.86309814453125,0.0006510680541396141,3.3299572467803955,0.14515858300728723
3733,199.3809814453125,7.196803380793426e-06,4.7903313316055574e-08,133.64088439941406,0.0006501562311314046,3.3294317722320557,0.1490497919730842
3734,199.06411743164062,7.1107160692918114e-06,1.3984390534460545e-08,133.4145050048828,0.0006493714172393084,3.3289124965667725,0.15649879100965336
3735,198.74948120117188,6.994846899033291e-06,9.784707799553871e-08,133.19615173339844,0.0006484405021183193,3.328399419784546,0.15228691697120667
3736,198.43601989746094,6.914367531862808e-06,4.3024783735745586e-08,132.96859741210938,0.000647716864477843,3.327892303466797,0.1601180830039084
3737,198.123779296875,6.797629339416744e-06,1.5325917956943158e-07,132.7521209716797,0.0006467656348831952,3.3273911476135254,0.16129879199434072
3738,197.81253051757812,6.722622401866829e-06,7.284052117029205e-08,132.5248565673828,0.0006460812292061746,3.3268959522247314,0.16483904101187363
3739,197.50115966796875,6.61181184113957e-06,1.7647857930569444e-07,132.30943298339844,0.0006451288354583085,3.326406478881836,0.16339141700882465
3740,197.18930053710938,6.5610261117399205e-06,6.7535665948526e-08,132.0801544189453,0.0006444628234021366,3.325922727584839,0.1954282919759862
3741,196.87889099121094,6.463072168116923e-06,1.4298370842880104e-07,131.8649444580078,0.0006435334798879921,3.325444459915161,0.1644754579756409
3742,196.5689697265625,6.390240741893649e-06,4.4219859773875214e-08,131.63995361328125,0.0006428557098843157,3.3249716758728027,0.16260404197964817
3743,196.26124572753906,6.297463642113144e-06,1.0575695341685787e-07,131.4246368408203,0.000641962920781225,3.3245041370391846,0.1649718750268221
3744,195.95327758789062,6.233012300072005e-06,2.1151436158106662e-08,131.19960021972656,0.0006412826478481293,3.3240418434143066,0.16307191597297788
3745,195.64657592773438,6.142865004221676e-06,5.1951246859971434e-08,130.98394775390625,0.0006404315936379135,3.323584794998169,0.14991170796565711
3746,195.3415069580078,6.073922122595832e-06,1.6575540939811617e-10,130.76223754882812,0.0006397186079993844,3.3231327533721924,0.14839087502332404
3747,195.03756713867188,5.9919379964412656e-06,7.043126970529556e-09,130.5440673828125,0.0006389360642060637,3.322685718536377,0.14266920799855143
3748,194.7362823486328,5.915728706895607e-06,1.3096723705530167e-08,130.32583618164062,0.0006381756393238902,3.3222434520721436,0.1461364590213634
3749,194.4363555908203,5.84519420954166e-06,4.81122697237879e-10,130.10630798339844,0.0006374547956511378,3.321805953979492,0.1501037499983795
3750,194.1374053955078,5.761911779700313e-06,3.4583536034915596e-08,129.89036560058594,0.0006366738816723228,3.321373224258423,0.1565209580003284
3751,193.83937072753906,5.704254363081418e-06,2.412207322777249e-09,129.67088317871094,0.0006359782419167459,3.3209450244903564,0.16681429202435538
3752,193.5420684814453,5.622268872684799e-06,3.079185262322426e-08,129.4560089111328,0.0006352075724862516,3.320521593093872,0.16746841598069295
3753,193.2449188232422,5.561661055253353e-06,5.684341886080801e-10,129.23622131347656,0.0006345246802084148,3.3201024532318115,0.16432858299231157
3754,192.94960021972656,5.485734618559945e-06,2.032743395830039e-08,129.02108764648438,0.0006337790400721133,3.319687843322754,0.15815087500959635
3755,192.65478515625,5.424203209258849e-06,8.185452315956354e-12,128.80331420898438,0.0006330905598588288,3.31927752494812,0.16287445899797603
3756,192.36207580566406,5.35998242412461e-06,2.170986590499524e-08,128.58811950683594,0.0006323579582385719,3.31887149810791,0.1611962909810245
3757,192.06961059570312,5.300534667185275e-06,1.924490788951516e-09,128.37001037597656,0.0006316936342045665,3.318469524383545,0.16209383303066716
3758,191.77911376953125,5.231597697274992e-06,4.6248032958828844e-08,128.1562957763672,0.0006309503223747015,3.3180716037750244,0.1624999160412699
3759,191.48898315429688,5.1769361562037375e-06,1.51349013322033e-08,127.93739318847656,0.0006303237751126289,3.3176777362823486,0.15619850001530722
3760,191.20191955566406,5.112313829158666e-06,9.37152435653843e-08,127.7258071899414,0.0006295550265349448,3.3172876834869385,0.14898083300795406
3761,190.91549682617188,5.072499789093854e-06,5.436982064566109e-08,127.50505065917969,0.0006289776065386832,3.316901445388794,0.14622262498596683
3762,190.63230895996094,4.992806680093054e-06,1.9244907889515162e-07,127.29669189453125,0.0006281709647737443,3.316519021987915,0.14830637502018362
3763,190.35195922851562,4.958239060215419e-06,1.5176942724792752e-07,127.07502746582031,0.000627659319434315,3.3161401748657227,0.15279820800060406
3764,190.07485961914062,4.861299203184899e-06,3.7720019463449717e-07,126.8707275390625,0.0006268029101192951,3.315765142440796,0.15730950003489852
3765,189.80198669433594,4.8410820454591885e-06,3.423176622163737e-07,126.64630126953125,0.0006263734539970756,3.3153936862945557,0.16531804105034098
3766,189.5349884033203,4.747637376567582e-06,7.051132797641912e-07,126.44536590576172,0.0006254434701986611,3.315025806427002,0.15915449999738485
3767,189.27615356445312,4.754393103212351e-06,7.383287083939649e-07,126.21484375,0.0006251203594729304,3.3146612644195557,0.1901937499642372
3768,189.02761840820312,4.634550350601785e-06,1.3514736565412022e-06,126.0213394165039,0.0006240767543204129,3.314300298690796,0.16641875001369044
3769,188.79489135742188,4.663595063902903e-06,1.5335010630224133e-06,125.78565216064453,0.0006238952046260238,3.3139424324035645,0.16490508295828477
3770,188.5845947265625,4.523840289039072e-06,2.6114596494153375e-06,125.60069274902344,0.0006227036938071251,3.3135879039764404,0.1638469159952365
3771,188.40725708007812,4.586173417919781e-06,3.2145180739462376e-06,125.35467529296875,0.0006227250560186803,3.3132364749908447,0.17069500003708526
3772,188.28143310546875,4.3979534893878736e-06,5.2824361773673445e-06,125.18290710449219,0.0006213047890923917,3.3128883838653564,0.16186537500470877
3773,188.2362060546875,4.513703970587812e-06,6.983501407376025e-06,124.92362213134766,0.0006216285983100533,3.3125431537628174,0.16407633299240842
3774,188.32359313964844,4.266945325070992e-06,1.140708445745986e-05,124.77163696289062,0.0006198455230332911,3.3122010231018066,0.1608865829766728
3775,188.61549377441406,4.462689503270667e-06,1.615828659851104e-05,124.48902130126953,0.0006206437246873975,3.311861753463745,0.14948216697666794
3776,189.2218780517578,4.119508957955986e-06,2.6139168767258525e-05,124.36756134033203,0.0006182845099829137,3.311525583267212,0.14642566704424098
3777,190.34730529785156,4.447592345968587e-06,3.871043736580759e-05,124.04840850830078,0.0006198309711180627,3.311192274093628,0.14550666703144088
3778,192.3470458984375,3.953304258175194e-06,6.3207364291884e-05,123.97843933105469,0.0006165253580547869,3.310861825942993,0.14533229201333597
3779,195.83673095703125,4.501049716054695e-06,9.856020915322006e-05,123.59776306152344,0.0006193284643813968,3.3105337619781494,0.15368212497560307
3780,201.82916259765625,3.7458598853845615e-06,0.00016395542479585856,123.61610412597656,0.0006144294166006148,3.310208797454834,0.1557674579671584
3781,212.08328247070312,4.659991645894479e-06,0.0002654478885233402,123.13471221923828,0.0006193778244778514,3.3098857402801514,0.15715024998644367
3782,229.7143096923828,3.449934638410923e-06,0.0004488615086302161,123.30928039550781,0.0006117389420978725,3.309565782546997,0.16590366704622284
3783,260.17681884765625,5.056403551861877e-06,0.0007496377220377326,122.66546630859375,0.000620419392362237,3.3092470169067383,0.15738154196878895
3784,313.2776794433594,3.069570311708958e-06,0.0012904279865324497,123.1257553100586,0.000608021451625973,3.308931350708008,0.16216708399588242
3785,406.21856689453125,6.000403573125368e-06,0.002210517879575491,122.23249053955078,0.000623342755716294,3.30861496925354,0.16258912498597056
3786,570.0661010742188,2.639273816384957e-06,0.0038629784248769283,123.24132537841797,0.000602630025241524,3.3083009719848633,0.1657531660166569
3787,860.1719970703125,8.413482646574266e-06,0.006742823403328657,122.0449447631836,0.0006300333770923316,3.3079819679260254,0.16565008397446945
3788,1376.8143310546875,2.357867288083071e-06,0.01192974392324686,124.12236785888672,0.0005948182079009712,3.3076627254486084,0.16108758398331702
3789,2292.407470703125,1.5636891475878656e-05,0.021033845841884613,122.97666931152344,0.0006448274943977594,3.3073275089263916,0.16045145801035687
3790,3901.5615234375,3.2729158192523755e-06,0.03715825080871582,126.92269897460938,0.0005848644650541246,3.306980609893799,0.16154037503292784
3791,6640.1103515625,4.303474270273e-05,0.06439721584320068,128.28042602539062,0.0006780468393117189,3.306586742401123,0.1455398749676533
3792,11067.421875,1.3841396139468998e-05,0.1087435930967331,133.6864471435547,0.0005799257778562605,3.306140661239624,0.14562483300687745
3793,17362.083984375,0.00016952140140347183,0.17122234404087067,147.57827758789062,0.000753197236917913,3.3055639266967773,0.14696020795963705
3794,24464.06640625,0.00012327339209150523,0.24245746433734894,144.09292602539062,0.0006189817213453352,3.304810047149658,0.15487858303822577
3795,28061.845703125,0.0007121082744561136,0.2771131098270416,189.08737182617188,0.0009023607126437128,3.303739309310913,0.15383916697464883
3796,23265.65625,0.0008603266905993223,0.22936344146728516,160.6499786376953,0.0008262938936240971,3.302236795425415,0.14931725000496954
3797,10246.3779296875,0.0019148282008245587,0.09737005829811096,209.18104553222656,0.0010870888363569975,3.3002068996429443,0.16344529198249802
3798,969.127685546875,0.002271656645461917,0.004306227434426546,198.52142333984375,0.0011281787883490324,3.2976253032684326,0.15915129199856892
3799,3789.11328125,0.0022342894226312637,0.032557543367147446,197.23011779785156,0.0011269962415099144,3.29459285736084,0.1634532919852063
3800,11043.322265625,0.002020932035520673,0.10526038706302643,197.57489013671875,0.0011761488858610392,3.291325330734253,0.16349387500667945
3801,10189.4931640625,0.0012680013896897435,0.0976666808128357,195.18206787109375,0.0010084385285153985,3.288001775741577,0.16154566599288955
3802,2726.38232421875,0.0008440267411060631,0.02345889061689377,187.39002990722656,0.001087004435248673,3.284883499145508,0.163217417022679
3803,751.7095947265625,0.00038704293547198176,0.0040877810679376125,197.56179809570312,0.0010666543385013938,3.2821812629699707,0.16137316700769588
3804,5509.46337890625,9.791980846785009e-05,0.05181547999382019,219.9678955078125,0.0009815569501370192,3.2800605297088623,0.16154975001700222
3805,7041.58935546875,2.1589223251794465e-05,0.06677226722240448,237.1858367919922,0.0012501819292083383,3.278684616088867,0.16276295896386728
3806,2752.81982421875,5.235975208961463e-07,0.024015309289097786,244.57640075683594,0.0010666027665138245,3.27803111076355,0.15335249999770895
3807,401.4633483886719,3.570499416127859e-07,0.00043839646968990564,243.0146942138672,0.001145732938311994,3.2780754566192627,0.14604733302257955
3808,3146.76220703125,6.816912900831085e-06,0.027864258736371994,234.5139617919922,0.0012514077825471759,3.278752088546753,0.14644429204054177
3809,4646.8115234375,3.6731598811456934e-05,0.04311959072947502,229.2241668701172,0.0010195504873991013,3.279881000518799,0.14928745798533782
3810,1904.583251953125,0.0001218599354615435,0.015699952840805054,203.6972198486328,0.0011870472226291895,3.281374216079712,0.15288833301747218
3811,367.93133544921875,0.00026290968526154757,0.0003966683289036155,190.31497192382812,0.001116585568524897,3.283078908920288,0.15109920798568055
3812,2266.49755859375,0.0004253117658663541,0.019355596974492073,184.287841796875,0.0010411887196823955,3.2848637104034424,0.156731833005324
3813,2951.205810546875,0.000549822230823338,0.02595072239637375,178.02188110351562,0.001231292961165309,3.2867114543914795,0.16785454202909023
3814,1055.3056640625,0.0006834416417405009,0.00701562175527215,173.71441650390625,0.001116848667152226,3.288524866104126,0.16240091697545722
3815,506.289794921875,0.0007138876244425774,0.0014854330802336335,170.3385009765625,0.0011601920705288649,3.2903027534484863,0.15888508298667148
3816,1893.3717041015625,0.0006495540146715939,0.015331704169511795,168.53590393066406,0.0012670992873609066,3.292097330093384,0.16264708299422637
3817,1882.482666015625,0.000581859378144145,0.015422764234244823,168.18820190429688,0.001138322171755135,3.293896198272705,0.15875316702295095
3818,545.1154174804688,0.00043753828504122794,0.0020743997301906347,169.09164428710938,0.001248299377039075,3.295787811279297,0.3193652500049211
3819,614.85498046875,0.00030581356259062886,0.0028148633427917957,175.29710388183594,0.0012749017914757133,3.2978322505950928,0.1653927500010468
3820,1527.919677734375,0.00020555137598421425,0.012032774277031422,183.98199462890625,0.0012010500067844987,3.3000519275665283,0.15287258301395923
3821,1174.0,0.00011925525177503005,0.008328553289175034,193.87548828125,0.0013534368481487036,3.302525043487549,0.1496563329710625
3822,374.8765869140625,8.148895722115412e-05,0.00038048316491767764,198.72877502441406,0.0012995059369131923,3.3052432537078857,0.14477699995040894
3823,677.2283325195312,6.393828516593203e-05,0.0034099097829312086,201.4379119873047,0.001284056343138218,3.3081893920898438,0.14725562499370426
3824,1180.53125,5.953389700152911e-05,0.008321940898895264,204.17039489746094,0.0013821335742250085,3.3113577365875244,0.1574170000385493
3825,770.129638671875,8.25697134132497e-05,0.004388600122183561,196.35496520996094,0.0012665768153965473,3.3146615028381348,0.15905279200524092
3826,331.57135009765625,0.00011533825454534963,2.756752110144589e-06,190.66973876953125,0.0012909213546663523,3.3180477619171143,0.1562628750107251
3827,648.2435302734375,0.0001609349565114826,0.0031753485091030598,184.2383575439453,0.0013037683675065637,3.3214597702026367,0.16206220805179328
3828,881.80712890625,0.000223639071919024,0.005631625186651945,175.95632934570312,0.0012032432714477181,3.3248114585876465,0.15897608397062868
3829,521.5626220703125,0.0002697536547202617,0.00198070565238595,171.08261108398438,0.0012543410994112492,3.328078508377075,0.15744104096665978
3830,327.8264465332031,0.00031082885107025504,8.723203791305423e-05,166.34866333007812,0.001216716947965324,3.331221342086792,0.21161945798667148
3831,594.5176391601562,0.0003317232767585665,0.0028136998880654573,163.23289489746094,0.0011674241395667195,3.3342134952545166,0.16819516703253612
3832,664.5986938476562,0.00031797742121852934,0.0034783578012138605,163.1710968017578,0.0012179408222436905,3.337076425552368,0.1632942920550704
3833,394.49334716796875,0.0002986925537697971,0.0008695191354490817,162.1115264892578,0.0011556067038327456,3.339804172515869,0.1633435829426162
3834,329.4051818847656,0.00025953410658985376,0.0002505599695723504,163.17820739746094,0.0011521755950525403,3.3424196243286133,0.16715962497983128
3835,518.769775390625,0.00021213028230704367,0.002146113198250532,165.17831420898438,0.0011776714818552136,3.344958543777466,0.16163262497866526
3836,519.5640869140625,0.00017321672930847853,0.002228984609246254,167.6886749267578,0.00111655262298882,3.3474278450012207,0.15013658301904798
3837,335.06170654296875,0.00013590787420980632,0.00037653118488378823,169.29798889160156,0.001145198242738843,3.3498597145080566,0.14841000002343208
3838,321.239501953125,0.00010972145537380129,0.0002614080149214715,170.6832275390625,0.0011344333179295063,3.352266788482666,0.14597454195609316
3839,447.5210876464844,9.44511266425252e-05,0.0015738216461613774,171.37315368652344,0.001093206461519003,3.3546435832977295,0.1496955420006998
3840,430.6080627441406,8.684500789968297e-05,0.0013943590456619859,170.19192504882812,0.0011229575611650944,3.356996774673462,0.15467516699573025
3841,307.52886962890625,8.992464427137747e-05,0.000222613409277983,168.32957458496094,0.001079455018043518,3.359301805496216,0.15466970804845914
3842,302.99493408203125,9.96282251435332e-05,0.00021012965589761734,165.65745544433594,0.0010636169463396072,3.361536741256714,0.16378529102075845
3843,384.17547607421875,0.00011428190919104964,0.0010297495173290372,162.65283203125,0.0010711951181292534,3.3636839389801025,0.16326354205375537
3844,371.02960205078125,0.00013287726324051619,0.0009573165443725884,159.713623046875,0.0010229661129415035,3.365708827972412,0.16496241599088535
3845,289.2208251953125,0.00014983347500674427,0.00014470095629803836,156.85523986816406,0.001029121340252459,3.367598295211792,0.16146429197397083
3846,284.1921691894531,0.00016245080041699111,0.00011817719496320933,154.62567138671875,0.0010150368325412273,3.3693387508392334,0.16533987503498793
3847,337.82501220703125,0.00016806401254143566,0.0006939216400496662,153.03884887695312,0.0009858757257461548,3.370919704437256,0.16642125003272668
3848,332.58416748046875,0.0001656587264733389,0.0006420229910872877,151.869384765625,0.0009994660504162312,3.3723509311676025,0.16488812497118488
3849,277.7456970214844,0.0001568179577589035,0.00013589119771495461,151.16574096679688,0.0009730902966111898,3.3736350536346436,0.16277491697110236
3850,267.5619812011719,0.0001433047727914527,5.7612560340203345e-05,150.8352813720703,0.0009663496748544276,3.374784469604492,0.16552137496182695
3851,301.544677734375,0.00012760442041326314,0.00040955422446131706,150.76467895507812,0.0009706413256935775,3.375817060470581,0.15104912495007738
3852,304.49420166015625,0.00011159871064592153,0.00048089263145811856,150.8400115966797,0.0009440507856197655,3.3767406940460205,0.14785470900824293
3853,268.9875183105469,9.766752918949351e-05,0.00013361070887185633,150.77261352539062,0.0009508707444183528,3.377572774887085,0.14832983299857005
3854,254.04930114746094,8.562067523598671e-05,8.513361535733566e-06,150.7189178466797,0.0009391697822138667,3.378322124481201,0.1453112909803167
3855,273.6191101074219,7.627629383932799e-05,0.00023113118368200958,150.54385375976562,0.0009233449236489832,3.3789937496185303,0.15623183397110552
3856,282.833984375,7.04953126842156e-05,0.00032950370223261416,149.92901611328125,0.0009290504967793822,3.379595994949341,0.1625279170111753
3857,262.7830505371094,6.685622065560892e-05,0.00016097730258479714,149.28448486328125,0.0009071520762518048,3.3801252841949463,0.16269037500023842
3858,245.41226196289062,6.633478915318847e-05,1.014210283756256e-06,148.3140869140625,0.0009036327246576548,3.3805809020996094,0.16229591704905033
3859,252.55250549316406,6.782860145904124e-05,8.738352335058153e-05,147.26583862304688,0.000897654565051198,3.3809590339660645,0.16757879202486947
3860,263.5162353515625,7.018337782938033e-05,0.0002239386667497456,146.24862670898438,0.0008785538957454264,3.381251096725464,0.1639055420528166
3861,255.99984741210938,7.397941953968257e-05,0.0001549485750729218,145.08335876464844,0.0008802367374300957,3.381455183029175,0.161356708034873
3862,240.8438720703125,7.659312541363761e-05,2.6100176910404116e-05,144.11671447753906,0.0008645782363601029,3.3815650939941406,0.15954987501027063
3863,238.67044067382812,7.826621003914624e-05,1.9767179765040055e-05,143.2096405029297,0.0008565745665691793,3.3815793991088867,0.16386225004680455
3864,246.63516235351562,7.841815386200324e-05,0.00010961908992612734,142.39036560058594,0.0008544106967747211,3.3815011978149414,0.1584150000126101
3865,247.4008026123047,7.576077041449025e-05,0.00014065708091948181,141.86758422851562,0.0008389143622480333,3.3813321590423584,0.16114837495842949
3866,237.83193969726562,7.259661651914939e-05,5.356039400794543e-05,141.30062866210938,0.0008391559822484851,3.3810806274414062,0.15057916601654142
3867,230.75570678710938,6.77441930747591e-05,4.09491804020945e-07,140.95262145996094,0.0008298771572299302,3.3807530403137207,0.14683733298443258
3868,233.0129852294922,6.262961687752977e-05,3.9019596442813054e-05,140.66796875,0.0008218010189011693,3.380356550216675,0.14475699997274205
3869,236.8163604736328,5.837968274136074e-05,8.525705197826028e-05,140.31715393066406,0.000821355264633894,3.3798999786376953,0.14511745900381356
3870,233.872802734375,5.3812822443433106e-05,7.468755939044058e-05,140.09002685546875,0.0008093274664133787,3.379387617111206,0.1541927499929443
3871,227.13998413085938,5.096315362607129e-05,1.5860656276345253e-05,139.66250610351562,0.000807950971648097,3.3788254261016846,0.15447191701969132
3872,224.41696166992188,4.855083170696162e-05,1.7383229078404838e-06,139.2535858154297,0.0008013445767574012,3.3782167434692383,0.15855291701154783
3873,226.54281616210938,4.6876841224730015e-05,3.7247082218527794e-05,138.80882263183594,0.0007932158769108355,3.377562999725342,0.17158295796252787
3874,227.65248107910156,4.659649130189791e-05,5.598823554464616e-05,138.18333435058594,0.0007921067881397903,3.376866340637207,0.16461975005222484
3875,224.48538208007812,4.608848030329682e-05,3.999062755610794e-05,137.67442321777344,0.000782030401751399,3.3761255741119385,0.1623051249771379
3876,220.17181396484375,4.666813038056716e-05,5.401460839493666e-06,137.0238037109375,0.0007794106495566666,3.3753411769866943,0.15974658296909183
3877,218.80825805664062,4.713838279712945e-05,2.714165248107747e-06,136.43121337890625,0.0007739177672192454,3.3745126724243164,0.1579652500222437
3878,219.9110870361328,4.726451152237132e-05,2.6119669200852513e-05,135.89808654785156,0.0007667457684874535,3.3736395835876465,0.15219766704831272
3879,219.994873046875,4.7575631469953805e-05,3.391446080058813e-05,135.3116912841797,0.0007653416832908988,3.3727238178253174,0.15489145799074322
3880,217.63858032226562,4.657696626964025e-05,2.333698830625508e-05,134.8968963623047,0.0007575029158033431,3.3717665672302246,0.15913295903010294
3881,214.80711364746094,4.5541415602201596e-05,2.9238881324999966e-06,134.43666076660156,0.0007552392780780792,3.3707714080810547,0.1551879580365494
3882,213.70497131347656,4.3697302317013964e-05,1.5405951216962421e-06,134.07168579101562,0.0007510949508287013,3.3697423934936523,0.14826762495795265
3883,214.0465087890625,4.1270966903539374e-05,1.5622281352989376e-05,133.7802276611328,0.0007457694155164063,3.3686835765838623,0.15516970795579255
3884,213.898193359375,3.921941606677137e-05,2.085446976707317e-05,133.41859436035156,0.0007447221432812512,3.367600202560425,0.1510752919712104
3885,212.32974243164062,3.6608158552553505e-05,1.6196645447053015e-05,133.175537109375,0.0007387371733784676,3.3664960861206055,0.15394783299416304
3886,210.29974365234375,3.478638973319903e-05,2.918998006862239e-06,132.8226318359375,0.0007370657403953373,3.365375518798828,0.18045808299211785
3887,209.17153930664062,3.3070045901695266e-05,2.5740882847458124e-07,132.49508666992188,0.00073343695839867,3.364241361618042,0.15679037501104176
3888,209.02883911132812,3.168097828165628e-05,7.79194033384556e-06,132.1555938720703,0.0007292595109902322,3.36309552192688,0.16054274997441098
3889,208.8406524658203,3.097638546023518e-05,1.2296667591726873e-05,131.7242431640625,0.0007278910488821566,3.3619399070739746,0.16181683301692829
3890,207.86111450195312,3.005056169058662e-05,1.2047130439896137e-05,131.37142944335938,0.0007227992173284292,3.3607752323150635,0.16739379102364182
3891,206.3929443359375,2.9798844479955733e-05,3.6835956507275114e-06,130.9181365966797,0.0007212655618786812,3.359602212905884,0.1662839999771677
3892,205.23593139648438,2.9378654289757833e-05,1.3202316040406004e-07,130.52011108398438,0.0007176474900916219,3.3584213256835938,0.16446100000757724
3893,204.709228515625,2.9052618629066274e-05,2.413472429907415e-06,130.12045288085938,0.0007144217379391193,3.3572325706481934,0.1667757499963045
3894,204.42181396484375,2.8889640816487372e-05,5.675250577041879e-06,129.69851684570312,0.0007126682321541011,3.356036901473999,0.16206120798597112
3895,203.84317016601562,2.8349482818157412e-05,8.065839210757986e-06,129.35218811035156,0.0007084945100359619,3.354834794998169,0.16116862499620765
3896,202.86639404296875,2.80557378573576e-05,3.948091034544632e-06,128.95591735839844,0.0007071009022183716,3.3536272048950195,0.16222895798273385
3897,201.84732055664062,2.7323705580784008e-05,1.1307065506116487e-06,128.6348114013672,0.0007036705501377583,3.3524155616760254,0.14710262499284
3898,201.11697387695312,2.6588439141050912e-05,2.2782865016779397e-07,128.30833435058594,0.0007012701244093478,3.351201057434082,0.14567779196659103
3899,200.66799926757812,2.5767501938389614e-05,1.7370657587889582e-06,127.99340057373047,0.0006992415874265134,3.3499858379364014,0.1460655420087278
3900,200.23773193359375,2.4682676666998304e-05,4.496498149819672e-06,127.7295150756836,0.0006959029706194997,3.348771572113037,0.1515716669964604
3901,199.6123046875,2.3861652152845636e-05,3.5046186894760467e-06,127.42253875732422,0.0006945313070900738,3.347560405731201,0.14905795804224908
3902,198.818603515625,2.2815309421275742e-05,2.360430698900018e-06,127.17440032958984,0.0006912664393894374,3.346353769302368,0.15323175000958145
3903,198.05435180664062,2.2094529413152486e-05,1.916132532642223e-07,126.88502502441406,0.0006894072866998613,3.3451530933380127,0.16377149999607354
3904,197.45660400390625,2.141785626008641e-05,6.803225005569402e-08,126.60747528076172,0.000687005405779928,3.343959331512451,0.16517016699071974
3905,196.99093627929688,2.0829435015912168e-05,1.4279148672358133e-06,126.33393096923828,0.00068431266117841,3.342773199081421,0.17544516699854285
3906,196.5233154296875,2.050481634796597e-05,1.8274533886142308e-06,126.0254135131836,0.0006826468743383884,3.341594934463501,0.17890279198763892
3907,195.96835327148438,2.0075780412298627e-05,2.3913000859465683e-06,125.7543716430664,0.000679672637488693,3.3404247760772705,0.16468983399681747
3908,195.33853149414062,1.9893523131031543e-05,9.78985781330266e-07,125.4414291381836,0.000678098585922271,3.3392629623413086,0.15217291604494676
3909,194.71435546875,1.95710363186663e-05,3.896004727721447e-07,125.1621322631836,0.0006755616050213575,3.3381094932556152,0.16640037501929328
3910,194.1644287109375,1.9301429347251542e-05,4.72791725769639e-08,124.87164306640625,0.0006735791102983057,3.3369643688201904,0.16206258401507512
3911,193.69354248046875,1.9026931113330647e-05,3.144523361697793e-07,124.5836181640625,0.0006717578507959843,3.3358280658721924,0.16224491700995713
3912,193.24542236328125,1.862350109149702e-05,1.2301543392823078e-06,124.31920623779297,0.000669408414978534,3.3347008228302,0.15045116702094674
3913,192.76954650878906,1.8336015273234807e-05,1.022872538669617e-06,124.03121185302734,0.0006680244114249945,3.333583116531372,0.28789620799943805
3914,192.24977111816406,1.7817028492572717e-05,1.1551755960681476e-06,123.78215789794922,0.0006657039630226791,3.332475185394287,0.15117570798611268
3915,191.7147216796875,1.74356628122041e-05,3.133836798951961e-07,123.50812530517578,0.0006643169326707721,3.3313779830932617,0.15586283401353285
3916,191.2004852294922,1.69380109582562e-05,1.1333122529322281e-07,123.25643157958984,0.0006623892113566399,3.330291986465454,0.15660104202106595
3917,190.72879028320312,1.646303826419171e-05,7.648850441910326e-08,123.00166320800781,0.0006607317482121289,3.3292176723480225,0.15836474997922778
3918,190.28945922851562,1.6031073755584657e-05,1.8213199837191496e-07,122.7421875,0.0006592593854293227,3.328155755996704,0.16316624998580664
3919,189.8606719970703,1.5571436961181462e-05,6.82868858348229e-07,122.498046875,0.0006573719438165426,3.327106475830078,0.1605210829875432
3920,189.42002868652344,1.5254132449626923e-05,4.899957275483757e-07,122.23107147216797,0.000656145450193435,3.3260703086853027,0.17653320904355496
3921,188.96173095703125,1.4866463061480317e-05,6.227821813808987e-07,121.98751068115234,0.0006542530027218163,3.325047254562378,0.17049145902274176
3922,188.49734497070312,1.4636621017416473e-05,1.4442980500462e-07,121.72123718261719,0.0006529800593852997,3.3240373134613037,0.15816558297956362
3923,188.04583740234375,1.4361547982844058e-05,7.258336154336575e-08,121.47010040283203,0.0006513232947327197,3.323040246963501,0.15978175000054762
3924,187.61734008789062,1.4131176612863783e-05,4.604316927725449e-08,121.215576171875,0.0006498402799479663,3.3220560550689697,0.16347304196096957
3925,187.20916748046875,1.393290949636139e-05,8.967253961600363e-08,120.95780181884766,0.0006484910845756531,3.321084499359131,0.16273529099998996
3926,186.81048583984375,1.3670732187165413e-05,4.374144282337511e-07,120.71661376953125,0.0006468307110480964,3.3201255798339844,0.1481191249913536
3927,186.40921020507812,1.3475733794621192e-05,3.182069576723734e-07,120.46109008789062,0.0006456871633417904,3.3191792964935303,0.14606504200492054
3928,186.00039672851562,1.3169417798053473e-05,5.308684194460511e-07,120.22886657714844,0.0006440151482820511,3.3182456493377686,0.1446718749939464
3929,185.5870361328125,1.295657693844987e-05,2.069364199996926e-07,119.97956085205078,0.0006429111235775054,3.317324638366699,0.14922466699499637
3930,185.1721954345703,1.2646501090785023e-05,1.9538879314495716e-07,119.74998474121094,0.0006413802620954812,3.3164165019989014,0.15820008295122534
3931,184.76809692382812,1.2380834050418343e-05,1.4917986845830455e-09,119.51235961914062,0.0006401750142686069,3.315521240234375,0.15437004197156057
3932,184.3777313232422,1.2097662875021342e-05,7.366907084360719e-11,119.27979278564453,0.0006388816400431097,3.314639091491699,0.1732264999882318
3933,183.9978485107422,1.1812030606961343e-05,1.221653747052187e-07,119.05017852783203,0.0006375425145961344,3.313769817352295,0.1717944999691099
3934,183.62428283691406,1.1571945833566133e-05,8.405186235904694e-08,118.81397247314453,0.0006364471046254039,3.312913656234741,0.15807195898378268
3935,183.25027465820312,1.1301040103717241e-05,2.454546574881533e-07,118.58929443359375,0.000635063333902508,3.312070608139038,0.16448458301601931
3936,182.87416076660156,1.1091230589954648e-05,9.400741873832885e-08,118.35183715820312,0.0006340380641631782,3.3112406730651855,0.1661827500211075
3937,182.49978637695312,1.0860589100047946e-05,1.6738431440899149e-07,118.12554931640625,0.000632714363746345,3.3104236125946045,0.15895120799541473
3938,182.12838745117188,1.0696994650061242e-05,2.4016344468691386e-08,117.88841247558594,0.0006316788494586945,3.309619188308716,0.1600498339976184
3939,181.7606964111328,1.051143954100553e-05,4.049161361763254e-08,117.65898132324219,0.0006304652779363096,3.3088271617889404,0.1557230000034906
3940,181.39952087402344,1.0353958714404143e-05,6.041091182851233e-09,117.42684936523438,0.0006293667247518897,3.308047294616699,0.1605720410007052
3941,181.04415893554688,1.0209851097897626e-05,2.18506102100946e-10,117.19496154785156,0.0006282819667831063,3.307279348373413,0.1521951250033453
3942,180.69183349609375,1.003349734673975e-05,6.05396053288132e-08,116.96875,0.0006271366728469729,3.306523323059082,0.14832824998302385
3943,180.34378051757812,9.899520591716282e-06,2.0737388695124537e-08,116.7374496459961,0.00062614306807518,3.305778741836548,0.14642312499927357
3944,179.99794006347656,9.717702596390154e-06,1.1237011676712427e-07,116.51625061035156,0.000624986772891134,3.3050453662872314,0.14518137503182516
3945,179.65228271484375,9.562988452671561e-06,3.3527612686157227e-08,116.28799438476562,0.000624046428129077,3.304323434829712,0.1537860829848796
3946,179.30947875976562,9.375174158776645e-06,1.0085295798489824e-07,116.06942749023438,0.0006229244754649699,3.303612470626831,0.15871941699879244
3947,178.96771240234375,9.220326319336891e-06,1.4553961591445841e-08,115.84483337402344,0.0006219940260052681,3.302912712097168,0.1527082499815151
3948,178.629150390625,9.031625268107746e-06,4.916387297271285e-08,115.62866973876953,0.0006209239363670349,3.3022239208221436,0.1823286660364829
3949,178.29315185546875,8.86899942997843e-06,1.0027179087046534e-10,115.40750122070312,0.0006199873168952763,3.3015458583831787,0.16111200000159442
3950,177.96017456054688,8.700816579221282e-06,9.186123861582018e-09,115.18987274169922,0.0006189930136315525,3.3008785247802734,0.16690954199293628
3951,177.6307830810547,8.540513590560295e-06,1.3536919141188264e-08,114.97239685058594,0.0006180297350510955,3.3002219200134277,0.15829679201124236
3952,177.3046417236328,8.400348633585963e-06,5.684341886080801e-10,114.7525405883789,0.0006171200657263398,3.2995755672454834,0.16820662503596395
3953,176.98011779785156,8.24832750367932e-06,4.5838760343031026e-08,114.53681182861328,0.0006161388591863215,3.2989394664764404,0.16531404200941324
3954,176.6578826904297,8.119760423141997e-06,9.277755452785641e-09,114.31671905517578,0.0006152826244942844,3.298313617706299,0.15798716701101512
3955,176.33872985839844,7.991191523615271e-06,7.181461114669219e-08,114.10211181640625,0.0006143031641840935,3.2976975440979004,0.1675030420301482
3956,176.0198974609375,7.887400897743646e-06,1.7446154743083753e-08,113.88098907470703,0.000613484182395041,3.297091007232666,0.16340433299774304
3957,175.70323181152344,7.760027983749751e-06,6.953291631361935e-08,113.66763305664062,0.0006125264335423708,3.2964940071105957,0.1494078750256449
3958,175.3872528076172,7.656105481146369e-06,8.036295184865594e-09,113.4483871459961,0.0006117245648056269,3.2959060668945312,0.14998824999202043
3959,175.07296752929688,7.528659352828981e-06,3.74793671653606e-08,113.2355728149414,0.0006108078523539007,3.2953271865844727,0.14863300003344193
3960,174.76119995117188,7.417209417326376e-06,7.366907084360719e-11,113.01960754394531,0.0006099985912442207,3.294757127761841,0.1475140830152668
3961,174.45181274414062,7.30336887500016e-06,1.161333784693852e-08,112.80680847167969,0.0006091350223869085,3.2941956520080566,0.15465704101370648
3962,174.14466857910156,7.186573384387884e-06,6.190248313941993e-09,112.59363555908203,0.0006083175539970398,3.29364275932312,0.15069425001274794
3963,173.83901977539062,7.073255346767837e-06,4.4019543565809727e-10,112.38091278076172,0.0006075074779801071,3.293098211288452,0.16958533297292888
3964,173.53489685058594,6.94920572641422e-06,1.9122126104775816e-08,112.17012023925781,0.0006066794157959521,3.2925617694854736,0.16104745800839737
3965,173.23330688476562,6.843082701379899e-06,2.7853275241795927e-10,111.95758056640625,0.00060591398505494,3.2920334339141846,0.16272949997801334
3966,172.9336395263672,6.71891393722035e-06,3.637978807091713e-08,111.74970245361328,0.0006050840602256358,3.291513204574585,0.15630954096559435
3967,172.635009765625,6.621624379476998e-06,7.697963155806065e-09,111.53687286376953,0.000604352040681988,3.2910008430480957,0.1589252919657156
3968,172.33799743652344,6.509219474537531e-06,5.729907570639625e-08,111.3297119140625,0.0006035162950865924,3.2904961109161377,0.16661983297672123
3969,172.04168701171875,6.42373424852849e-06,9.555378710501827e-09,111.11676788330078,0.0006028159987181425,3.289998769760132,0.1683163749985397
3970,171.74636840820312,6.3160246099869255e-06,4.401954356580973e-08,110.9107437133789,0.0006019961438141763,3.289508819580078,0.16185099998256192
3971,171.45220947265625,6.236584340513218e-06,2.3194388631964102e-09,110.69890594482422,0.0006012941594235599,3.2890260219573975,0.1603113750461489
3972,171.1601104736328,6.1523232943727635e-06,2.737783688644413e-08,110.49115753173828,0.00060050975298509,3.28855037689209,0.14641849999316037
3973,170.86944580078125,6.07686069997726e-06,1.114131009671837e-09,110.28062438964844,0.0005998103297315538,3.288081407546997,0.14503558399155736
3974,170.58114624023438,5.99339728069026e-06,3.180412022629753e-08,110.07392883300781,0.0005990469362586737,3.287619113922119,0.1478498340002261
3975,170.29296875,5.909351784794126e-06,3.609784471336752e-09,109.86557006835938,0.0005983610171824694,3.287163257598877,0.1485724999802187
3976,170.0073699951172,5.8233104027749505e-06,4.282719601178542e-08,109.66133117675781,0.0005975942476652563,3.2867136001586914,0.15589983394602314
3977,169.72206115722656,5.743327164964285e-06,7.697963155806065e-09,109.45393371582031,0.0005969302146695554,3.2862703800201416,0.15732200001366436
3978,169.43814086914062,5.658223926729988e-06,4.5431306716636755e-08,109.25110626220703,0.0005961666465736926,3.2858331203460693,0.1631242500152439
3979,169.15444946289062,5.58755527890753e-06,4.649564289138652e-09,109.04322052001953,0.0005955200758762658,3.2854018211364746,0.16427454096265137
3980,168.87225341796875,5.4904821809032e-06,3.74793671653606e-08,108.84213256835938,0.0005947732133790851,3.2849764823913574,0.16202458296902478
3981,168.592529296875,5.4217048273130786e-06,5.115907697472721e-09,108.63607025146484,0.0005941378767602146,3.2845568656921387,0.16421766596613452
3982,168.31326293945312,5.337926268111914e-06,4.204139258945361e-08,108.43427276611328,0.0005934098735451698,3.2841429710388184,0.16062375000910833
3983,168.0347137451172,5.271482223179191e-06,6.417394615709782e-09,108.22781372070312,0.0005927911261096597,3.2837345600128174,0.16160508303437382
3984,167.75741577148438,5.192679509491427e-06,4.204139258945361e-08,108.0267562866211,0.0005920719122514129,3.2833313941955566,0.16135333402780816
3985,167.48117065429688,5.135790161148179e-06,4.2675765143940225e-09,107.82146453857422,0.000591457006521523,3.282933473587036,0.16403241700027138
3986,167.20578002929688,5.064180186309386e-06,3.180412022629753e-08,107.62052154541016,0.0005907566519454122,3.282540798187256,0.15988870803266764
3987,166.93170166015625,5.009335382055724e-06,3.609784471336752e-09,107.41541290283203,0.000590150011703372,3.2821531295776367,0.15468145796330646
3988,166.6594696044922,4.9383506848244e-06,4.502567207964603e-08,107.21566772460938,0.0005894546047784388,3.2817702293395996,0.14582237496506423
3989,166.38870239257812,4.890254331257893e-06,1.5727209756732918e-08,107.01008605957031,0.0005888802115805447,3.2813920974731445,0.14558808301808313
3990,166.11944580078125,4.808089670405025e-06,8.488336789014284e-08,106.81267547607422,0.0005881747929379344,3.2810187339782715,0.14791391702601686
3991,165.85177612304688,4.760633601108566e-06,4.895264282822609e-08,106.6073989868164,0.0005876341601833701,3.2806499004364014,0.14911191700957716
3992,165.58660888671875,4.684470695792697e-06,1.6427748050773516e-07,106.4116439819336,0.0005869008600711823,3.280285596847534,0.15411329100606963
3993,165.32339477539062,4.646362867788412e-06,1.2892292033939157e-07,106.20465087890625,0.0005864121485501528,3.279925584793091,0.15316920803161338
3994,165.06454467773438,4.562971298582852e-06,3.1928379939927254e-07,106.01277160644531,0.0005856353673152626,3.2795698642730713,0.17156220797915012
3995,164.80856323242188,4.540082045423333e-06,2.929084530478576e-07,105.80359649658203,0.000585216679610312,3.2792181968688965,0.2182753750239499
3996,164.56109619140625,4.433775757206604e-06,6.333632427413249e-07,105.61641693115234,0.0005843796534463763,3.2788708209991455,0.17931266699451953
3997,164.326904296875,4.4342777982819825e-06,7.416101652779616e-07,105.40235900878906,0.0005840695230290294,3.27852725982666,0.162858875002712
3998,164.1139373779297,4.307425115257502e-06,1.5006119156169007e-06,105.2225570678711,0.0005831057205796242,3.2781877517700195,0.17645150003954768
3999,163.93328857421875,4.344119588495232e-06,2.0056404537172057e-06,105.00104522705078,0.000582972657866776,3.2778520584106445,0.17192437499761581
4000,163.80938720703125,4.185583293292439e-06,3.7812433220096864e-06,104.83263397216797,0.0005818007048219442,3.277520179748535,0.18202991696307436
4001,163.79098510742188,4.276307663531043e-06,5.700268957298249e-06,104.59577178955078,0.0005819755606353283,3.2771918773651123,0.2848584169987589
4002,163.95924377441406,4.046763024234679e-06,1.0637813829816878e-05,104.44898223876953,0.0005804179818369448,3.276867389678955,0.14999387494754046
4003,164.45689392089844,4.2453029891476035e-06,1.733277713356074e-05,104.18644714355469,0.0005811264272779226,3.2765462398529053,0.1515678339637816
4004,165.57781982421875,3.869843112624949e-06,3.225793989258818e-05,104.07938385009766,0.000578856619540602,3.276228666305542,0.15268283401383087
4005,167.8607635498047,4.269900728104403e-06,5.609532672679052e-05,103.767578125,0.0005805665859952569,3.275914192199707,0.1525929169729352
4006,172.26467895507812,3.6445755995373474e-06,0.0001046834877342917,103.735595703125,0.0005769628332927823,3.2756032943725586,0.15481470798840746
4007,180.61441040039062,4.40770872955909e-06,0.00018783398263622075,103.3360824584961,0.0005805415567010641,3.275294780731201,0.15984804200707003
4008,196.46353149414062,3.323575811009505e-06,0.0003523568739183247,103.4497299194336,0.0005744576337747276,3.2749903202056885,0.15426058298908174
4009,226.606689453125,4.807567165698856e-06,0.0006507029756903648,102.89836120605469,0.0005815727636218071,3.2746870517730713,0.15333825000561774
4010,284.2466735839844,2.8582167033164296e-06,0.0012356936931610107,103.3116683959961,0.0005707981181330979,3.274388074874878,0.15220754203619435
4011,394.9552001953125,5.8688510762294754e-06,0.0023336068261414766,102.52722930908203,0.0005848039872944355,3.274088144302368,0.1525980830192566
4012,609.3013916015625,2.2765739231545012e-06,0.004489690996706486,103.59080505371094,0.0005651384708471596,3.273792028427124,0.15665516699664295
4013,1025.3521728515625,8.986183274828363e-06,0.008625500835478306,102.6059341430664,0.0005929745966568589,3.2734885215759277,0.15747004200238734
4014,1835.4561767578125,1.84781481493701e-06,0.016744673252105713,105.1425552368164,0.0005566152394749224,3.2731850147247314,0.15829887497238815
4015,3398.3525390625,2.0340507035143673e-05,0.03229976445436478,105.01050567626953,0.0006133148563094437,3.272855758666992,0.1583437499939464
4016,6372.2626953125,3.3536343835294247e-06,0.062068019062280655,110.41364288330078,0.0005471187178045511,3.2725064754486084,0.21798858302645385
4017,11738.970703125,7.698067929595709e-05,0.11546590179204941,118.0078125,0.0006667432026006281,3.2720720767974854,0.14779087499482557
4018,20587.890625,3.230874062865041e-05,0.20405332744121552,123.5722427368164,0.0005575549439527094,3.2715301513671875,0.1461982079781592
4019,31984.865234375,0.0004212282656226307,0.3169461488723755,167.08560180664062,0.0008104015723802149,3.2707231044769287,0.14830033399630338
4020,40359.75,0.0004691723734140396,0.4009642004966736,144.74562072753906,0.0007166250143200159,3.2695152759552,0.15648258401779458
4021,33566.875,0.0019612719770520926,0.3301139175891876,247.51683044433594,0.0011184014147147536,3.267671823501587,0.14927075000014156
4022,13342.8837890625,0.0028909891843795776,0.12707297503948212,218.49468994140625,0.0012799263931810856,3.264976739883423,0.15408320794813335
4023,827.8309326171875,0.004082965664565563,0.00016451763804070652,256.47088623046875,0.0014661172172054648,3.2614285945892334,0.16592937498353422
4024,9698.603515625,0.004252248909324408,0.08860253542661667,261.29144287109375,0.0015183428768068552,3.257211446762085,0.15698333398904651
4025,18599.044921875,0.003296633716672659,0.1787671446800232,251.08863830566406,0.0014157735276967287,3.2525367736816406,0.1594957079505548
4026,9308.9462890625,0.0024204696528613567,0.08702673017978668,223.01979064941406,0.0014120724517852068,3.247838020324707,0.16402816702611744
4027,495.0509033203125,0.001335609471425414,7.180652755778283e-05,223.18585205078125,0.0013112346641719341,3.2434370517730713,0.16264320799382403
4028,6852.98046875,0.00048732655704952776,0.06432414799928665,248.30862426757812,0.0012352437479421496,3.239673137664795,0.16186966700479388
4029,11400.1337890625,0.00010765099432319403,0.10942615568637848,287.3203430175781,0.00159433763474226,3.236924171447754,0.16255649999948218
4030,4272.9892578125,7.476741302525625e-06,0.03831236809492111,303.8198547363281,0.001371849444694817,3.23523211479187,0.16481904196552932
4031,754.82763671875,4.306602932047099e-07,0.0028809220530092716,316.3916931152344,0.0015030067879706621,3.234640598297119,0.1583052499918267
4032,6316.318359375,2.5223368993465556e-07,0.05828121304512024,315.1473388671875,0.001730246120132506,3.235121965408325,0.14808845904190093
4033,6736.44970703125,1.9483590222080238e-05,0.06302322447299957,297.5838928222656,0.0013459539040923119,3.236388921737671,0.1459928330150433
4034,1123.607177734375,0.00010654316429281607,0.007034165784716606,257.0528564453125,0.0015248339623212814,3.238304615020752,0.1470701249781996
4035,1950.350341796875,0.00030370336025953293,0.015409502200782299,227.14552307128906,0.0015188432298600674,3.2406623363494873,0.1496221250272356
4036,5337.0244140625,0.0006451803492382169,0.04932958260178566,211.0314483642578,0.0012851653154939413,3.2431843280792236,0.15709966601571068
4037,2493.581787109375,0.0008580274879932404,0.0205096323043108,200.63206481933594,0.0015618380857631564,3.2458395957946777,0.16085145896067843
4038,577.8823852539062,0.0011422630632296205,0.0011606684420257807,194.63214111328125,0.001529571134597063,3.2484984397888184,0.16206320899073035
4039,3284.12841796875,0.0013329358771443367,0.028176669031381607,189.3837890625,0.0014378399355337024,3.251065731048584,0.17011112498585135
4040,2939.878173828125,0.001161371124908328,0.024682270362973213,187.4375762939453,0.0016807630890980363,3.253662347793579,0.1635939169791527
4041,515.7032470703125,0.0010875955922529101,0.0007209856994450092,178.7082061767578,0.0015613691648468375,3.2562754154205322,0.16607562504941598
4042,1667.31787109375,0.0008699234458617866,0.012481377460062504,180.36953735351562,0.0015181833878159523,3.2589638233184814,0.16256949998205528
4043,2623.360107421875,0.00052497728029266,0.022059179842472076,190.37890625,0.0017456554342061281,3.2619102001190186,0.16320904099848121
4044,859.6040649414062,0.00036373650073073804,0.004589348565787077,202.57647705078125,0.0016171905444934964,3.2651336193084717,0.15838916704524308
4045,751.71923828125,0.00020794765441678464,0.0034526451490819454,218.81895446777344,0.001668410375714302,3.268706798553467,0.16739283298375085
4046,2018.480712890625,9.945695637725294e-05,0.015833232551813126,238.82521057128906,0.0018638655310496688,3.2727179527282715,0.16026308300206438
4047,1244.2353515625,8.953618817031384e-05,0.008264880627393723,239.051513671875,0.0016974217724055052,3.2770848274230957,0.1496733339736238
4048,440.3936767578125,8.55225371196866e-05,0.00016130416770465672,239.9062957763672,0.001758047379553318,3.2817726135253906,0.1473684580414556
4049,1323.3681640625,0.00010691139323171228,0.008942973800003529,235.78981018066406,0.0018258984200656414,3.2867209911346436,0.14487654203549027
4050,1335.6005859375,0.00019722017168533057,0.009344564750790596,218.03994750976562,0.0016338214045390487,3.2917635440826416,0.1470565419876948
4051,450.28680419921875,0.0002785208052955568,0.00047275025281123817,206.64791870117188,0.0016851177206262946,3.2968242168426514,0.15630495897494256
4052,777.9046630859375,0.0003803901490755379,0.0037718848325312138,195.0895233154297,0.0016758762067183852,3.301816701889038,0.1538481669849716
4053,1187.82373046875,0.0005134223611094058,0.008018352091312408,181.561767578125,0.0015308447182178497,3.3066234588623047,0.15494604100240394
4054,582.012451171875,0.0005529657937586308,0.0019004266941919923,177.0371856689453,0.0015963602345436811,3.3112378120422363,0.1679502499755472
4055,480.2257080078125,0.0005790361319668591,0.0009425026946701109,172.01268005371094,0.00156059127766639,3.31563663482666,0.16219737502979115
4056,931.55078125,0.0005784826353192329,0.00559910899028182,167.4016876220703,0.0014638991560786963,3.3197970390319824,0.16001975000835955
4057,679.2824096679688,0.0004886564565822482,0.003073746571317315,169.83233642578125,0.0015320979291573167,3.323781728744507,0.16380854201270267
4058,361.38470458984375,0.00041518002399243414,1.3043399121670518e-05,170.93479919433594,0.0014762756181880832,3.3276126384735107,0.1646090000285767
4059,653.565185546875,0.0003341420379001647,0.0030293362215161324,175.1703643798828,0.0014204696053639054,3.33131742477417,0.1651862079743296
4060,697.5294189453125,0.0002383563987677917,0.0034472676925361156,180.35328674316406,0.0014861373929306865,3.334967613220215,0.15875470801256597
4061,380.623291015625,0.00018566081416793168,0.000357423210516572,184.5078125,0.0014180707512423396,3.3385727405548096,0.16292774997418746
4062,443.02197265625,0.00014654806000180542,0.0010219605173915625,186.86476135253906,0.001393063459545374,3.3421454429626465,0.1592503339634277
4063,625.73291015625,0.00012055931438226253,0.0028367131017148495,186.89016723632812,0.001431155251339078,3.3457043170928955,0.15229158400325105
4064,449.22564697265625,0.0001259976124856621,0.0011820143554359674,183.9390106201172,0.0013448545942083001,3.349205255508423,0.149558832985349
4065,333.9822998046875,0.00013969873543828726,7.602039113407955e-05,179.295654296875,0.0013311471557244658,3.352618455886841,0.14988604094833136
4066,485.71484375,0.00016398901061620563,0.0016237738309428096,173.9476776123047,0.0013299089623615146,3.3559117317199707,0.15258474997244775
4067,477.92645263671875,0.0002060524420812726,0.0016473778523504734,167.9183349609375,0.0012466508196666837,3.3590216636657715,0.15248066699132323
4068,322.91912841796875,0.0002388056745985523,0.00011568161426112056,162.7330322265625,0.0012473735259845853,3.3619236946105957,0.15095220803050324
4069,360.9437255859375,0.0002658326120581478,0.0005293840076774359,158.66827392578125,0.0012275379849597812,3.364595651626587,0.16413441603071988
4070,444.6499328613281,0.00028477664454840124,0.0014370584394782782,155.4983673095703,0.0011696803849190474,3.3670132160186768,0.1692771670059301
4071,356.23895263671875,0.0002782423689495772,0.0005617690621875226,153.8359832763672,0.0011840183287858963,3.369192361831665,0.15628766699228436
4072,297.00823974609375,0.0002636447024997324,2.3865146431489848e-05,152.68081665039062,0.0011557645630091429,3.3711414337158203,0.15828725002938882
4073,367.334228515625,0.00024028353800531477,0.0007894500158727169,152.14700317382812,0.0011221386957913637,3.372873306274414,0.15643383300630376
4074,370.11981201171875,0.0002074957883451134,0.000830869481433183,152.49990844726562,0.0011378336930647492,3.374422550201416,0.1568407079903409
4075,292.30859375,0.0001798305456759408,0.00011391391308279708,152.62921142578125,0.0011030491441488266,3.3758037090301514,0.15769416600232944
4076,295.89532470703125,0.000153280736412853,0.0001871679851319641,153.007080078125,0.0010884336661547422,3.377037525177002,0.16347487503662705
4077,342.0281677246094,0.00013003575440961868,0.0006633163429796696,153.12474060058594,0.0010956821497529745,3.3781485557556152,0.15500554197933525
4078,311.75335693359375,0.00011519234976731241,0.0004156562499701977,152.7899627685547,0.0010587852448225021,3.3791394233703613,0.1549559169798158
4079,267.9898681640625,0.00010456643212819472,2.159759787900839e-06,151.78305053710938,0.0010553417960181832,3.3800199031829834,0.1692369999946095
4080,290.0389404296875,9.975557622965425e-05,0.00024968519574031234,150.37400817871094,0.0010472084395587444,3.3807921409606934,0.14870645897462964
4081,308.5028991699219,0.0001010396154015325,0.0004856727027799934,148.52011108398438,0.0010131156304851174,3.3814432621002197,0.14855537499533966
4082,275.1683349609375,0.00010512059088796377,0.00016745412722229958,146.5510711669922,0.0010135977063328028,3.381970167160034,0.15253254200797528
4083,255.71774291992188,0.0001121901223086752,6.938211299711838e-06,144.5316162109375,0.0009927329374477267,3.3823604583740234,0.15108233300270513
4084,276.41778564453125,0.00011948969768127427,0.0002483157441020012,142.72714233398438,0.0009691010927781463,3.3826024532318115,0.15784649999113753
4085,280.0016784667969,0.0001242534490302205,0.0002950693015009165,141.1477813720703,0.0009692162275314331,3.3826968669891357,0.16476008296012878
4086,254.40264892578125,0.00012611271813511848,7.505064422730356e-05,139.86825561523438,0.0009441807051189244,3.3826396465301514,0.16305537504376844
4087,246.93556213378906,0.00012351307668723166,2.4056542315520346e-05,138.86988830566406,0.0009330871398560703,3.382437229156494,0.16040237504057586
4088,261.11260986328125,0.00011711048136930913,0.00018340343376621604,138.16580200195312,0.0009289541048929095,3.3821022510528564,0.1625582499545999
4089,258.7005920410156,0.00010847383236978203,0.0001955979532795027,137.6604461669922,0.0009063295437954366,3.381643056869507,0.17370612500235438
4090,240.56259155273438,9.888475324260071e-05,3.0316461561596952e-05,137.27267456054688,0.0009036979754455388,3.3810763359069824,0.16477658302756026
4091,237.45025634765625,8.96129131433554e-05,2.2114145394880325e-05,136.9546661376953,0.0008932288037613034,3.3804147243499756,0.16538787499302998
4092,246.5271759033203,8.143515879055485e-05,0.00014017114881426096,136.67337036132812,0.0008769317646510899,3.379667043685913,0.16971437499159947
4093,243.28042602539062,7.529456343036145e-05,0.0001195392178487964,136.16888427734375,0.0008762815268710256,3.378845691680908,0.1599459580029361
4094,230.88790893554688,7.066456601023674e-05,2.0741390471812338e-05,135.65594482421875,0.0008609137730672956,3.3779544830322266,0.14711341698421165
4095,228.75064086914062,6.810377817600965e-05,1.8503315004636534e-05,134.91607666015625,0.0008517384994775057,3.376997232437134,0.2934638750157319
4096,234.23806762695312,6.744820711901411e-05,8.746377716306597e-05,133.98370361328125,0.000847631657961756,3.375976800918579,0.15038008301053196
4097,231.78677368164062,6.778344686608762e-05,8.774048183113337e-05,133.06610107421875,0.0008316828170791268,3.374889850616455,0.15029929199954495
4098,223.0938262939453,6.96580609655939e-05,1.3847606169292703e-05,131.98876953125,0.0008275448344647884,3.3737363815307617,0.1534511250210926
4099,220.80551147460938,7.165306305978447e-05,7.992875907802954e-06,130.97653198242188,0.0008186438353732228,3.372514486312866,0.16234762500971556
4100,224.1311798095703,7.310535875149071e-05,6.076723002479412e-05,130.0634307861328,0.0008068049792200327,3.3712220191955566,0.16117287502856925
4101,222.81394958496094,7.405428914353251e-05,5.792424417450093e-05,129.17501831054688,0.0008044108399190009,3.3698623180389404,0.1657668330008164
4102,216.74444580078125,7.285890751518309e-05,1.621200135559775e-05,128.50965881347656,0.0007932769949547946,3.3684377670288086,0.15898366703186184
4103,214.03057861328125,7.043126970529556e-05,3.2522448236704804e-06,127.92622375488281,0.0007873601862229407,3.3669545650482178,0.1591867500101216
4104,215.63351440429688,6.681821105303243e-05,3.156299499096349e-05,127.43681335449219,0.0007835857104510069,3.3654215335845947,0.16245829203398898
4105,215.2349853515625,6.201038922881708e-05,4.556394196697511e-05,127.10478210449219,0.000773727660998702,3.3638458251953125,0.15584033296909183
4106,211.1470184326172,5.773749580839649e-05,1.5069390428834595e-05,126.70275115966797,0.0007716357358731329,3.362236976623535,0.16449649998685345
4107,208.21925354003906,5.343309385352768e-05,1.51349013322033e-08,126.36280059814453,0.0007651163032278419,3.360602378845215,0.157962791970931
4108,208.58917236328125,4.979467485100031e-05,1.7507914890302345e-05,125.99744415283203,0.0007586146239191294,3.358947515487671,0.14961149997543544
4109,208.765869140625,4.735470429295674e-05,2.8684968128800392e-05,125.5041275024414,0.0007565777632407844,3.357278347015381,0.14867187500931323
4110,206.32620239257812,4.5093620428815484e-05,1.888264887384139e-05,125.06443786621094,0.0007486413232982159,3.3555967807769775,0.1438047089613974
4111,203.5107879638672,4.400042598717846e-05,8.770475687924773e-07,124.47885131835938,0.0007454418810084462,3.353905439376831,0.1512970839976333
4112,202.7667694091797,4.323517350712791e-05,4.480334609979764e-06,123.88729095458984,0.0007410792168229818,3.352205276489258,0.15670350001892075
4113,202.93687438964844,4.260570494807325e-05,1.8965622075484134e-05,123.32344818115234,0.000734562985599041,3.350496530532837,0.1772328750230372
4114,201.73780822753906,4.266797623131424e-05,1.541939673188608e-05,122.67211151123047,0.0007325695478357375,3.3487801551818848,0.16647195897530764
4115,199.49435424804688,4.230433114571497e-05,5.001334102416877e-06,122.11692810058594,0.0007264686864800751,3.3470559120178223,0.16142270801356062
4116,198.08786010742188,4.2099112761206925e-05,5.371405222831527e-07,121.54757690429688,0.0007227666210383177,3.3453245162963867,0.16265900002326816
4117,197.84605407714844,4.170941247139126e-05,6.9356992753455415e-06,121.00630187988281,0.0007197523955255747,3.3435873985290527,0.16453695797827095
4118,197.3681640625,4.061270010424778e-05,1.3282135114423e-05,120.56343841552734,0.0007141523528844118,3.341845989227295,0.16338879201794043
4119,195.921142578125,3.958608067478053e-05,6.4739870140329e-06,120.09319305419922,0.0007122193928807974,3.3401036262512207,0.17059166601393372
4120,194.3654022216797,3.788859976339154e-05,8.303507001983235e-07,119.72164154052734,0.0007077186601236463,3.3383631706237793,0.16939254204044119
4121,193.57839965820312,3.6076362448511645e-05,1.897733682199032e-06,119.3659896850586,0.0007041500648483634,3.336627960205078,0.1602640420314856
4122,193.2190704345703,3.4426637284923345e-05,5.904716090299189e-06,119.00401306152344,0.0007018192554824054,3.334902048110962,0.1601714999997057
4123,192.44497680664062,3.255109550082125e-05,7.773316610837355e-06,118.70269775390625,0.0006970984395593405,3.3331878185272217,0.149170457967557
4124,191.20669555664062,3.132235360681079e-05,2.4342589313164353e-06,118.33390808105469,0.0006949712405912578,3.3314878940582275,0.14682533295126632
4125,190.13259887695312,3.01473537547281e-05,6.195568857947364e-08,117.99018096923828,0.0006912149838171899,3.329803705215454,0.14821279200259596
4126,189.53475952148438,2.9286973585840315e-05,2.0819870769628324e-06,117.6312484741211,0.0006876661209389567,3.3281359672546387,0.149933707958553
4127,189.047119140625,2.884992863982916e-05,3.978468157583848e-06,117.22808837890625,0.0006853619706816971,3.3264851570129395,0.1583594169933349
4128,188.2554473876953,2.8275269869482145e-05,4.4099615479353815e-06,116.87138366699219,0.0006811554194428027,3.3248510360717773,0.15371891600079834
4129,187.2598876953125,2.8119548005633987e-05,9.705117918201722e-07,116.46346282958984,0.0006788743194192648,3.3232336044311523,0.1561483339755796
4130,186.43487548828125,2.7826999939861707e-05,0.0,116.08928680419922,0.0006756287766620517,3.3216326236724854,0.16686479200143367
4131,185.88015747070312,2.7482208679430187e-05,1.6088051779661328e-06,115.72978973388672,0.0006724127451889217,3.3200478553771973,0.15420187503332272
4132,185.34912109375,2.721663076954428e-05,2.3913000859465683e-06,115.35765838623047,0.0006703066173940897,3.318479537963867,0.1608300830121152
4133,184.64169311523438,2.6587824322632514e-05,2.582260094641242e-06,115.04226684570312,0.0006668242276646197,3.3169281482696533,0.1525755829643458
4134,183.83851623535156,2.6053305191453546e-05,4.826799795409897e-07,114.7060775756836,0.0006647884147241712,3.315394401550293,0.15055041696177796
4135,183.14404296875,2.5261702830903232e-05,1.1004885891452432e-10,114.40562438964844,0.0006621222710236907,3.3138794898986816,0.14982579200295731
4136,182.60739135742188,2.4350365492864512e-05,1.0335097613278776e-06,114.12028503417969,0.0006594871520064771,3.312384605407715,0.15048287500394508
4137,182.08718872070312,2.356906588829588e-05,1.425636583007872e-06,113.8160171508789,0.0006577169988304377,3.310910940170288,0.15442170901224017
4138,181.46670532226562,2.259208122268319e-05,1.6686228718754137e-06,113.55078125,0.0006548985838890076,3.309459686279297,0.15848687500692904
4139,180.79119873046875,2.1884901798330247e-05,3.4904610402008984e-07,113.24835968017578,0.0006531943217851222,3.3080317974090576,0.15049820800777525
4140,180.1729736328125,2.1190064217080362e-05,1.8339051166549325e-08,112.9591293334961,0.0006509301019832492,3.3066277503967285,0.1479858749662526
4141,179.6472930908203,2.0644865799113177e-05,4.584762791637331e-07,112.6606216430664,0.0006487633800134063,3.3052473068237305,0.16690920799737796
4142,179.15457153320312,2.0288925952627324e-05,7.252756404341199e-07,112.34111785888672,0.0006471204105764627,3.3038904666900635,0.15544583299197257
4143,178.62228393554688,1.9889270333806053e-05,1.1726663160516182e-06,112.04367065429688,0.000644724234007299,3.3025565147399902,0.15895424998598173
4144,178.04559326171875,1.9697281459229998e-05,3.760296749533154e-07,111.71749877929688,0.0006432075751945376,3.3012452125549316,0.17192995897494256
4145,177.48046875,1.9406315914238803e-05,1.1623910722846631e-07,111.41541290283203,0.0006411280483007431,3.2999556064605713,0.16486354201333597
4146,176.96975708007812,1.9137329218210652e-05,1.1656447895802557e-07,111.11335754394531,0.0006393101066350937,3.29868745803833,0.17083800002001226
4147,176.4969024658203,1.8857792383641936e-05,2.569252046669135e-07,110.81343841552734,0.0006377199315465987,3.297440528869629,0.16704983299132437
4148,176.0228271484375,1.8448999981046654e-05,7.075177563820034e-07,110.53838348388672,0.0006356880185194314,3.2962145805358887,0.1621694170171395
4149,175.52342224121094,1.810195499274414e-05,3.219838617951609e-07,110.2521743774414,0.0006342885899357498,3.2950096130371094,0.1640224169823341
4150,175.0166015625,1.7620825019548647e-05,2.521139776945347e-07,109.9910659790039,0.0006323823472484946,3.29382586479187,0.15729758300585672
4151,174.52920532226562,1.7177782865474e-05,1.1004885891452432e-10,109.7255859375,0.0006308582960627973,3.292663335800171,0.16302529099630192
4152,174.06900024414062,1.671308018558193e-05,1.9653271010611206e-08,109.46687316894531,0.0006292885518632829,3.29152250289917,0.16695012501440942
4153,173.62628173828125,1.6203843188122846e-05,2.923925421782769e-07,109.21903991699219,0.0006275762571021914,3.290403366088867,0.16601545899175107
4154,173.18373107910156,1.5791418263688684e-05,1.9538879314495716e-07,108.95931243896484,0.0006262573879212141,3.289306163787842,0.14846645900979638
4155,172.73162841796875,1.5317518773372285e-05,2.965325620607473e-07,108.71593475341797,0.0006245428812690079,3.2882306575775146,0.14560841699130833
4156,172.27894592285156,1.4958071005821694e-05,2.8172507882118225e-08,108.45780944824219,0.000623225059825927,3.2871768474578857,0.14399524999316782
4157,171.84036254882812,1.463023727410473e-05,7.614517016918398e-09,108.2035903930664,0.0006217298796400428,3.286144495010376,0.15018695802427828
4158,171.419677734375,1.4364259186550044e-05,9.994641914090607e-08,107.94601440429688,0.0006202724762260914,3.285132884979248,0.15385316702304408
4159,171.00807189941406,1.4164806088956539e-05,8.938718565332238e-08,107.68140411376953,0.0006190123967826366,3.2841415405273438,0.151538125006482
4160,170.5983123779297,1.3924011909693945e-05,2.8725844458676875e-07,107.4287338256836,0.00061748456209898,3.283169984817505,0.16207979200407863
4161,170.1847381591797,1.376123782392824e-05,1.0856660992430989e-07,107.1644287109375,0.0006163332727737725,3.282217264175415,0.16006283299066126
4162,169.7706756591797,1.3523913366952911e-05,1.3797966857964639e-07,106.91497039794922,0.0006148951943032444,3.281283140182495,0.15952462499262765
4163,169.36410522460938,1.3317784578248393e-05,1.2116743164369836e-09,106.66097259521484,0.0006137122982181609,3.280367136001587,0.1614427500171587
4164,168.96682739257812,1.3079588825348765e-05,5.684341886080801e-10,106.41364288330078,0.0006124516949057579,3.2794687747955322,0.16886649996740744
4165,168.5795135498047,1.2822617463825736e-05,7.995572559593711e-08,106.17153930664062,0.0006111771217547357,3.278587818145752,0.16137987503316253
4166,168.19546508789062,1.2569886166602373e-05,3.547597771103028e-08,105.92745971679688,0.0006100746686570346,3.277724027633667,0.16194174997508526
4167,167.81236267089844,1.227118082169909e-05,1.1721658665919676e-07,105.69457244873047,0.0006087895599193871,3.2768774032592773,0.1625464999815449
4168,167.43089294433594,1.2026865078951232e-05,1.3206090443418361e-08,105.45360565185547,0.0006077327998355031,3.276047706604004,0.15878883301047608
4169,167.05340576171875,1.1744933544832747e-05,2.9795955924782902e-08,105.22245025634766,0.0006065348861739039,3.2752346992492676,0.15490920800948516
4170,166.68145751953125,1.1492600606288761e-05,9.74273461906705e-09,104.98771667480469,0.0006054351106286049,3.2744381427764893,0.1471678750240244
4171,166.31642150878906,1.126340157497907e-05,1.4917986845830455e-09,104.75318908691406,0.0006043674657121301,3.27365779876709,0.14662412501638755
4172,165.95498657226562,1.1028987501049414e-05,6.386926543200389e-08,104.52277374267578,0.000603229331318289,3.2728934288024902,0.1494902499835007
4173,165.59527587890625,1.0835460670932662e-05,1.0510348147363402e-08,104.286865234375,0.0006022381712682545,3.2721447944641113,0.15074191702296957
4174,165.23712158203125,1.0637813829816878e-05,4.769481165567413e-08,104.05561065673828,0.0006011296645738184,3.271411180496216,0.15367070800857618
4175,164.88299560546875,1.0489421583770309e-05,1.2028067430946976e-10,103.81903839111328,0.0006001500296406448,3.2706921100616455,0.1566401249729097
4176,164.53244018554688,1.0323294191039167e-05,8.645884008728899e-09,103.58763122558594,0.0005991162033751607,3.2699873447418213,0.16343750001396984
4177,164.1857452392578,1.0168374501517974e-05,1.6698550098226406e-08,103.35563659667969,0.0005981160211376846,3.269296407699585,0.16577404201962054
4178,163.8426513671875,1.0030099474533927e-05,1.5663772501284257e-09,103.12261962890625,0.0005971687496639788,3.268618583679199,0.16884504200425
4179,163.50180053710938,9.847453839029185e-06,4.8112269723787904e-08,102.89671325683594,0.0005961554124951363,3.267953634262085,0.16177520802011713
4180,163.1644287109375,9.690964361652732e-06,3.783725333050825e-09,102.66864013671875,0.0005952632054686546,3.267301559448242,0.16196529200533405
4181,162.8274688720703,9.494543519394938e-06,2.5517010726616718e-08,102.44654846191406,0.0005942892166785896,3.2666618824005127,0.16446183301741257
4182,162.49342346191406,9.3215949164005e-06,3.439936335780658e-09,102.22209930419922,0.0005933881620876491,3.2660343647003174,0.16296666697598994
4183,162.16380310058594,9.158531611319631e-06,2.7853275241795927e-10,101.99884796142578,0.0005924907163716853,3.265418767929077,0.16136074997484684
4184,161.83717346191406,8.981895916804206e-06,3.0126102501526475e-08,101.77872467041016,0.0005915724905207753,3.264815092086792,0.16105958295520395
4185,161.51194763183594,8.815826731733978e-06,2.751221472863108e-09,101.55704498291016,0.0005907304584980011,3.2642228603363037,0.14624079200439155
4186,161.18893432617188,8.640440682938788e-06,4.106937012693379e-08,101.3392562866211,0.0005898153758607805,3.2636420726776123,0.29492504202062264
4187,160.86770629882812,8.498759598296601e-06,2.751221472863108e-09,101.11717224121094,0.0005890039028599858,3.2630722522735596,0.15976633300306275
4188,160.54864501953125,8.343780791619793e-06,2.8332806323305704e-08,100.89983367919922,0.0005881160614080727,3.2625133991241455,0.15449820802314207
4189,160.23236083984375,8.227114449255168e-06,5.1159076974727213e-11,100.6778793334961,0.0005873177433386445,3.261964797973633,0.1474493330460973
4190,159.91798400878906,8.09362518339185e-06,1.4901161193847656e-08,100.46031951904297,0.0005864681443199515,3.2614264488220215,0.15872845897683874
4191,159.60562133789062,7.986137461557519e-06,2.2737367544323206e-09,100.24031829833984,0.0005856645293533802,3.2608978748321533,0.1655049590044655
4192,159.29513549804688,7.860306141083129e-06,3.783725333050825e-09,100.02306365966797,0.0005848566070199013,3.260378837585449,0.16773933300282806
4193,158.9874267578125,7.746750270598568e-06,8.208189683500677e-09,99.8064193725586,0.0005840550875291228,3.259868860244751,0.16087900003185496
4194,158.68106079101562,7.637645467184484e-06,1.0206804290646687e-09,99.58934783935547,0.0005832783645018935,3.2593679428100586,0.16010199999436736
4195,158.3767547607422,7.529313279519556e-06,1.0608346201479435e-08,99.37432861328125,0.0005824844120070338,3.258875608444214,0.15364370797760785
4196,158.07391357421875,7.413963430735748e-06,1.2450982467271388e-09,99.16035461425781,0.0005817203200422227,3.2583916187286377,0.1538067499641329
4197,157.77337646484375,7.29885960026877e-06,1.0608346201479435e-08,98.94761657714844,0.0005809481372125447,3.25791597366333,0.15385158295975998
4198,157.47442626953125,7.179544354585232e-06,1.7826096154749393e-10,98.73539733886719,0.0005802105297334492,3.257448434829712,0.15260212495923042
4199,157.17694091796875,7.056145477690734e-06,2.1991809262544848e-08,98.52533721923828,0.0005794379394501448,3.256988763809204,0.15175062499474734
4200,156.88218688964844,6.957064215384889e-06,1.6816557035781443e-09,98.31318664550781,0.0005787311820313334,3.2565367221832275,0.15044454101007432
4201,156.58792114257812,6.831237897131359e-06,3.283275873400271e-08,98.10564422607422,0.000577958591748029,3.2560923099517822,0.14926562504842877
4202,156.29550170898438,6.734373073413735e-06,2.3655957193113863e-09,97.89421844482422,0.0005772761651314795,3.255655288696289,0.14665133296512067
4203,156.00352478027344,6.625306014029775e-06,2.213346306234598e-08,97.68681335449219,0.0005765196983702481,3.255225419998169,0.18021262501133606
4204,155.71392822265625,6.53905954095535e-06,8.460574463242665e-10,97.4766845703125,0.0005758324405178428,3.2548024654388428,0.15799658303149045
4205,155.4254608154297,6.440665401896695e-06,2.1393589122453704e-09,97.26875305175781,0.0005751242279075086,3.2543864250183105,0.15679629205260426
4206,155.13937377929688,6.346620011754567e-06,1.620924194867257e-08,97.06130981445312,0.0005744177615270019,3.253977060317993,0.18193204095587134
4207,154.85494995117188,6.26967312200577e-06,1.6427748050773516e-09,96.85145568847656,0.0005737636820413172,3.2535738945007324,0.16655691695632413
4208,154.5718994140625,6.181927346915472e-06,4.0108716348186135e-08,96.6453628540039,0.0005730433622375131,3.2531769275665283,0.16216979100136086
4209,154.2902374267578,6.109228706918657e-06,1.0219082469120622e-08,96.43596649169922,0.0005724232760258019,3.252786159515381,0.16170512500684708
4210,154.00930786132812,6.0059528550482355e-06,6.030518306943122e-08,96.23284912109375,0.0005716982414014637,3.252401113510132,0.16576170799089596
4211,153.7295684814453,5.939818493061466e-06,1.9653271010611206e-08,96.02351379394531,0.0005711010890081525,3.2520217895507812,0.16383008303819224
4212,153.4521484375,5.85384350415552e-06,7.807921065250412e-08,95.8211898803711,0.000570377625990659,3.25164794921875,0.16715600003954023
4213,153.17515563964844,5.790562227048213e-06,2.7853275241795927e-08,95.61294555664062,0.0005698036984540522,3.251279592514038,0.16817808302585036
4214,152.89828491210938,5.691164915333502e-06,7.72818111727247e-08,95.41325378417969,0.0005690818070434034,3.2509164810180664,0.1610851670266129
4215,152.62144470214844,5.621138370770495e-06,1.3871840565116145e-08,95.20684051513672,0.0005685110227204859,3.250558614730835,0.147206042020116
4216,152.3468017578125,5.534143838303862e-06,3.335321707709227e-08,95.00676727294922,0.0005678328452631831,3.2502057552337646,0.14777641702676192
4217,152.0726318359375,5.464813966682414e-06,1.1004885891452432e-10,94.8030776977539,0.0005672306870110333,3.2498579025268555,0.14791845896979794
4218,151.80084228515625,5.388723820942687e-06,4.0108716348186135e-10,94.60137176513672,0.0005666056531481445,3.2495148181915283,0.14889449998736382
4219,151.53187561035156,5.313716883392772e-06,3.511763679853175e-08,94.4005126953125,0.0005659648450091481,3.249176502227783,0.1523625410045497
4220,151.2646484375,5.257806151348632e-06,2.019169187406078e-08,94.19610595703125,0.0005654073902405798,3.24884295463562,0.1548118750215508
4221,150.99977111816406,5.178292212804081e-06,1.042119492922211e-07,93.99884033203125,0.0005647268262691796,3.248513698577881,0.15894441702403128
4222,150.7338104248047,5.1306587920407765e-06,5.6616272559040226e-08,93.79383087158203,0.0005642125033773482,3.2481889724731445,0.16570079198572785
4223,150.46849060058594,5.041938493377529e-06,1.351602350041503e-07,93.59881591796875,0.0005635196575894952,3.247868537902832,0.16181770898401737
4224,150.202880859375,5.000801138521638e-06,6.36284767097095e-08,93.39376831054688,0.000563026696909219,3.2475521564483643,0.16578133404254913
4225,149.93824768066406,4.914537385047879e-06,1.3064072845736519e-07,93.19937133789062,0.0005623435718007386,3.247239828109741,0.16036662500118837
4226,149.67437744140625,4.8884089665079955e-06,5.1085407903883606e-08,92.99478149414062,0.0005618565483018756,3.246931552886963,0.17034924996551126
4227,149.40972900390625,4.800773240276612e-06,9.342352313979063e-08,92.8013916015625,0.0005611891392618418,3.24662709236145,0.163688791973982
4228,149.14645385742188,4.761413947562687e-06,2.0056404537172057e-08,92.59959411621094,0.000560687156394124,3.246326446533203,0.16046620800625533
4229,148.88351440429688,4.69428050564602e-06,3.6927531255059876e-08,92.40409851074219,0.000560062937438488,3.2460293769836426,0.16633537504822016
4230,148.62258911132812,4.635320237866836e-06,1.0027179087046534e-10,92.20650482177734,0.0005595253896899521,3.2457358837127686,0.15305262501351535
4231,148.3637237548828,4.582600013236515e-06,4.5204160414868966e-09,92.01002502441406,0.0005589498905465007,3.245445966720581,0.14854112500324845
4232,148.1065216064453,4.528405497694621e-06,9.648829291108996e-09,91.81432342529297,0.0005583839956671,3.245159387588501,0.14801316696684808
4233,147.8501434326172,4.474785328056896e-06,7.648850441910326e-10,91.61792755126953,0.0005578466225415468,3.2448761463165283,0.14389916701475158
4234,147.59490966796875,4.415971488924697e-06,2.7853275241795927e-08,91.42417907714844,0.0005572634399868548,3.244596242904663,0.15321979101281613
4235,147.34071350097656,4.376479864731664e-06,6.726622814312577e-09,91.22669219970703,0.0005567569751292467,3.244319438934326,0.16252612503012642
4236,147.08761596679688,4.316336344345473e-06,4.93755578645505e-08,91.03477478027344,0.0005561626749113202,3.2440459728240967,0.16133141599129885
4237,146.83506774902344,4.27482882514596e-06,1.9254230210208334e-08,90.83796691894531,0.0005556769319809973,3.2437756061553955,0.16158812498906627
4238,146.58363342285156,4.2134324758080766e-06,7.941730473248754e-08,90.6469497680664,0.0005550739588215947,3.2435081005096436,0.16274095798144117
4239,146.3341827392578,4.182413249509409e-06,4.223716132401023e-08,90.45013427734375,0.0005546158063225448,3.243243455886841,0.16977070801658556
4240,146.08551025390625,4.11539667766192e-06,1.258595148101449e-07,90.26239013671875,0.0005539899575524032,3.2429819107055664,0.16420141700655222
4241,145.8384246826172,4.0948666537588e-06,8.627830538898706e-08,90.0638198852539,0.0005535649252124131,3.242722988128662,0.16150212503271177
4242,145.59384155273438,4.018992967758095e-06,2.0737047634611372e-07,89.87875366210938,0.0005529245245270431,3.242466926574707,0.15785100002540275
4243,145.34954833984375,4.002758487331448e-06,1.6005310499167535e-07,89.67942810058594,0.0005525383166968822,3.242213487625122,0.16302712500328198
4244,145.10800170898438,3.932000709028216e-06,3.2741809263825417e-07,89.49578094482422,0.0005518628167919815,3.2419626712799072,0.1587500000023283
4245,144.87010192871094,3.925384589820169e-06,2.9861348593840376e-07,89.29529571533203,0.0005515240482054651,3.2417144775390625,0.15013695799279958
4246,144.63623046875,3.846427716780454e-06,5.5688929023745e-07,89.11488342285156,0.0005508102476596832,3.241468906402588,0.1483963750069961
4247,144.40689086914062,3.856019702652702e-06,5.554668405238772e-07,88.91206359863281,0.0005505368462763727,3.241225481033325,0.14702375000342727
4248,144.18653869628906,3.7525537663896102e-06,9.884445262287045e-07,88.73634338378906,0.0005497609963640571,3.2409846782684326,0.1477785420138389
4249,143.98211669921875,3.7898250866419403e-06,1.1582526440179208e-06,88.52886962890625,0.0005495844525285065,3.240746021270752,0.1567455839831382
4250,143.80267333984375,3.652545274235308e-06,2.055923914667801e-06,88.36237335205078,0.0005486945156008005,3.2405097484588623,0.15437929198378697
4251,143.65977478027344,3.7175350371398963e-06,2.7267490168014774e-06,88.14781951904297,0.0005486752488650382,3.2402756214141846,0.15766595804598182
4252,143.57284545898438,3.5422110613581026e-06,4.672094291890971e-06,87.99275970458984,0.0005475865909829736,3.240044116973877,0.16800312499981374
4253,143.57394409179688,3.679021119751269e-06,6.59098441246897e-06,87.7641372680664,0.0005478280363604426,3.239814519882202,0.15586137503851205
4254,143.72018432617188,3.4348945519013796e-06,1.10650435090065e-05,87.62747192382812,0.0005464272107928991,3.2395873069763184,0.169812791980803
4255,144.090087890625,3.6653148072218755e-06,1.6377536667278036e-05,87.3773193359375,0.0005470848991535604,3.2393617630004883,0.17324820900103077
4256,144.83924865722656,3.308597115392331e-06,2.720792508625891e-05,87.27067565917969,0.0005451691686175764,3.2391388416290283,0.15857804100960493
4257,146.23936462402344,3.6977946820115903e-06,4.233380241203122e-05,86.98590087890625,0.0005465031135827303,3.238917112350464,0.1702683750190772
4258,148.73907470703125,3.1414149361808086e-06,7.120170630514622e-05,86.93167114257812,0.0005437309737317264,3.2386980056762695,0.15707591595128179
4259,153.09848022460938,3.8009725358278956e-06,0.00011508745956234634,86.58800506591797,0.0005462162662297487,3.2384796142578125,0.15620904200477526
4260,160.63343811035156,2.901711695812992e-06,0.00019519802299328148,86.62679290771484,0.0005419667577371001,3.238264322280884,0.15556733298581094
4261,173.72494506835938,4.050120878673624e-06,0.0003248977882321924,86.18534851074219,0.0005464480491355062,3.238048791885376,0.15107316698413342
4262,196.59732055664062,2.5853260012809187e-06,0.000559826847165823,86.3907470703125,0.0005396537017077208,3.2378368377685547,0.15329033398302272
4263,236.76683044433594,4.623265340342186e-06,0.0009573755669407547,85.79942321777344,0.0005476753576658666,3.2376227378845215,0.155245375004597
4264,308.01861572265625,2.150834234271315e-06,0.0016783722676336765,86.32499694824219,0.0005364130483940244,3.237413167953491,0.15352945803897455
4265,435.01947021484375,6.011212917655939e-06,0.0029379171319305897,85.53575897216797,0.0005509084439836442,3.2371973991394043,0.16359208396170288
4266,663.01416015625,1.6554060948692495e-06,0.005229766480624676,86.69741821289062,0.0005317454924806952,3.2369866371154785,0.17953224998200312
4267,1073.429931640625,9.77464242168935e-06,0.009307634085416794,85.84258270263672,0.0005584641476161778,3.236760139465332,0.16608200001064688
4268,1813.28662109375,1.3978751667309552e-06,0.016723453998565674,88.26005554199219,0.0005254136049188673,3.2365355491638184,0.15544983302243054
4269,3132.0283203125,2.2394200641429052e-05,0.029836630448698997,88.50203704833984,0.0005762384971603751,3.2362706661224365,0.15990879101445898
4270,5437.3203125,2.9338848435145337e-06,0.052922602742910385,92.81210327148438,0.0005195481353439391,3.2359888553619385,0.15929583401884884
4271,9249.3134765625,7.595804345328361e-05,0.09079666435718536,100.02058410644531,0.0006203157245181501,3.235602617263794,0.1637948749703355
4272,14984.1240234375,2.566292096162215e-05,0.14826005697250366,102.68631744384766,0.0005286535597406328,3.235121726989746,0.16383420897182077
4273,21804.677734375,0.0003303005069028586,0.21562334895133972,136.34466552734375,0.000729704333934933,3.2343764305114746,0.16317579097812995
4274,26580.7890625,0.0002904149005189538,0.2637113630771637,117.91299438476562,0.0006269903387874365,3.2333014011383057,0.15863074996741489
4275,23229.244140625,0.0012251478619873524,0.22823943197727203,189.28892517089844,0.0009349554893560708,3.2316834926605225,0.1596412499784492
4276,11707.3798828125,0.0015506071504205465,0.11297609657049179,159.58009338378906,0.0009512956603430212,3.229396343231201,0.15009749995078892
4277,1440.0479736328125,0.0022706682793796062,0.00916246511042118,187.0930633544922,0.0010964154498651624,3.2264444828033447,0.1460826660040766
4278,2881.406005859375,0.0022618663497269154,0.023604746907949448,182.97560119628906,0.001117692794650793,3.222982406616211,0.29125758400186896
4279,10246.99609375,0.0015712027670815587,0.0980951339006424,179.810546875,0.0010055217426270247,3.219259023666382,0.15357170801144093
4280,10279.384765625,0.0010796725982800126,0.09898395836353302,165.13795471191406,0.0010788498912006617,3.2156636714935303,0.15307891700649634
4281,3233.63232421875,0.00048735024756751955,0.0291950311511755,170.6529083251953,0.0009474123362451792,3.2124507427215576,0.15537799999583513
4282,473.0419006347656,0.00016057220636866987,0.0017589414492249489,180.77310180664062,0.0010031741112470627,3.209920644760132,0.16954320902004838
4283,4837.94775390625,2.3741264158161357e-05,0.045153453946113586,203.5556182861328,0.0011667264625430107,3.2083165645599365,0.16005454200785607
4284,7152.15478515625,1.1672733535306179e-07,0.0684061348438263,214.09906005859375,0.0009743047412484884,3.207641839981079,0.16052783298073336
4285,3194.2451171875,1.7101287141940702e-07,0.028642822057008743,209.45013427734375,0.0012049550423398614,3.207923650741577,0.16364949999842793
4286,303.72344970703125,7.213122444227338e-06,4.6106288209557533e-07,194.0927276611328,0.0010886328527703881,3.208977699279785,0.1633163329679519
4287,2641.4169921875,5.4036048823036253e-05,0.02355656586587429,182.23252868652344,0.0009812451899051666,3.2105929851531982,0.16269954101881012
4288,4476.8515625,0.0001454432785976678,0.041835349053144455,161.68267822265625,0.001170898089185357,3.212674140930176,0.1792477499693632
4289,2160.44873046875,0.00035798235330730677,0.01875896379351616,150.63941955566406,0.0009811482159420848,3.2149405479431152,0.16459237498929724
4290,307.18682861328125,0.0005328456172719598,2.0950392354279757e-05,144.0094451904297,0.001077977940440178,3.2173001766204834,0.15802887501195073
4291,1977.291748046875,0.0006464617908932269,0.016473054885864258,146.3174285888672,0.0011902271071448922,3.2197158336639404,0.14466666599037126
4292,3011.313232421875,0.0007914005545899272,0.026826301589608192,142.78378295898438,0.0010675922967493534,3.2220585346221924,0.14601166703505442
4293,1228.87109375,0.0006958447629585862,0.008965173736214638,140.48330688476562,0.0012228585546836257,3.224433183670044,0.14655412500724196
4294,377.66864013671875,0.0006118661258369684,0.0006048564682714641,136.44967651367188,0.0011954670771956444,3.226865530014038,0.1511079160263762
4295,1677.4091796875,0.0004854835569858551,0.013767801225185394,139.0890350341797,0.0011299171019345522,3.2293906211853027,0.16139562497846782
4296,1944.4383544921875,0.0002747062244452536,0.01642571948468685,144.32472229003906,0.0013007114175707102,3.2321858406066895,0.16201329202158377
4297,664.3831787109375,0.00018386058218311518,0.003728550625964999,152.30902099609375,0.0012083303881809115,3.2352616786956787,0.19359954103128985
4298,437.57049560546875,0.00010115708573721349,0.0014065289869904518,161.71356201171875,0.0012508833315223455,3.238678455352783,0.16546170797664672
4299,1363.3857421875,5.090530248708092e-05,0.010488263331353664,172.60647583007812,0.0013686241582036018,3.242494583129883,0.1656606660108082
4300,1308.2628173828125,5.653008338413201e-05,0.010081015527248383,170.70706176757812,0.0012380109401419759,3.2466061115264893,0.16849725000793114
4301,437.96685791015625,6.158961332403123e-05,0.001295228605158627,170.21453857421875,0.001320705167017877,3.2509822845458984,0.16091383300954476
4302,485.377685546875,9.718510409584269e-05,0.0018135140417143703,163.66465759277344,0.0013064311351627111,3.2555229663848877,0.16413629095768556
4303,1073.7574462890625,0.00017093987844418734,0.007825672626495361,153.92987060546875,0.001201663282699883,3.2600784301757812,0.16396608296781778
4304,849.8017578125,0.00022366581833921373,0.0055199661292135715,147.74400329589844,0.001276944880373776,3.26460337638855,0.16542712500086054
4305,319.4190979003906,0.00031170796137303114,0.000291346077574417,139.1684112548828,0.0011994527885690331,3.268986225128174,0.16083504201378673
4306,496.611328125,0.0003697221400216222,0.002094428287819028,133.72825622558594,0.001164679997600615,3.2731683254241943,0.14913325000088662
4307,828.9646606445312,0.00036728044506162405,0.005380075424909592,132.79774475097656,0.0012143133208155632,3.2771670818328857,0.1462037080200389
4308,574.55126953125,0.0003795861266553402,0.002954844618216157,128.49807739257812,0.001126101124100387,3.28094220161438,0.14642491698032245
4309,276.9552307128906,0.0003299193049315363,1.0215946531388909e-05,128.83680725097656,0.0011410488514229655,3.2845351696014404,0.1459111660369672
4310,466.5306701660156,0.0002660503378137946,0.001942228409461677,130.7040252685547,0.001149987569078803,3.287994623184204,0.15405929199187085
4311,636.8935546875,0.00021844267030246556,0.003735949983820319,133.3943328857422,0.001080599264241755,3.2913293838500977,0.1565041669528
4312,419.649169921875,0.00015310957678593695,0.0015469243517145514,136.95680236816406,0.0011268897214904428,3.294609308242798,0.15746445796685293
4313,261.95635986328125,0.00011597156844800338,6.9306770456023514e-06,139.97116088867188,0.0010969499126076698,3.297851324081421,0.16531562496675178
4314,415.02532958984375,9.352540655527264e-05,0.0015768498415127397,141.7344207763672,0.0010625338181853294,3.301055669784546,0.16536337498109788
4315,503.1695861816406,7.713241211604327e-05,0.002438649768009782,141.78857421875,0.001098028034903109,3.304241895675659,0.1636406250181608
4316,346.1155700683594,8.478220843244344e-05,0.000948426139075309,139.27862548828125,0.0010351610835641623,3.3073606491088867,0.1709576669964008
4317,250.23927307128906,9.717688226373866e-05,1.8429547708365135e-05,135.83807373046875,0.001028405618853867,3.310380697250366,0.16507829196052626
4318,353.13604736328125,0.0001165911671705544,0.0010690445778891444,131.9948272705078,0.0010257763788104057,3.3132684230804443,0.15845379198435694
4319,405.4461669921875,0.0001475281169405207,0.0016590494196861982,127.98631286621094,0.0009680213406682014,3.315962076187134,0.16212145803729072
4320,299.3941650390625,0.00016618234803900123,0.0006007822812534869,124.61457061767578,0.00098083121702075,3.318448543548584,0.15589295898098499
4321,236.55934143066406,0.0001827034429879859,8.893156518752221e-06,121.98890686035156,0.0009541077888570726,3.3207039833068848,0.15097445802530274
4322,303.3946838378906,0.00018801700207404792,0.0007168943993747234,120.22230529785156,0.0009268124122172594,3.3227171897888184,0.15017937502125278
4323,339.5533142089844,0.00017566658789291978,0.0010829026577994227,119.53687286376953,0.00094159523723647,3.3245131969451904,0.14990566699998453
4324,271.392578125,0.00016332714585587382,0.00045628694351762533,118.7703628540039,0.0009066080092452466,3.326094388961792,0.15137579099973664
4325,223.6697998046875,0.00014196363918017596,1.4324768926599063e-06,118.7878646850586,0.0009054232505150139,3.3274879455566406,0.16479254100704566
4326,262.62713623046875,0.00011974784865742549,0.000409805157687515,119.12700653076172,0.0009054484544321895,3.3287220001220703,0.15450804098509252
4327,293.03631591796875,0.00010258888505632058,0.0007563370745629072,119.49198150634766,0.0008765171514824033,3.329806327819824,0.1566343330196105
4328,253.711669921875,8.535615052096546e-05,0.00036828636075370014,119.62068939208984,0.000887267233338207,3.3307693004608154,0.18490433401893824
4329,214.42440795898438,7.491128781111911e-05,6.503138138214126e-06,119.3866958618164,0.0008689627866260707,3.3316168785095215,0.16694670799188316
4330,231.6412353515625,6.863704038551077e-05,0.00020668779325205833,118.67958068847656,0.000854291720315814,3.3323512077331543,0.1606431669788435
4331,257.6969909667969,6.556322477990761e-05,0.0004770522646140307,117.61432647705078,0.0008582110749557614,3.3329787254333496,0.16380495799239725
4332,240.2362060546875,6.823369767516851e-05,0.0003426150942686945,116.04692840576172,0.0008310439880006015,3.333482503890991,0.1662958330125548
4333,208.07504272460938,7.22030526958406e-05,3.436022234382108e-05,114.5042724609375,0.0008291443809866905,3.333857774734497,0.16313137504039332
4334,208.64710998535156,7.774294499540702e-05,5.979725028737448e-05,113.01901245117188,0.0008187407511286438,3.334094524383545,0.16588354198029265
4335,228.61602783203125,8.310678094858304e-05,0.00028622488025575876,111.75949096679688,0.0007992336177267134,3.3341805934906006,0.16347700002370402
4336,227.12911987304688,8.494254143442959e-05,0.00027732443413697183,110.75648498535156,0.0008014594204723835,3.3341212272644043,0.15798533300403506
4337,205.30789184570312,8.467906445730478e-05,8.533632353646681e-05,110.00208282470703,0.0007830426911823452,3.3339147567749023,0.14500987500650808
4338,195.7353515625,8.063889981713146e-05,5.037656592321582e-06,109.48208618164062,0.0007768561481498182,3.3335723876953125,0.14486629102611914
4339,206.03042602539062,7.417846791213378e-05,0.0001212028437294066,109.16806030273438,0.0007732422673143446,3.3331093788146973,0.14621850004186854
4340,212.50436401367188,6.712356116622686e-05,0.0002116947143804282,108.93084716796875,0.0007569168810732663,3.3325352668762207,0.15271658304845914
4341,202.07449340820312,5.978434637654573e-05,0.00011569187336135656,108.73622131347656,0.0007579064695164561,3.331869125366211,0.16232237499207258
4342,189.52096557617188,5.36144980287645e-05,1.0091353942698333e-05,108.53363037109375,0.0007461675559170544,3.331120729446411,0.16327762504806742
4343,190.07301330566406,4.8712940042605624e-05,3.081735485466197e-05,108.27066802978516,0.0007384931668639183,3.3302993774414062,0.15947112499270588
4344,197.20584106445312,4.5284345105756074e-05,0.00011158486449858174,107.8367691040039,0.0007368216174654663,3.3294148445129395,0.16892687499057502
4345,196.44461059570312,4.3447071220725775e-05,0.00012408607290126383,107.3560791015625,0.0007233522483147681,3.3284668922424316,0.16440012503881007
4346,187.44424438476562,4.3126288801431656e-05,4.2950327042490244e-05,106.6190185546875,0.0007221756968647242,3.3274593353271484,0.15887712500989437
4347,181.6221160888672,4.3971962440991774e-05,4.645335138775408e-08,105.85726928710938,0.0007136300555430353,3.3263893127441406,0.15840691601624712
4348,183.87521362304688,4.5635584683623165e-05,3.6892888601869345e-05,105.05693054199219,0.000705654383637011,3.3252532482147217,0.16725616599433124
4349,187.21099853515625,4.7674351662863046e-05,7.802910113241524e-05,104.24427032470703,0.0007039637421257794,3.3240511417388916,0.15910445799818262
4350,184.68052673339844,4.909975905320607e-05,6.883965397719294e-05,103.54816436767578,0.000693384266924113,3.322779417037964,0.16427966702030972
4351,178.7006378173828,4.975094270776026e-05,1.6785284969955683e-05,102.89836120605469,0.0006914865225553513,3.321441650390625,0.168033333029598
4352,175.91891479492188,4.889281990472227e-05,6.805066732340492e-07,102.40426635742188,0.0006855732062831521,3.320042133331299,0.14735012501478195
4353,177.51507568359375,4.667057146434672e-05,2.8951184503966942e-05,102.03160095214844,0.0006792128551751375,3.318587064743042,0.14749858295544982
4354,178.7882080078125,4.369021189631894e-05,4.9093076086137444e-05,101.69959259033203,0.0006781028932891786,3.3170876502990723,0.14784995903028175
4355,176.4920196533203,4.000872286269441e-05,3.976178413722664e-05,101.47642517089844,0.0006703854305669665,3.315551280975342,0.14918258303077891
4356,172.62234497070312,3.675182961160317e-05,8.613829777459614e-06,101.2073974609375,0.0006687837303616107,3.31398868560791,0.1512894579791464
4357,170.8175048828125,3.3775755582610145e-05,5.343483735487098e-07,100.95476531982422,0.0006643173401243985,3.3124070167541504,0.15200133400503546
4358,171.505859375,3.142518107779324e-05,1.759581391524989e-05,100.67608642578125,0.0006592767313122749,3.310811758041382,0.16276300000026822
4359,172.04388427734375,2.988089545397088e-05,2.9539114621002227e-05,100.2987060546875,0.0006580317276529968,3.309208393096924,0.16026162501657382
4360,170.552978515625,2.8675391149590723e-05,2.5557346816640347e-05,99.94692993164062,0.0006518277223221958,3.3075978755950928,0.16354358295211568
4361,167.99966430664062,2.825625597324688e-05,6.743656740582082e-06,99.47526550292969,0.000650244124699384,3.3059825897216797,0.15857862500706688
4362,166.45166015625,2.8032380214426666e-05,1.1307065506116487e-08,99.02029418945312,0.0006462698802351952,3.3043625354766846,0.16322591697098687
4363,166.4318084716797,2.8019758246955462e-05,8.396893463213928e-06,98.55870056152344,0.0006423144368454814,3.30273699760437,0.16930783295538276
4364,166.64877319335938,2.824105104082264e-05,1.6664380382280797e-05,98.0697021484375,0.000640885264147073,3.301107168197632,0.16334754100535065
4365,165.84197998046875,2.806900010909885e-05,1.782457547960803e-05,97.6556396484375,0.0006359698600135744,3.2994723320007324,0.16580120800063014
4366,164.16664123535156,2.79340056295041e-05,6.808200851082802e-06,97.21820831298828,0.0006347421440295875,3.2978343963623047,0.17099966702517122
4367,162.75714111328125,2.7232803404331207e-05,4.7082744458748493e-07,96.85851287841797,0.0006312826299108565,3.2961955070495605,0.15006883296882734
4368,162.26885986328125,2.6170871933572926e-05,2.6734689981822157e-06,96.5351333618164,0.0006284927949309349,3.294558525085449,0.14800133398966864
4369,162.23699951171875,2.4977307475637645e-05,8.147298103722278e-06,96.22179412841797,0.0006270274170674384,3.2929279804229736,0.14668916701339185
4370,161.83270263671875,2.342633524676785e-05,1.1941439879592508e-05,95.97472381591797,0.0006232120213098824,3.291307210922241,0.15063620900036767
4371,160.8059539794922,2.2182590328156948e-05,6.803225005569402e-06,95.6883316040039,0.0006221904186531901,3.289700508117676,0.15707125002518296
4372,159.63372802734375,2.0910034436383285e-05,2.0751124338858062e-06,95.43849182128906,0.0006189671694301069,3.2881104946136475,0.3196399169974029
4373,158.86041259765625,2.000213680730667e-05,1.348098521702923e-07,95.15779876708984,0.000616889214143157,3.2865395545959473,0.1650183749734424
4374,158.53811645507812,1.940001493494492e-05,2.413472429907415e-06,94.85623168945312,0.0006150052649900317,3.2849888801574707,0.16080770798726007
4375,158.28329467773438,1.888575752673205e-05,6.389336704160087e-06,94.56975555419922,0.0006118603050708771,3.2834582328796387,0.1629100000136532
4376,157.72666931152344,1.8759046724881046e-05,5.541998689295724e-06,94.2324447631836,0.0006106412038207054,3.2819480895996094,0.15981958399061114
4377,156.8953094482422,1.8521779566071928e-05,3.5386221952649066e-06,93.93521118164062,0.0006075405399315059,3.2804574966430664,0.16216116701252759
4378,156.09019470214844,1.851049455581233e-05,4.064461336383829e-07,93.6089859008789,0.0006058951839804649,3.2789862155914307,0.16693933395436034
4379,155.52740478515625,1.8393742720945738e-05,9.844461601460353e-08,93.3067398071289,0.0006037144339643419,3.277533531188965,0.16174537496408448
4380,155.17271423339844,1.8183704014518298e-05,2.0002416931674816e-06,93.02391052246094,0.0006013040547259152,3.276099443435669,0.15892770799109712
4381,154.82244873046875,1.798498306015972e-05,2.9516761514969403e-06,92.73457336425781,0.0005999421700835228,3.274684429168701,0.1498829589691013
4382,154.32012939453125,1.747052556311246e-05,3.4814477203326533e-06,92.4947280883789,0.0005973021034151316,3.2732889652252197,0.15015337499789894
4383,153.69117736816406,1.6992022210615687e-05,1.4866257060930366e-06,92.23843383789062,0.0005960487760603428,3.271914482116699,0.14597304200287908
4384,153.08018493652344,1.626724588277284e-05,4.336382062319899e-07,92.02046966552734,0.0005938962567597628,3.270562171936035,0.15064833301585168
4385,152.5875701904297,1.555591734359041e-05,9.488667274126783e-08,91.79776000976562,0.0005922473501414061,3.2692339420318604,0.18617999996058643
4386,152.2095184326172,1.4889454178046435e-05,6.718803433614084e-07,91.57245635986328,0.0005908092716708779,3.2679309844970703,0.15751241700490937
4387,151.85850524902344,1.42299359140452e-05,1.9867766241077334e-06,91.3573989868164,0.0005887942970730364,3.2666542530059814,0.15987745800521225
4388,151.446044921875,1.3822332221025135e-05,1.7864315395854646e-06,91.10702514648438,0.000587781541980803,3.265404224395752,0.16085975000169128
4389,150.95974731445312,1.3404497622104827e-05,1.6575540939811617e-06,90.8736801147461,0.0005857986398041248,3.2641804218292236,0.17387187504209578
4390,150.44906616210938,1.3233086974651087e-05,4.675612217397429e-07,90.60610961914062,0.0005847288994118571,3.2629826068878174,0.17472787504084408
4391,149.9776611328125,1.3035651136306114e-05,7.33562046661973e-08,90.35095977783203,0.0005831580492667854,3.2618095874786377,0.1660238750046119
4392,149.57952880859375,1.2909418728668243e-05,2.0998436411900911e-07,90.0895767211914,0.00058178004110232,3.2606606483459473,0.1634781250031665
4393,149.23138427734375,1.2823044016840868e-05,5.661795512423851e-07,89.82366180419922,0.0005806880071759224,3.2595348358154297,0.16447174997301772
4394,148.88197326660156,1.2617266293091234e-05,1.3337930795387365e-06,89.5805892944336,0.0005790628492832184,3.2584314346313477,0.16001512500224635
4395,148.49456787109375,1.2487183994380757e-05,1.0170936093345517e-06,89.323486328125,0.0005782066145911813,3.257350206375122,0.16263066697865725
4396,148.07183837890625,1.2184891602373682e-05,9.360612693853909e-07,89.09707641601562,0.000576626742258668,3.2562906742095947,0.15555287495953962
4397,147.64418029785156,1.1924968021048699e-05,2.2239896679820959e-07,88.8611831665039,0.0005756825557909906,3.2552530765533447,0.14514941698871553
4398,147.24305725097656,1.1591824659262784e-05,4.462185643205885e-08,88.64191436767578,0.0005743749788962305,3.254237413406372,0.1451086670276709
4399,146.87957763671875,1.1237811122555286e-05,1.1173165148647968e-07,88.42621612548828,0.0005731841083616018,3.2532436847686768,0.14694983302615583
4400,146.54327392578125,1.0890074008784723e-05,2.4924906938394997e-07,88.2109375,0.0005721841007471085,3.252272605895996,0.14826441701734439
4401,146.21131896972656,1.048363083100412e-05,7.003166047070408e-07,88.01061248779297,0.0005708230892196298,3.251323938369751,0.15604166698176414
4402,145.8667755126953,1.0197665687883273e-05,5.59026375412941e-07,87.7929458618164,0.0005699816392734647,3.2503981590270996,0.1550199159537442
4403,145.505126953125,9.871784641291015e-06,6.617565304622985e-07,87.5904312133789,0.0005686133517883718,3.249494791030884,0.16814183304086328
4404,145.1356658935547,9.682430572865997e-06,2.2465337679022923e-07,87.36876678466797,0.0005677618901245296,3.2486135959625244,0.16304641700116917
4405,144.7737274169922,9.493808647675905e-06,1.258595148101449e-07,87.15554809570312,0.0005665621138177812,3.247753620147705,0.15866604197071865
4406,144.4290771484375,9.368240171170328e-06,3.2741809263825417e-09,86.93379974365234,0.0005655811983160675,3.2469141483306885,0.16194433299824595
4407,144.10299682617188,9.27325072552776e-06,3.3877768146339804e-08,86.7118911743164,0.0005646038916893303,3.246094226837158,0.1617799590458162
4408,143.79013061523438,9.140862857748289e-06,2.9497664399968926e-07,86.49738311767578,0.0005634916014969349,3.245293140411377,0.15990304201841354
4409,143.4788055419922,9.042375495482702e-06,2.826766376529122e-07,86.27615356445312,0.0005627014907076955,3.2445101737976074,0.16435233398806304
4410,143.15994262695312,8.86544967215741e-06,4.780531526193954e-07,86.0703353881836,0.0005615526461042464,3.2437448501586914,0.16724766697734594
4411,142.83502197265625,8.73460612638155e-06,2.511571892682696e-07,85.8550033569336,0.0005608144565485418,3.2429966926574707,0.15961904200958088
4412,142.5084228515625,8.516840352967847e-06,2.7312489692121744e-07,85.65574645996094,0.0005597367417067289,3.242265462875366,0.14946270798100159
4413,142.18453979492188,8.341714419657364e-06,5.526294444280211e-08,85.44850158691406,0.0005589634529314935,3.241550922393799,0.14841420896118507
4414,141.86749267578125,8.122137842292432e-06,3.511763679853175e-08,85.25025939941406,0.0005580150755122304,3.2408528327941895,0.1454230000381358
4415,141.55966186523438,7.927291335363407e-06,1.560783857712522e-08,85.04928588867188,0.0005571609362959862,3.240170955657959,0.14736449997872114
4416,141.2614288330078,7.742106390651315e-06,2.5822600946412422e-08,84.847900390625,0.000556367333047092,3.2395052909851074,0.15175254101632163
4417,140.96701049804688,7.549279871454928e-06,1.638911726331571e-07,84.65095520019531,0.0005554474191740155,3.2388553619384766,0.15501529100583866
4418,140.67333984375,7.411042133753654e-06,1.1494216778373811e-07,84.44585418701172,0.0005547488108277321,3.2382209300994873,0.15981145802652463
4419,140.37994384765625,7.254803676914889e-06,2.3424604478350375e-07,84.24895477294922,0.0005538208060897887,3.2376015186309814,0.1678473749780096
4420,140.08395385742188,7.158478183555417e-06,1.1046017789340112e-07,84.04153442382812,0.0005531553761102259,3.2369964122772217,0.16535970801487565
4421,139.78831481933594,7.028938853181899e-06,1.5438126865774393e-07,83.84295654296875,0.0005522703286260366,3.236405372619629,0.16635087499162182
4422,139.4952392578125,6.963354280742351e-06,3.440641194174532e-08,83.63609313964844,0.0005515937809832394,3.2358274459838867,0.16081883403239772
4423,139.2057342529297,6.8568106144084595e-06,4.832168087887112e-08,83.43762969970703,0.0005507759051397443,3.235262155532837,0.1650511670159176
4424,138.91921997070312,6.762863904441474e-06,8.208189683500677e-11,83.23625183105469,0.0005500667029991746,3.2347090244293213,0.1621879170415923
4425,138.63624572753906,6.636663783865515e-06,2.3194388631964102e-09,83.04019165039062,0.0005493215867318213,3.2341678142547607,0.16744254203513265
4426,138.35743713378906,6.526262495754054e-06,2.0056404537172057e-08,82.8447036743164,0.0005485810106620193,3.233638048171997,0.16381512500811368
4427,138.08091735839844,6.414673407562077e-06,5.115907697472721e-09,82.6493911743164,0.0005478954990394413,3.233119487762451,0.15854720794595778
4428,137.80593872070312,6.27833242106135e-06,5.3925987231195904e-08,82.4588394165039,0.0005471387994475663,3.232611894607544,0.14884683303534985
4429,137.532470703125,6.1523232943727635e-06,2.1012965589761734e-08,82.26606750488281,0.0005464906571432948,3.2321150302886963,0.14758070796960965
4430,137.261474609375,6.024372396495892e-06,7.888070285844151e-08,82.07757568359375,0.0005457357037812471,3.231628894805908,0.14563425001688302
4431,136.99099731445312,5.910510935791535e-06,2.849355951184407e-08,81.88484954833984,0.0005451223696582019,3.2311530113220215,0.15228391700657085
4432,136.72186279296875,5.787120244349353e-06,7.941730473248754e-08,81.69752502441406,0.0005443768459372222,3.230687141418457,0.15675458300393075
4433,136.45425415039062,5.693440471077338e-06,2.3721668185316958e-08,81.50457763671875,0.0005437796353362501,3.230231285095215,0.15280970797175542
4434,136.18814086914062,5.589809916273225e-06,6.704090083076153e-08,81.31584930419922,0.0005430661840364337,3.2297847270965576,0.166783457971178
4435,135.92335510253906,5.51649054614245e-06,1.8468426787876524e-08,81.12208557128906,0.0005424777045845985,3.2293472290039062,0.1674314170377329
4436,135.66064453125,5.427257747214753e-06,5.5712234825477935e-08,80.93350219726562,0.0005417885258793831,3.2289185523986816,0.16275287501048297
4437,135.3987579345703,5.361638613976538e-06,1.2343889466137625e-08,80.74068450927734,0.0005412067985162139,3.2284982204437256,0.16792633302975446
4438,135.13876342773438,5.2796967793256044e-06,4.686535248765722e-08,80.5524673461914,0.0005405363626778126,3.228085994720459,0.2744937500101514
4439,134.88021850585938,5.216884346737061e-06,1.0027179087046534e-08,80.36122131347656,0.0005399631336331367,3.2276813983917236,0.26435650000348687
4440,134.6229705810547,5.129578767082421e-06,4.165121936239302e-08,80.17524719238281,0.0005393060273490846,3.2272841930389404,0.18113012501271442
4441,134.36727905273438,5.05345542478608e-06,6.265509000513703e-09,79.9870834350586,0.0005387422279454768,3.2268941402435303,0.15820499998517334
4442,134.11253356933594,4.974710009264527e-06,2.416436473140493e-08,79.8018798828125,0.0005381077062338591,3.226511240005493,0.15962275001220405
4443,133.85861206054688,4.895264282822609e-06,8.208189683500677e-11,79.61615753173828,0.0005375291802920401,3.226135015487671,0.14874754199991003
4444,133.60662841796875,4.809658094018232e-06,1.2450982467271388e-09,79.43228149414062,0.0005369326681829989,3.2257654666900635,0.14589562499895692
4445,133.35757446289062,4.732584329758538e-06,1.872854227258358e-08,79.24947357177734,0.0005363296368159354,3.225402593612671,0.14647416694788262
4446,133.10934448242188,4.654589247365948e-06,8.122015060507692e-09,79.06550598144531,0.0005357757327146828,3.225045919418335,0.15817287500249222
4447,132.86331176757812,4.579283086059149e-06,6.630216375924647e-08,78.88351440429688,0.0005351523868739605,3.2246954441070557,0.16004904196597636
4448,132.6201171875,4.5350034270086326e-06,4.502567207964603e-08,78.69718933105469,0.0005346493562683463,3.224350929260254,0.15589270798955113
4449,132.37803649902344,4.447089395398507e-06,1.451555817766348e-07,78.51895904541016,0.0005339985364116728,3.2240121364593506,0.15793454099912196
4450,132.13815307617188,4.4079588406020775e-06,1.181981588160852e-07,78.33174133300781,0.0005335379391908646,3.2236788272857666,0.1673553339787759
4451,131.90017700195312,4.317822913435521e-06,2.642273102537729e-07,78.15560150146484,0.0005328637780621648,3.223351001739502,0.17152979195816442
4452,131.6634521484375,4.292593075660989e-06,2.1836967789568007e-07,77.96772003173828,0.0005324463709257543,3.2230284214019775,0.16001508297631517
4453,131.42837524414062,4.2100073187612e-06,3.9318024391832296e-07,77.79306030273438,0.0005317500326782465,3.222710609436035,0.16364024998620152
4454,131.1939239501953,4.176320999249583e-06,3.2851039577508345e-07,77.60587310791016,0.0005313756410032511,3.222397804260254,0.16006354201817885
4455,130.9608917236328,4.084018655703403e-06,5.253241397440434e-07,77.43429565429688,0.0005306565435603261,3.2220895290374756,0.16222408303292468
4456,130.73214721679688,4.073906438861741e-06,4.75419255963061e-07,77.24552154541016,0.000530316901858896,3.2217857837677,0.16300204198341817
4457,130.5108642578125,3.9765664041624404e-06,7.925539193820441e-07,77.07643127441406,0.0005295751034282148,3.2214865684509277,0.16169904096750543
4458,130.2954864501953,3.968013061239617e-06,8.208189683500677e-07,76.88700866699219,0.0005292959394864738,3.221191644668579,0.14769995800452307
4459,130.08648681640625,3.8520411180797964e-06,1.2879354471806437e-06,76.72232055664062,0.0005285017541609704,3.220900774002075,0.1484080000082031
4460,129.8851318359375,3.8618741200480144e-06,1.3916805983171798e-06,76.52997589111328,0.0005282980855554342,3.220613956451416,0.14998787501826882
4461,129.6942901611328,3.740555257536471e-06,2.077860926874564e-06,76.36954498291016,0.0005274290451779962,3.2203311920166016,0.14978274999884889
4462,129.5170440673828,3.777071924560005e-06,2.33413084060885e-06,76.17342376708984,0.0005273250280879438,3.2200522422790527,0.1537741670035757
4463,129.3656768798828,3.6293438370194053e-06,3.476111487543676e-06,76.018798828125,0.0005263633211143315,3.2197771072387695,0.1517657499643974
4464,129.2577362060547,3.698711680044653e-06,4.31237458542455e-06,75.81703186035156,0.000526395917404443,3.219505548477173,0.3238280420191586
4465,129.2122344970703,3.524284920786158e-06,6.6081338445656e-06,75.6707763671875,0.0005252821720205247,3.2192375659942627,0.1624708329909481
4466,129.24761962890625,3.6307064874563366e-06,8.709257599548437e-06,75.46073150634766,0.0005255289725027978,3.21897292137146,0.16216700000222772
4467,129.41404724121094,3.4068928016495192e-06,1.3296041288413107e-05,75.32759094238281,0.0005241615581326187,3.2187116146087646,0.1629710840061307
4468,129.7876739501953,3.588354275052552e-06,1.8519727746024728e-05,75.10314178466797,0.0005247372901067138,3.2184534072875977,0.1595198329887353
4469,130.4822540283203,3.2854363780643325e-06,2.8654329071287066e-05,74.99066925048828,0.000522976100910455,3.218198537826538,0.16284854098921642
4470,131.68035888671875,3.572339210222708e-06,4.1727893403731287e-05,74.74360656738281,0.0005240673781372607,3.2179462909698486,0.16462341701844707
4471,133.67547607421875,3.1308595680457074e-06,6.528649100800976e-05,74.66608428955078,0.0005216766148805618,3.2176973819732666,0.16298016696237028
4472,136.95762634277344,3.602594915719237e-06,9.856020915322006e-05,74.38201904296875,0.0005235932767391205,3.2174508571624756,0.15687554195756093
4473,142.3423614501953,2.950037924165372e-06,0.00015668661217205226,74.3607177734375,0.000520179804880172,3.217207431793213,0.1512346250237897
4474,151.19378662109375,3.7207537388894707e-06,0.0002445729624014348,74.02000427246094,0.0005234441487118602,3.216965913772583,0.1482587499776855
4475,165.89300537109375,2.733642986640916e-06,0.0003969153040088713,74.09268188476562,0.0005183542962186038,3.2167274951934814,0.17295337497489527
4476,190.39317321777344,4.0256873035104945e-06,0.0006393435760401189,73.66728973388672,0.000523889611940831,3.2164900302886963,0.1586548329796642
4477,231.56707763671875,2.4566290903749177e-06,0.0010580968810245395,73.91320037841797,0.0005159853026270866,3.2162554264068604,0.15884408401325345
4478,301.1781311035156,4.73906948172953e-06,0.0017479195958003402,73.36842346191406,0.0005254385177977383,3.21601939201355,0.15738416701788083
4479,420.035888671875,2.169230583604076e-06,0.0029459865763783455,73.94143676757812,0.000512788537889719,3.215785264968872,0.17042558401590213
4480,623.5258178710938,6.516520898003364e-06,0.004966605454683304,73.29489135742188,0.0005291875568218529,3.2155449390411377,0.16280137503053993
4481,974.9422607421875,2.0368245259305695e-06,0.008493858389556408,74.49769592285156,0.0005085501470603049,3.2153024673461914,0.16276041703531519
4482,1577.8775634765625,1.1603598068177234e-05,0.014488800428807735,74.07495880126953,0.0005376214976422489,3.215041399002075,0.16313766600796953
4483,2613.567626953125,2.870321850423352e-06,0.02486494742333889,76.39633178710938,0.0005038976669311523,3.2147645950317383,0.1627896249992773
4484,4341.89111328125,2.9722106773988344e-05,0.0420537143945694,77.8674087524414,0.0005568034248426557,3.2144360542297363,0.1663150829845108
4485,7151.849609375,1.0364701665821485e-05,0.07019056379795074,81.37520599365234,0.000503817165736109,3.2140469551086426,0.17447554197860882
4486,11287.8251953125,0.00010803476470755413,0.11125621944665909,91.19955444335938,0.0006019993452355266,3.2135188579559326,0.16652254102518782
4487,16647.189453125,7.702984294155613e-05,0.16494764387607574,91.4906005859375,0.0005323264049366117,3.212796926498413,0.16619841702049598
4488,21223.109375,0.00044373408309184015,0.20984192192554474,124.09949493408203,0.0007044591475278139,3.211740255355835,0.1481871249852702
4489,21935.435546875,0.0005257177399471402,0.217062309384346,109.7456283569336,0.0006688649882562459,3.2102034091949463,0.14606487500714138
4490,15212.46484375,0.001323031261563301,0.14838933944702148,154.3687744140625,0.000868597358930856,3.208073854446411,0.14663508295780048
4491,5275.46435546875,0.0015873097581788898,0.04887755587697029,139.13189697265625,0.0008984641754068434,3.2052688598632812,0.1501165830413811
4492,408.5774230957031,0.0017269408563151956,1.2708045687759295e-05,141.37176513671875,0.0009324075654149055,3.201927661895752,0.16180245898431167
4493,4040.259521484375,0.0013823218178004026,0.03675491735339165,134.05145263671875,0.0009248403366655111,3.198340892791748,0.1564967500162311
4494,9157.583984375,0.0007235006196424365,0.0886218398809433,142.59854125976562,0.0008045207941904664,3.194807291030884,0.16081141697941348
4495,7883.15283203125,0.00036857466329820454,0.07617443054914474,135.5322723388672,0.0009332023910246789,3.1917312145233154,0.15998208400560543
4496,2421.05078125,0.00010194995411438867,0.021799609065055847,148.0933074951172,0.000828014628496021,3.1893153190612793,0.1604925420251675
4497,341.3331298828125,1.5616627933923155e-05,0.000900985614862293,159.32508850097656,0.0009034779504872859,3.187755823135376,0.16067449998809025
4498,3389.06884765625,1.8453096117809764e-07,0.031146977096796036,171.12095642089844,0.0010323170572519302,3.1871585845947266,0.16508549998980016
4499,5702.697265625,1.9328672351548448e-07,0.054436106234788895,174.15399169921875,0.0008491324260830879,3.187403917312622,0.16241166699910536
4500,3426.759765625,8.053317287703976e-06,0.031674824655056,155.2743682861328,0.0010319743305444717,3.188422441482544,0.1657476670225151
4501,461.9647216796875,6.643676897510886e-05,0.002275556093081832,138.57089233398438,0.0008919453830458224,3.1899545192718506,0.16611741698579863
4502,1088.800048828125,0.00018092886602971703,0.008581183850765228,126.32781219482422,0.0008626087801530957,3.191800594329834,0.16102574998512864
4503,3212.4765625,0.0003086217911913991,0.029609406366944313,119.89652252197266,0.0010077725164592266,3.1938769817352295,0.15153095801360905
4504,2760.44677734375,0.0005002240650355816,0.0250567514449358,117.1983871459961,0.0008755081216804683,3.19596266746521,0.15121245803311467
4505,666.45947265625,0.0005742927314713597,0.0039055943489074707,117.47203063964844,0.0010099872015416622,3.198063850402832,0.14551583299180493
4506,589.9340209960938,0.0005975724780000746,0.0031071999110281467,116.34761810302734,0.001031091553159058,3.2001683712005615,0.1499294580426067
4507,2041.9600830078125,0.0005654197884723544,0.017745334655046463,115.39736938476562,0.0009548729285597801,3.202258348464966,0.16831445798743516
4508,1979.337158203125,0.00039661373011767864,0.017143774777650833,115.08328247070312,0.0011021511163562536,3.204502820968628,0.15318833297351375
4509,612.0701293945312,0.00029468038701452315,0.0036263051442801952,118.38526153564453,0.001015863148495555,3.206925630569458,0.16384608298540115
4510,378.4266052246094,0.00017295638099312782,0.0013103053206577897,124.9937744140625,0.0010510666761547327,3.209628105163574,0.16090187500230968
4511,1321.891845703125,8.122014696709812e-05,0.010630851611495018,134.67266845703125,0.0011601190781220794,3.212726354598999,0.15562550001777709
4512,1462.6864013671875,5.45208495168481e-05,0.012113776057958603,140.44744873046875,0.001054093474522233,3.2161755561828613,0.15270254097413272
4513,584.5953979492188,3.5962606489192694e-05,0.0032117264345288277,143.70114135742188,0.001161253429017961,3.2200024127960205,0.19012762495549396
4514,300.31524658203125,4.595261998474598e-05,0.0004106357228010893,141.14674377441406,0.001135096768848598,3.224121570587158,0.15767033398151398
4515,885.9532470703125,7.926706894068047e-05,0.006356041878461838,135.88897705078125,0.001065333723090589,3.2283999919891357,0.15557891700882465
4516,1058.932373046875,0.00011674696725094691,0.008026295341551304,130.2083282470703,0.001144198002293706,3.2327771186828613,0.16495524998754263
4517,513.3655395507812,0.00019561963563319296,0.0026673825923353434,122.37153625488281,0.0010469381231814623,3.237095594406128,0.16090033296495676
4518,260.0862121582031,0.0002581225708127022,0.00012343889102339745,116.74463653564453,0.0010518543422222137,3.2412822246551514,0.14773191703716293
4519,621.2818603515625,0.0002960079291369766,0.0037034363485872746,113.8929443359375,0.0010744448518380523,3.245304584503174,0.14315116597572342
4520,787.1223754882812,0.00033138031722046435,0.005449127871543169,109.78926849365234,0.00099282362498343,3.2490954399108887,0.14428837498417124
4521,445.41070556640625,0.0003039610164705664,0.002017589285969734,109.5589599609375,0.0010369672672823071,3.252697467803955,0.14923154102871194
4522,237.94677734375,0.00027013951330445707,1.7925376596394926e-05,108.86485290527344,0.0010027544340118766,3.256124258041382,0.15503174997866154
4523,450.81878662109375,0.00022107931727077812,0.0022152282763272524,110.5894546508789,0.0009659855859354138,3.2594025135040283,0.15482862497447059
4524,594.3994140625,0.00015733190230093896,0.003639410948380828,113.67819213867188,0.0010104693938046694,3.2626113891601562,0.16222733299946412
4525,400.2164306640625,0.00011957831884501502,0.0017611018847674131,117.0367202758789,0.0009511170792393386,3.265759229660034,0.15974687499692664
4526,225.35357666015625,8.656972204335034e-05,1.0569493497314397e-05,119.09883117675781,0.0009654081659391522,3.2688841819763184,0.17178833298385143
4527,330.2373046875,6.88871368765831e-05,0.0010624753776937723,120.0869140625,0.0009701414383016527,3.271998405456543,0.16004458302631974
4528,462.0078430175781,6.843867595307529e-05,0.0024418060202151537,119.3503646850586,0.0009163299691863358,3.2750613689422607,0.16379395796684548
4529,373.05462646484375,7.31706022634171e-05,0.0015464368043467402,116.80286407470703,0.0009429102065041661,3.278061628341675,0.1720985000138171
4530,226.29611206054688,9.207730909110978e-05,0.0001377541193505749,113.2966537475586,0.0009001630241982639,3.280937671661377,0.15998262498760596
4531,247.2657928466797,0.00011452799662947655,0.00038037155172787607,109.87322998046875,0.0008790260180830956,3.2836410999298096,0.16143566597020254
4532,349.9996337890625,0.00013352942187339067,0.0014099646359682083,106.8479995727539,0.0008880225941538811,3.286149263381958,0.16508637502556667
4533,336.84759521484375,0.00015235085447784513,0.0013288392219692469,104.53300476074219,0.000841955712530762,3.2884182929992676,0.15458341699559242
4534,233.9491424560547,0.00015592949057463557,0.00030404829885810614,102.7449722290039,0.0008520639385096729,3.290454149246216,0.1486057919682935
4535,205.84817504882812,0.0001514135510660708,5.3246778406901285e-05,101.6752700805664,0.0008370686555281281,3.292259693145752,0.1511302919825539
4536,268.4002990722656,0.0001392186968587339,0.0007193989586085081,101.13199615478516,0.0008140654535964131,3.2938430309295654,0.1473144160117954
4537,294.37091064453125,0.00011964872828684747,0.000984505983069539,101.11470031738281,0.0008284072391688824,3.295241355895996,0.1571245420491323
4538,239.15589904785156,0.00010214744543191046,0.00047676070244051516,101.28982543945312,0.0007997526554390788,3.2964656352996826,0.16335670894477516
4539,190.9993896484375,8.465602877549827e-05,7.85061638453044e-06,101.56932830810547,0.0008017939981073141,3.297544240951538,0.1614109170041047
4540,211.40699768066406,7.057740731397644e-05,0.00022622790129389614,101.80931091308594,0.0007991716265678406,3.2984983921051025,0.17441891599446535
4541,248.8340301513672,6.138770550023764e-05,0.0006321538239717484,101.8136978149414,0.000776661850977689,3.299330234527588,0.16383649996714666
4542,237.4055938720703,5.596326445811428e-05,0.0005217102007009089,101.05817413330078,0.000785800744779408,3.3000540733337402,0.16546191700035706
4543,195.50439453125,5.535849049920216e-05,0.00013640307588502765,99.91561126708984,0.0007641263073310256,3.3006575107574463,0.16684920800616965
4544,181.4871826171875,5.797687845188193e-05,1.4840734365861863e-05,98.47152709960938,0.0007573390030302107,3.3011322021484375,0.16612670803442597
4545,203.25140380859375,6.277309876168147e-05,0.000245378992985934,96.99243927001953,0.0007544375257566571,3.301469564437866,0.1615468750242144
4546,217.74118041992188,6.830363417975605e-05,0.0004192805499769747,95.67448425292969,0.0007330827065743506,3.3016507625579834,0.165681709011551
4547,200.98736572265625,7.251335046021268e-05,0.00025632919277995825,94.48564910888672,0.0007361745811067522,3.3016767501831055,0.158934417006094
4548,176.91885375976562,7.390868995571509e-05,3.785485387197696e-05,93.6667251586914,0.0007207577582448721,3.3015432357788086,0.15418662497540936
4549,174.81605529785156,7.190656469902024e-05,3.210105205653235e-05,93.10027313232422,0.0007131501915864646,3.301257371902466,0.14509750000433996
4550,189.1700439453125,6.697323260596022e-05,0.00018524198094382882,92.77544403076172,0.0007117307395674288,3.3008358478546143,0.14544633397599682
4551,194.22183227539062,6.006857438478619e-05,0.0002603452012408525,92.6064453125,0.0006957401637919247,3.3002893924713135,0.14635045803152025
4552,181.50823974609375,5.311985296430066e-05,0.00013983262761030346,92.47217559814453,0.000697408220730722,3.29964017868042,0.14964216598309577
4553,167.32997131347656,4.6437136916210875e-05,1.6609921658528037e-05,92.39653778076172,0.0006862872978672385,3.298900842666626,0.153113458014559
4554,166.73455810546875,4.1124822018900886e-05,2.3679154764977284e-05,92.26586151123047,0.0006798830581828952,3.298084259033203,0.15829854202456772
4555,175.040283203125,3.753209239221178e-05,0.00011504653957672417,91.95445251464844,0.0006782796699553728,3.2972021102905273,0.3285511250142008
4556,177.800537109375,3.516144352033734e-05,0.0001608684251550585,91.6238021850586,0.0006657373742200434,3.296255588531494,0.1628884159727022
4557,170.25579833984375,3.5010332794627175e-05,9.226385736837983e-05,90.92890167236328,0.0006659948849119246,3.2952489852905273,0.1724434579955414
4558,161.05984497070312,3.57648532371968e-05,1.5951940440572798e-05,90.235595703125,0.0006565258372575045,3.294177770614624,0.16499100002693012
4559,159.14404296875,3.764976645470597e-05,8.049596544879023e-06,89.44358825683594,0.0006513052503578365,3.2930381298065186,0.17078620800748467
4560,163.31028747558594,4.0005706978263333e-05,5.783718006568961e-05,88.65015411376953,0.0006487584905698895,3.291827917098999,0.16587491595419124
4561,165.77073669433594,4.14112328144256e-05,9.677891648607329e-05,88.00975799560547,0.0006394196534529328,3.2905428409576416,0.16080733301350847
4562,162.35081481933594,4.246653770678677e-05,6.797201785957441e-05,87.37342071533203,0.000639335426967591,3.28918719291687,0.15386241697706282
4563,156.41680908203125,4.143885234952904e-05,2.1226296667009592e-05,86.95952606201172,0.0006319077219814062,3.287764310836792,0.14894970797467977
4564,153.46759033203125,3.9460923289880157e-05,2.706385657802457e-07,86.60540771484375,0.0006288902368396521,3.286283493041992,0.14639720902778208
4565,154.71517944335938,3.6593733966583386e-05,2.0889325242023915e-05,86.3370132446289,0.0006262985989451408,3.2847561836242676,0.1737505840137601
4566,156.69837951660156,3.298851879662834e-05,5.2456409321166575e-05,86.16338348388672,0.0006199050694704056,3.2831919193267822,0.1607811669819057
4567,155.93414306640625,3.0214809157769196e-05,5.026940198149532e-05,85.91129302978516,0.0006197442417033017,3.281602621078491,0.16164612502325326
4568,152.5817413330078,2.73442728939699e-05,2.7742797101382166e-05,85.7224349975586,0.0006135060684755445,3.2799954414367676,0.15909324999665841
4569,149.45852661132812,2.5585077310097404e-05,3.034167320947745e-06,85.4181137084961,0.0006117848679423332,3.2783775329589844,0.1639954579877667
4570,148.6189727783203,2.4296863557538018e-05,2.429797177683213e-06,85.09422302246094,0.0006085207569412887,3.2767527103424072,0.15851474995724857
4571,149.4927978515625,2.341652725590393e-05,1.994140438910108e-05,84.75041198730469,0.0006040658918209374,3.27512264251709,0.16382554097799584
4572,149.99649047851562,2.3419988792738877e-05,3.0384762794710696e-05,84.29399871826172,0.0006032201345078647,3.273489475250244,0.16055595799116418
4573,148.8625030517578,2.3221953597385436e-05,2.8394566470524296e-05,83.90384674072266,0.0005979700363241136,3.2718517780303955,0.15895945800002664
4574,146.6668243408203,2.369423964410089e-05,1.1636920135060791e-05,83.42952728271484,0.0005970417987555265,3.270210027694702,0.18517541704932228
4575,144.88116455078125,2.375346412009094e-05,1.3503652098734165e-06,83.0273666381836,0.0005934342043474317,3.268563747406006,0.1653854579781182
4576,144.32460021972656,2.3701202735537663e-05,2.2747756247554207e-06,82.64112091064453,0.0005908588645979762,3.266913890838623,0.16548783297184855
4577,144.581787109375,2.3363487343885936e-05,1.0237295100523625e-05,82.2783203125,0.0005894338828511536,3.265263319015503,0.1535965419607237
4578,144.62796020507812,2.2265765437623486e-05,1.8241700672660954e-05,82.01231384277344,0.0005856489297002554,3.2636148929595947,0.146989458007738
4579,143.85250854492188,2.1306010239641182e-05,1.500652069807984e-05,81.7105712890625,0.0005851067835465074,3.2619738578796387,0.14732329099206254
4580,142.5125274658203,1.973751022887882e-05,8.748704203753732e-06,81.49916076660156,0.0005816474440507591,3.2603447437286377,0.14408529200591147
4581,141.27476501464844,1.8506905689719133e-05,1.3140415831003338e-06,81.25164031982422,0.0005804103566333652,3.258732318878174,0.14695020799990743
4582,140.5950927734375,1.732186137815006e-05,1.6311992112605367e-07,81.01998901367188,0.000578265986405313,3.2571403980255127,0.1578105419757776
4583,140.4171142578125,1.634281943552196e-05,4.141798854107037e-06,80.7853775024414,0.0005758327897638083,3.2555713653564453,0.15351412497693673
4584,140.32916259765625,1.5875852113822475e-05,7.654126420675311e-06,80.49526977539062,0.0005748090334236622,3.2540268898010254,0.16194904199801385
4585,139.9556427001953,1.53464588947827e-05,1.0009722245740704e-05,80.24198913574219,0.0005717803724110126,3.252506971359253,0.160819916985929
4586,139.20944213867188,1.5370285836979747e-05,6.605682756344322e-06,79.9150390625,0.0005709680262953043,3.251011371612549,0.16136558400467038
4587,138.31370544433594,1.5241099390550517e-05,3.2642949463479454e-06,79.63259887695312,0.0005683056660927832,3.2495386600494385,0.166317208961118
4588,137.57098388671875,1.53726214193739e-05,2.2194944904185832e-07,79.31993865966797,0.0005669158999808133,3.2480878829956055,0.16330966702662408
4589,137.1114501953125,1.539225922897458e-05,2.593478711787611e-07,79.03079223632812,0.0005651549436151981,3.2466583251953125,0.16151949996128678
4590,136.85122680664062,1.5255995094776154e-05,2.5273848223150708e-06,78.76824188232422,0.0005630464875139296,3.2452492713928223,0.16032312501920387
4591,136.60093688964844,1.5127755432331469e-05,3.882047167280689e-06,78.50064086914062,0.0005619932198897004,3.243861436843872,0.16288700001314282
4592,136.21209716796875,1.456283098377753e-05,5.0056005420628935e-06,78.29422760009766,0.0005596103728748858,3.2424957752227783,0.16360916598932818
4593,135.664794921875,1.411146604368696e-05,3.1651236440666253e-06,78.06522369384766,0.0005587190389633179,3.241154432296753,0.15315970894880593
4594,135.06192016601562,1.3304301319294609e-05,1.7953652786673047e-06,77.88837432861328,0.0005566359031945467,3.2398390769958496,0.14485595800215378
4595,134.520751953125,1.2665585018112324e-05,1.966554918908514e-07,77.68882751464844,0.0005554570234380662,3.2385518550872803,0.1431817090488039
4596,134.10012817382812,1.2028518540319055e-05,2.5669578462839127e-08,77.49683380126953,0.0005539787816815078,3.2372944355010986,0.14768987498246133
4597,133.77728271484375,1.1470383469713852e-05,8.815188721200684e-07,77.3011474609375,0.0005524093867279589,3.236067295074463,0.15487483405740932
4598,133.48533630371094,1.1162806913489476e-05,1.4866257060930366e-06,77.07487487792969,0.0005514551885426044,3.234870672225952,0.15365033299895003
4599,133.15707397460938,1.0830752216861583e-05,2.3795166725903982e-06,76.86353302001953,0.0005497250822372735,3.233704090118408,0.15676699997857213
4600,132.76815795898438,1.0773549547593575e-05,1.8081664165947586e-06,76.61184692382812,0.0005489814793691039,3.2325663566589355,0.16524449997814372
4601,132.3358154296875,1.060052090906538e-05,1.5076295767357806e-06,76.38578033447266,0.0005473921191878617,3.2314562797546387,0.16374758299207315
4602,131.89881896972656,1.0594700142974034e-05,4.5976867113495246e-07,76.13484191894531,0.0005465853027999401,3.230372667312622,0.1633265829877928
4603,131.49667358398438,1.048671856551664e-05,1.20173581308336e-07,75.90226745605469,0.0005453370977193117,3.2293143272399902,0.16681770799914375
4604,131.14503479003906,1.0384283996245358e-05,6.31482635071734e-08,75.67036437988281,0.0005442992551252246,3.2282803058624268,0.16631870804121718
4605,130.83323669433594,1.0243398719467223e-05,2.598337687231833e-07,75.44312286376953,0.0005433979094959795,3.2272701263427734,0.16061295801773667
4606,130.5378875732422,9.95924710878171e-06,8.699171303305775e-07,75.23822784423828,0.0005421674577519298,3.2262837886810303,0.16519258299376816
4607,130.23316955566406,9.716958629724104e-06,8.922963843360776e-07,75.02460479736328,0.0005414764164015651,3.2253212928771973,0.16843720799079165
4608,129.9056854248047,9.300497367803473e-06,1.1633901522145607e-06,74.84085845947266,0.0005401843809522688,3.2243831157684326,0.15873695799382403
4609,129.5608367919922,9.006564141600393e-06,6.979244062677026e-07,74.63822937011719,0.0005395215121097863,3.2234694957733154,0.14539641601732
4610,129.2110595703125,8.615229489805643e-06,5.871809207746992e-07,74.4577865600586,0.0005383302341215312,3.222580671310425,0.14612604101421311
4611,128.8670654296875,8.36583330965368e-06,1.451555817766348e-07,74.25914001464844,0.000537568237632513,3.22171688079834,0.14560195797821507
4612,128.54046630859375,8.112288924166933e-06,6.030518306943122e-08,74.06793975830078,0.0005365527467802167,3.2208774089813232,0.15142191702034324
4613,128.23171997070312,7.937699592730496e-06,1.525245352240745e-08,73.87032318115234,0.0005356609472073615,3.220061779022217,0.15604291699128225
4614,127.93684387207031,7.805922905390617e-06,4.916387297271285e-08,73.66907501220703,0.0005348226404748857,3.219269275665283,0.15056279202690348
4615,127.65104675292969,7.68383779359283e-06,2.786348431982333e-07,73.47150421142578,0.0005338328774087131,3.218498706817627,0.16704308398766443
4616,127.36762237548828,7.62546005717013e-06,2.751221472863108e-07,73.26453399658203,0.0005331302527338266,3.2177488803863525,0.16971208399627358
4617,127.08316040039062,7.503167580580339e-06,5.020856406190433e-07,73.07234954833984,0.0005321028875187039,3.2170188426971436,0.16243891697376966
4618,126.79475402832031,7.442879905283917e-06,3.5470316106511746e-07,72.86871337890625,0.0005314628942869604,3.2163078784942627,0.16284479200839996
4619,126.50513458251953,7.2882353379100095e-06,4.675612217397429e-07,72.6826400756836,0.0005304691148921847,3.2156152725219727,0.1626803750405088
4620,126.2145004272461,7.195204489107709e-06,2.50202219831408e-07,72.48606872558594,0.0005298389587551355,3.2149405479431152,0.16567537502851337
4621,125.9236831665039,6.986967036937131e-06,2.7312489692121744e-07,72.30696105957031,0.0005289071705192327,3.2142832279205322,0.1608887500478886
4622,125.63668823242188,6.8243848545535e-06,8.543997864762787e-08,72.12017059326172,0.0005282554193399847,3.2136433124542236,0.1642408330226317
4623,125.35435485839844,6.6047637119481806e-06,8.267511475423817e-08,71.94364929199219,0.0005274196155369282,3.2130205631256104,0.1565610829857178
4624,125.07798767089844,6.429778750316473e-06,1.4551915228366852e-09,71.76212310791016,0.0005267274682410061,3.2124147415161133,0.1487267090124078
4625,124.80712890625,6.2675840126757976e-06,2.9467628337442875e-10,71.5804443359375,0.0005259989993646741,3.2118256092071533,0.14994845795445144
4626,124.54156494140625,6.116302301961696e-06,4.707203515863512e-08,71.3984603881836,0.0005252676201052964,3.2112529277801514,0.14813649997813627
4627,124.28120422363281,6.002447662467603e-06,4.563480615615845e-08,71.21270751953125,0.000524636881891638,3.21069598197937,0.15382287499960512
4628,124.02482604980469,5.895739832340041e-06,1.8499213183531538e-07,71.029541015625,0.000523872091434896,3.210153818130493,0.16118250001454726
4629,123.7716064453125,5.841735855938168e-06,1.6855688045325223e-07,70.8375244140625,0.0005233305273577571,3.2096259593963623,0.1737590830307454
4630,123.51945495605469,5.746755959989969e-06,3.4792014957929496e-07,70.65596771240234,0.0005225402419455349,3.209111452102661,0.157484499970451
4631,123.268310546875,5.714223789254902e-06,2.8369163374009077e-07,70.46315002441406,0.0005220536259002984,3.2086098194122314,0.18829800002276897
4632,123.01898193359375,5.596576102107065e-06,4.747619186673546e-07,70.28650665283203,0.0005212534451857209,3.208120107650757,0.16381079104030505
4633,122.77120971679688,5.544244231714401e-06,3.8781672628829256e-07,70.09794616699219,0.0005208005313761532,3.207642078399658,0.16466041601961479
4634,122.52474975585938,5.397028871811926e-06,5.871809207746992e-07,69.92719268798828,0.0005199913866817951,3.2071754932403564,0.16002620803192258
4635,122.27910614013672,5.330217391019687e-06,4.7082744458748493e-07,69.74224853515625,0.0005195675767026842,3.2067198753356934,0.1611532919923775
4636,122.03359985351562,5.169886208022945e-06,6.571099220309407e-07,69.57561492919922,0.0005187528440728784,3.20627498626709,0.16483012499520555
4637,121.78968811035156,5.098845576867461e-06,5.191216132516274e-07,69.3926010131836,0.000518352841027081,3.205840826034546,0.15985908400034532
4638,121.54672241210938,4.937026005791267e-06,6.955363005545223e-07,69.22863006591797,0.000517548352945596,3.2054169178009033,0.1648671249859035
4639,121.30391693115234,4.883139354205923e-06,5.357435384212295e-07,69.0456771850586,0.000517163542099297,3.205003261566162,0.14455458300653845
4640,121.06242370605469,4.737772087537451e-06,7.003166047070408e-07,68.8814697265625,0.0005163715104572475,3.204599380493164,0.14701054204488173
4641,120.82525634765625,4.7108251237659715e-06,5.661795512423851e-07,68.6971206665039,0.0005160042783245444,3.20420503616333,0.14570745802484453
4642,120.59269714355469,4.589492618833901e-06,7.908568022685358e-07,68.53250122070312,0.000515221618115902,3.203819513320923,0.14638504199683666
4643,120.35992431640625,4.574437298288103e-06,6.671982646366814e-07,68.34745788574219,0.0005148830823600292,3.2034425735473633,0.1516692079603672
4644,120.12908935546875,4.455892394616967e-06,8.950009942054749e-07,68.18346405029297,0.0005141054280102253,3.203073740005493,0.15312887501204386
4645,119.90400695800781,4.45161549578188e-06,8.06196339908638e-07,67.99874877929688,0.000513794831931591,3.2027127742767334,0.15427229198394343
4646,119.68756866455078,4.320795596868265e-06,1.1726663160516182e-06,67.83829498291016,0.0005129992496222258,3.202359199523926,0.17099604196846485
4647,119.48088836669922,4.324265319155529e-06,1.2122384305257583e-06,67.65287780761719,0.0005127436015754938,3.202012777328491,0.1646167499711737
4648,119.28196716308594,4.189486389805097e-06,1.7686309092823649e-06,67.49535369873047,0.000511908030603081,3.2016730308532715,0.16630800004350021
4649,119.09181213378906,4.1948560465243645e-06,1.8951070615003118e-06,67.3097915649414,0.0005117303226143122,3.2013399600982666,0.32928766700206324
4650,118.92019653320312,4.040530257043429e-06,2.7535861590877175e-06,67.15869903564453,0.0005108208861202002,3.2010133266448975,0.1675786670530215
4651,118.77255249023438,4.068374437338207e-06,3.219649670427316e-06,66.96992492675781,0.0005107381730340421,3.200692892074585,0.20220433396752924
4652,118.6571044921875,3.884396392095368e-06,4.700998033513315e-06,66.82610321044922,0.0005097246030345559,3.20037841796875,0.1554479580372572
4653,118.58721923828125,3.95282995668822e-06,5.814683390781283e-06,66.63147735595703,0.0005097898538224399,3.2000699043273926,0.1521206249599345
4654,118.59255981445312,3.734332722160616e-06,8.611031262262259e-06,66.49656677246094,0.0005086145247332752,3.1997671127319336,0.1501910419901833
4655,118.69940185546875,3.870312411891064e-06,1.1310659829177894e-05,66.29107666015625,0.0005089022452011704,3.199469566345215,0.1456280000275001
4656,118.95413970947266,3.599428055167664e-06,1.6761849110480398e-05,66.17007446289062,0.0005074794171378016,3.1991775035858154,0.15060270798858255
4657,119.43782043457031,3.814464434981346e-06,2.2960739443078637e-05,65.95103454589844,0.0005080926930531859,3.198890209197998,0.16069583303760737
4658,120.2845687866211,3.4517061067163013e-06,3.460102016106248e-05,65.85063171386719,0.0005062866257503629,3.198607921600342,0.1567451250157319
4659,121.70394897460938,3.79028915631352e-06,4.975010233465582e-05,65.60929107666016,0.0005074061336927116,3.1983296871185303,0.17140658298740163
4660,124.02100372314453,3.2858683880476747e-06,7.651177293155342e-05,65.54256439208984,0.0005049867322668433,3.198056221008301,0.15967412502504885
4661,127.76373291015625,3.8226176002353895e-06,0.00011423986143199727,65.26637268066406,0.0005069111939519644,3.197786331176758,0.1645664589595981
4662,133.81492614746094,3.0900723686499987e-06,0.00017900024249684066,65.25548553466797,0.0005035040667280555,3.1975209712982178,0.16655304102459922
4663,143.63011169433594,3.957097305828938e-06,0.0002763564989436418,64.92520904541016,0.0005067354068160057,3.197258234024048,0.16867645794991404
4664,159.66574096679688,2.8449308047129307e-06,0.00044197801616974175,65.01100158691406,0.0005017243092879653,3.197000026702881,0.16604958300013095
4665,185.9476776123047,4.276554136595223e-06,0.0007020597695372999,64.60166931152344,0.0005071237683296204,3.1967430114746094,0.1755274580209516
4666,229.580078125,2.532314738346031e-06,0.0011452223407104611,64.85838317871094,0.0004994621849618852,3.196490526199341,0.16293095803121105
4667,302.50390625,5.034981768403668e-06,0.001867972081527114,64.34675598144531,0.0005085645243525505,3.1962366104125977,0.1655871249968186
4668,425.48388671875,2.236105501651764e-06,0.003106880933046341,64.9222412109375,0.0004964995314367115,3.195985794067383,0.14828479202697054
4669,633.1466064453125,6.979091722314479e-06,0.00516890874132514,64.34844970703125,0.0005120937712490559,3.195727586746216,0.14635262498632073
4670,987.1743774414062,2.139834123227047e-06,0.008721601217985153,65.52841186523438,0.0004927190020680428,3.1954681873321533,0.1466399590135552
4671,1586.7861328125,1.2501510354923084e-05,0.014682525768876076,65.27741241455078,0.0005200595478527248,3.195186138153076,0.1520167919807136
4672,2604.01513671875,3.1376130209537223e-06,0.024873070418834686,67.50325775146484,0.0004889117553830147,3.19488787651062,0.15214274998288602
4673,4276.84521484375,3.186374669894576e-05,0.041504789143800735,69.3531723022461,0.0005382662639021873,3.1945290565490723,0.15311429201392457
4674,6956.2490234375,1.1432061000959948e-05,0.06833530962467194,72.56066131591797,0.0004901443026028574,3.194103956222534,0.16494279203470796
4675,10822.099609375,0.00011282233754172921,0.10669657588005066,83.03083038330078,0.0005812915042042732,3.1935222148895264,0.16302908398211002
4676,15728.6650390625,8.132654329529032e-05,0.15585927665233612,82.65123748779297,0.000519527995493263,3.1927297115325928,0.15997779101599008
4677,19765.55078125,0.00044241923023946583,0.1953837275505066,115.13587188720703,0.0006779931136406958,3.1915743350982666,0.16513499995926395
4678,20228.28515625,0.000518947490490973,0.20010924339294434,100.6468734741211,0.000648203247692436,3.1899099349975586,0.16198395902756602
4679,14029.908203125,0.0012430716305971146,0.13681171834468842,141.7812042236328,0.0008264764328487217,3.187633991241455,0.16291229199850932
4680,5003.25244140625,0.0014451860915869474,0.04647945985198021,126.2607650756836,0.0008452743641100824,3.1846795082092285,0.16122770897345617
4681,376.2044982910156,0.0014986577443778515,0.00013195133942645043,126.34896087646484,0.0008679464808665216,3.181225061416626,0.16765029198722914
4682,3366.823974609375,0.001112746773287654,0.030508186668157578,119.02808380126953,0.0008570256177335978,3.177604913711548,0.16094904200872406
4683,8213.890625,0.000516322033945471,0.07955954223871231,131.58538818359375,0.0007471873541362584,3.174154281616211,0.15210270800162107
4684,7771.14111328125,0.00022022756456863135,0.07532349228858948,127.63478088378906,0.0008913411875255406,3.171304225921631,0.14924395899288356
4685,2986.506591796875,4.436968811205588e-05,0.02762582153081894,141.0638427734375,0.0007842358318157494,3.1692306995391846,0.14707087498391047
4686,237.42514038085938,4.695313691627234e-06,7.699045454501174e-06,148.57229614257812,0.0008761339704506099,3.1680960655212402,0.1473757920321077
4687,2343.783447265625,1.0707914555041498e-07,0.020938795059919357,153.76202392578125,0.0009613139554858208,3.1679418087005615,0.15343370800837874
4688,5039.28515625,1.5919149518595077e-06,0.04807232320308685,152.3514862060547,0.0007954177563078701,3.1685914993286133,0.15622895798878744
4689,3892.827880859375,2.7094873075839132e-05,0.03662065416574478,131.67718505859375,0.0009637568728066981,3.169955015182495,0.15744375000940636
4690,918.396484375,0.0001273823290830478,0.007082719821482897,116.09518432617188,0.0008129116613417864,3.1717238426208496,0.16838512499816716
4691,477.7022705078125,0.00026785393129102886,0.002621480030938983,105.64566040039062,0.0008312321733683348,3.1737191677093506,0.15823504095897079
4692,2429.166015625,0.00038669825880788267,0.02189052291214466,106.4505615234375,0.0009499309817329049,3.175870895385742,0.15628645900869742
4693,2978.898681640625,0.0005505016888491809,0.027346601709723473,105.05813598632812,0.0008413044270128012,3.1779816150665283,0.15071866603102535
4694,1228.51220703125,0.0005437037907540798,0.009683896787464619,107.14432525634766,0.0009860791033133864,3.1801271438598633,0.15733229200122878
4695,261.83453369140625,0.000526811636518687,9.532087278785184e-05,103.55375671386719,0.0009606752428226173,3.182299852371216,0.1557920000050217
4696,1294.2027587890625,0.00043651153100654483,0.01054038479924202,104.43097686767578,0.0009208211558870971,3.1845390796661377,0.16141087503638119
4697,2041.648681640625,0.0002574431127868593,0.018025411292910576,107.46452331542969,0.001058987807482481,3.187046766281128,0.15664304100209847
4698,1167.529052734375,0.00017518343520350754,0.009399405680596828,114.1859359741211,0.0009588419925421476,3.189831256866455,0.15317337500164285
4699,253.30157470703125,8.587788761360571e-05,0.00019763055024668574,120.71707153320312,0.0010423366911709309,3.193011999130249,0.16634754103142768
4700,688.1722412109375,4.2433141061337665e-05,0.0044628288596868515,128.18301391601562,0.0010946299880743027,3.1966404914855957,0.15047095902264118
4701,1390.65966796875,3.915673369192518e-05,0.011564366519451141,129.84619140625,0.0010046118404716253,3.200626850128174,0.1474876250140369
4702,1041.699462890625,3.838182601612061e-05,0.007974944077432156,128.9647979736328,0.0011140205897390842,3.204962730407715,0.14749658398795873
4703,319.966796875,7.643775461474434e-05,0.0008714043069630861,121.95360565185547,0.001032289699651301,3.2094814777374268,0.1545609169988893
4704,389.3290100097656,0.00013037309690844268,0.0015958035364747047,115.57563781738281,0.0010113570606335998,3.21405029296875,0.1543727500247769
4705,898.3558349609375,0.0001821399200707674,0.006637362763285637,110.41387939453125,0.0010599172674119473,3.2185962200164795,0.16082779096905142
4706,843.7361450195312,0.00026613977388478816,0.0061600469052791595,104.61585998535156,0.0009650164865888655,3.2229654788970947,0.1605794579954818
4707,354.2200927734375,0.00029445122345350683,0.0012226873077452183,101.80712890625,0.0010069910204038024,3.2271435260772705,0.16538741701515391
4708,273.8739013671875,0.00030687349499203265,0.00045070203486829996,99.41952514648438,0.000986968050710857,3.231104612350464,0.16384908300824463
4709,603.373046875,0.00029503655969165266,0.003827495966106653,97.66109466552734,0.0009345865109935403,3.234832286834717,0.16843820898793638
4710,663.6832885742188,0.00023209635401144624,0.004429190419614315,99.28932189941406,0.0009826530003920197,3.2384109497070312,0.16343979199882597
4711,360.05401611328125,0.00018895970424637198,0.0014833755558356643,100.70790100097656,0.0009211261058226228,3.2418506145477295,0.1663032919750549
4712,214.08270263671875,0.00013434753054752946,4.1310031519969925e-05,103.76673889160156,0.000927502172999084,3.2452127933502197,0.16534145799232647
4713,397.0128173828125,9.130452235694975e-05,0.0018652527360245585,106.91991424560547,0.0009443719172850251,3.2485532760620117,0.1633537079906091
4714,522.84521484375,7.320731674553826e-05,0.003177229780703783,109.0311279296875,0.0008877036161720753,3.2518553733825684,0.15227529098046944
4715,372.8167724609375,6.029514770489186e-05,0.001657690154388547,108.77474975585938,0.0009224349050782621,3.255141019821167,0.14766850002342835
4716,208.54067993164062,6.664195097982883e-05,6.891880184412003e-05,106.62277221679688,0.0008836183114908636,3.2583584785461426,0.149971375009045
4717,262.63006591796875,8.166769111994654e-05,0.0006499490700662136,103.58960723876953,0.000858787854667753,3.2614526748657227,0.14982145797694102
4718,386.5033264160156,9.914453403325751e-05,0.0018904618918895721,100.33365631103516,0.0008720902260392904,3.2643911838531494,0.15852812497178093
4719,355.59423828125,0.00012631092977244407,0.0016378695145249367,97.23790740966797,0.000819383014459163,3.2671003341674805,0.1582418750040233
4720,226.61041259765625,0.0001408112293574959,0.00034976593451574445,94.61935424804688,0.0008293334976769984,3.2695674896240234,0.15838245896156877
4721,196.66159057617188,0.0001486247783759609,7.633669156348333e-05,92.9070053100586,0.0008125844178721309,3.2717764377593994,0.16159508301643655
4722,276.0381774902344,0.00014653218386229128,0.0009094212437048554,91.79280853271484,0.0007865002262406051,3.2737205028533936,0.16866929101524875
4723,310.48797607421875,0.00013050380221102387,0.0012580538168549538,91.4233169555664,0.0008020889363251626,3.2754368782043457,0.16724075004458427
4724,244.09530639648438,0.00011541892308741808,0.0006456285482272506,91.00802612304688,0.0007698253612034023,3.2769320011138916,0.1705847909906879
4725,180.27822875976562,9.567617962602526e-05,2.2701002308167517e-05,91.13838195800781,0.0007730211946181953,3.2782416343688965,0.16092658299021423
4726,199.76199340820312,7.81154740252532e-05,0.00023452172172255814,91.53921508789062,0.0007695906679145992,3.2793939113616943,0.16449466702761129
4727,249.20819091796875,6.534237036248669e-05,0.0007594876806251705,92.01692962646484,0.0007470825803466141,3.280397415161133,0.16410204098792747
4728,244.3509979248047,5.548095577978529e-05,0.0007116184569895267,91.75170135498047,0.0007588935550302267,3.281277894973755,0.16478875000029802
4729,194.21075439453125,5.198347571422346e-05,0.0002440810203552246,91.0416030883789,0.0007356269052252173,3.2820258140563965,0.15162087499629706
4730,168.28512573242188,5.213055192143656e-05,1.3536919141188264e-06,89.77896881103516,0.0007315772818401456,3.282637357711792,0.14736908295890316
4731,189.90591430664062,5.566046456806362e-05,0.0002328888513147831,88.28422546386719,0.0007276675314642489,3.2831029891967773,0.1451939590042457
4732,214.48472595214844,6.180685159051791e-05,0.0005095616215839982,86.73728942871094,0.0007061058422550559,3.283397912979126,0.1500937920063734
4733,202.87399291992188,6.728969310643151e-05,0.00039759959327057004,85.32341003417969,0.0007106164121069014,3.283520221710205,0.15098366601159796
4734,171.72889709472656,7.129025470931083e-05,0.00011081050615757704,84.24513244628906,0.0006927368813194335,3.2834572792053223,0.1527897500200197
4735,159.92465209960938,7.141511741792783e-05,5.679795322066639e-06,83.4865951538086,0.0006872857920825481,3.283214569091797,0.16364637500373647
4736,174.219482421875,6.766572187189013e-05,0.0001595767680555582,83.07613372802734,0.0006841908907517791,3.2828075885772705,0.16316716599976644
4737,187.5561065673828,6.132327689556405e-05,0.0003175651654601097,82.8419418334961,0.0006682531675323844,3.282247543334961,0.17815112503012642
4738,179.65383911132812,5.375250111683272e-05,0.00024406611919403076,82.77783203125,0.0006709415465593338,3.281562328338623,0.15849445800995454
4739,160.62506103515625,4.625048313755542e-05,7.501759682781994e-05,82.743408203125,0.0006575484876520932,3.2807669639587402,0.16619866603286937
4740,152.14996337890625,3.9942395233083516e-05,1.1633901522145607e-06,82.7025146484375,0.0006533687119372189,3.2798807621002197,0.1603131250012666
4741,159.26025390625,3.5250566725153476e-05,8.182289457181469e-05,82.55146789550781,0.0006500143790617585,3.2789194583892822,0.32854308298556134
4742,167.987060546875,3.2226802431978285e-05,0.00018643804651219398,82.32540130615234,0.0006379517144523561,3.2778866291046143,0.16487329197116196
4743,165.44241333007812,3.1490708352066576e-05,0.0001668869226705283,81.70713806152344,0.0006389751797541976,3.276790142059326,0.15750070801004767
4744,154.26280212402344,3.203489541192539e-05,7.256818207679316e-05,81.04328918457031,0.0006275919731706381,3.2756235599517822,0.1467707089614123
4745,146.2637176513672,3.4175292967120185e-05,2.015105792452232e-06,80.19633483886719,0.0006244834512472153,3.274383783340454,0.1470757499919273
4746,147.5598907470703,3.677134736790322e-05,2.5072722564800642e-05,79.36885070800781,0.0006200663046911359,3.2730660438537598,0.1476153340190649
4747,153.04673767089844,3.879058203892782e-05,9.336638322565705e-05,78.66221618652344,0.0006116882432252169,3.2716643810272217,0.15206470800330862
4748,154.2877197265625,4.0197453927248716e-05,0.00011075028305640444,78.00033569335938,0.0006119260797277093,3.270183563232422,0.1536269590142183
4749,149.1860809326172,3.930157981812954e-05,7.335835107369348e-05,77.58000946044922,0.0006034007528796792,3.2686262130737305,0.1618324170121923
4750,142.71780395507812,3.745544745470397e-05,1.527742097096052e-05,77.20867156982422,0.0006023584282957017,3.2670044898986816,0.16723299998557195
4751,140.31097412109375,3.427571937208995e-05,1.0122903404408135e-06,76.97418212890625,0.0005980798741802573,3.2653307914733887,0.15833008399931714
4752,142.2406005859375,3.0705617973580956e-05,3.053740510949865e-05,76.79698181152344,0.0005931932246312499,3.2636172771453857,0.16171695798402652
4753,144.51507568359375,2.7771688110078685e-05,5.8893609093502164e-05,76.57696533203125,0.0005927158053964376,3.261878490447998,0.15904837503330782
4754,143.7340545654297,2.486126686562784e-05,6.230080180102959e-05,76.40420532226562,0.0005861363606527448,3.2601218223571777,0.1557034170255065
4755,140.15924072265625,2.3301297915168107e-05,3.165414454997517e-05,76.08195495605469,0.0005858174990862608,3.2583565711975098,0.1511494999867864
4756,136.68206787109375,2.1974221454001963e-05,6.049268449714873e-06,75.77735900878906,0.0005810236907564104,3.2565860748291016,0.1548977920319885
4757,135.5396270751953,2.147195664292667e-05,1.8429566353006521e-06,75.3839340209961,0.0005782420048490167,3.254812717437744,0.16094133403385058
4758,136.42733764648438,2.1562091205851175e-05,1.691446959739551e-05,74.93755340576172,0.0005764212692156434,3.253037452697754,0.1579739999724552
4759,137.34841918945312,2.1631340132444166e-05,3.4972254070453346e-05,74.52449035644531,0.0005716357263736427,3.251258611679077,0.15308258298318833
4760,136.71380615234375,2.229502388217952e-05,3.307553197373636e-05,74.04934692382812,0.0005712739657610655,3.2494771480560303,0.14447441598167643
4761,134.66220092773438,2.2261265257839113e-05,2.0841405785176903e-05,73.67491912841797,0.0005667702062055469,3.247692108154297,0.17207787500228733
4762,132.52316284179688,2.226632750534918e-05,4.405957042763475e-06,73.28889465332031,0.0005656704888679087,3.245906352996826,0.1517179579823278
4763,131.45777893066406,2.152114757336676e-05,8.683946361998096e-08,72.9891357421875,0.0005630784435197711,3.2441232204437256,0.15433904196834192
4764,131.54135131835938,2.0287850929889828e-05,7.3304554462083615e-06,72.7417221069336,0.0005603778990916908,3.2423479557037354,0.15485791600076482
4765,131.92930603027344,1.8996785001945682e-05,1.5807527233846486e-05,72.49481964111328,0.0005595405236817896,3.2405877113342285,0.16085849999217317
4766,131.73411560058594,1.7278722225455567e-05,2.090240377583541e-05,72.31594848632812,0.0005560005665756762,3.238847494125366,0.15554900001734495
4767,130.71807861328125,1.6160684026544914e-05,1.4701454347232357e-05,72.07218933105469,0.0005555967218242586,3.237133502960205,0.16228974994737655
4768,129.34303283691406,1.4942860616429243e-05,7.258336154336575e-06,71.86675262451172,0.0005525615997612476,3.2354485988616943,0.16745624999748543
4769,128.23898315429688,1.4319564797915518e-05,7.115343123587081e-07,71.59921264648438,0.0005513665382750332,3.233795404434204,0.159981541975867
4770,127.71736145019531,1.3911114365328103e-05,4.6886634663678706e-07,71.32308959960938,0.0005495627410709858,3.2321741580963135,0.16213016700930893
4771,127.62802124023438,1.369674919260433e-05,4.851053745369427e-06,71.0400161743164,0.0005473322817124426,3.230583906173706,0.16662075003841892
4772,127.56944274902344,1.3886226952308789e-05,8.199100193451159e-06,70.71061706542969,0.0005465028807520866,3.2290234565734863,0.16210929199587554
4773,127.23059844970703,1.3877787750971038e-05,1.0322911293769721e-05,70.42710876464844,0.0005438342341221869,3.2274906635284424,0.16296950000105426
4774,126.56402587890625,1.4191738046065439e-05,7.194244972197339e-06,70.1044692993164,0.0005432096077129245,3.2259843349456787,0.15645545802544802
4775,125.7470703125,1.4106092748988885e-05,4.083777639607433e-06,69.8425521850586,0.0005408553406596184,3.2245030403137207,0.14840762497624382
4776,125.02130126953125,1.4022938557900488e-05,6.356422090902925e-07,69.57884979248047,0.0005397659842856228,3.2230472564697266,0.1489200840005651
4777,124.53607177734375,1.3597663382824976e-05,2.8332806323305704e-08,69.35900115966797,0.0005381447263062,3.221618175506592,0.15069329203106463
4778,124.27006530761719,1.29355594253866e-05,1.6452986528747715e-06,69.16951751708984,0.0005364246317185462,3.2202179431915283,0.1562071250518784
4779,124.08671569824219,1.2291651728446595e-05,3.3405488011339912e-06,68.97702026367188,0.0005354647873900831,3.2188494205474854,0.154327749973163
4780,123.83396911621094,1.1428031029936392e-05,5.271482223179191e-06,68.82386779785156,0.0005334014422260225,3.217514753341675,0.1598992079962045
4781,123.43148803710938,1.089676243282156e-05,4.425997758517042e-06,68.62716674804688,0.0005327204708009958,3.2162160873413086,0.1640263749868609
4782,122.9088134765625,1.0261720490234438e-05,3.4583536034915596e-06,68.45816040039062,0.000530786463059485,3.214954137802124,0.16374812502181157
4783,122.36244201660156,9.996902917919215e-06,1.2301543392823078e-06,68.24161529541016,0.000529981218278408,3.213728904724121,0.1578850829973817
4784,121.88906860351562,9.751176548888907e-06,2.8318390832282603e-07,68.03251647949219,0.0005285311490297318,3.2125394344329834,0.16700879199197516
4785,121.52100372314453,9.657594091549981e-06,8.294955478049815e-08,67.8047866821289,0.0005274216528050601,3.2113842964172363,0.16655745799653232
4786,121.23920440673828,9.643521480029449e-06,5.769945801148424e-07,67.56819152832031,0.0005264896317385137,3.210261583328247,0.16235229099402204
4787,120.993408203125,9.552669325785246e-06,1.772437826730311e-06,67.34709930419922,0.0005251379916444421,3.209169626235962,0.16652799997245893
4788,120.72441101074219,9.575526746630203e-06,2.040909748757258e-06,67.107177734375,0.0005245559150353074,3.2081072330474854,0.1654038339620456
4789,120.40530395507812,9.375904483022168e-06,2.486615130692371e-06,66.9024887084961,0.0005231656832620502,3.2070729732513428,0.15593612496741116
4790,120.03887176513672,9.281238817493431e-06,1.6797284843050875e-06,66.67790222167969,0.0005226486828178167,3.206066608428955,0.1507255409960635
4791,119.6510238647461,8.93729338713456e-06,1.2717521258309716e-06,66.4908447265625,0.0005213927361182868,3.205087900161743,0.14429116703104228
4792,119.27133178710938,8.667092515679542e-06,3.7544509723375086e-07,66.29141235351562,0.0005207566427998245,3.204137086868286,0.14434925001114607
4793,118.92498779296875,8.276768312498461e-06,9.168275028059725e-08,66.11195373535156,0.0005197618738748133,3.203214645385742,0.15359487500973046
4794,118.62025451660156,7.924942110548727e-06,5.6389581004623324e-08,65.93070220947266,0.0005189141957089305,3.2023210525512695,0.1570430420106277
4795,118.34798431396484,7.645224286534358e-06,2.2060362425690982e-07,65.74449920654297,0.0005181690212339163,3.201456069946289,0.1550384999718517
4796,118.08732604980469,7.349510269705206e-06,7.059143172227778e-07,65.56587219238281,0.0005171591183170676,3.2006194591522217,0.1670417920104228
4797,117.82525634765625,7.21248215995729e-06,7.798698788974434e-07,65.3676986694336,0.0005165832117199898,3.19981050491333,0.1667107079993002
4798,117.5533676147461,7.025146715022856e-06,1.1500562777655432e-06,65.18413543701172,0.0005155171384103596,3.1990280151367188,0.1608908330090344
4799,117.26994323730469,6.991379450482782e-06,9.186123861582018e-07,64.9789047241211,0.0005150003707967699,3.198270559310913,0.16087245795642957
4800,116.97810363769531,6.876177849335363e-06,1.0084559107781388e-06,64.7934341430664,0.0005139620625413954,3.1975369453430176,0.1647574169910513
4801,116.67798614501953,6.846201358712278e-06,5.74823388888035e-07,64.59307098388672,0.0005134281236678362,3.1968257427215576,0.16264491697074845
4802,116.37954711914062,6.728805601596832e-06,4.793728294316679e-07,64.4111099243164,0.0005124761955812573,3.1961357593536377,0.160220334015321
4803,116.08819580078125,6.659101472905604e-06,1.408282059855992e-07,64.22112274169922,0.0005118707777000964,3.1954660415649414,0.16065508301835507
4804,115.80764770507812,6.506178579002153e-06,7.10499534761766e-08,64.04515075683594,0.0005110477213747799,3.1948161125183105,0.16008141700876877
4805,115.53909301757812,6.355632649501786e-06,2.801471055136062e-09,63.86880111694336,0.0005103444564156234,3.194185256958008,0.146410166984424
4806,115.28036499023438,6.175408088893164e-06,1.58470356836915e-08,63.6964111328125,0.0005096482345834374,3.193573474884033,0.14610075001837686
4807,115.02995300292969,5.968616278551053e-06,1.4807687875872944e-07,63.530128479003906,0.0005088815232738853,3.1929805278778076,0.1465982499648817
4808,114.78414154052734,5.794865955977002e-06,1.7091429072024766e-07,63.358184814453125,0.000508293800521642,3.192406177520752,0.14769225002964959
4809,114.54156494140625,5.59234649699647e-06,3.9437713894585613e-07,63.19400405883789,0.0005074888467788696,3.191850185394287,0.1523760419804603
4810,114.29893493652344,5.490202966029756e-06,3.507384462864138e-07,63.0153923034668,0.0005069944891147316,3.191312074661255,0.15443033399060369
4811,114.05241394042969,5.348672857508063e-06,5.198089638724923e-07,62.846405029296875,0.0005061916308477521,3.190790891647339,0.16245516599155962
4812,113.80406188964844,5.309595508151688e-06,3.7544509723375086e-07,62.66130828857422,0.0005057424423284829,3.1902856826782227,0.16730341699440032
4813,113.55526733398438,5.217429134063423e-06,4.6951959120633546e-07,62.488582611083984,0.0005049799219705164,3.1897952556610107,0.16616112500196323
4814,113.30699157714844,5.193222932575736e-06,2.9497664399968926e-07,62.303306579589844,0.0005045486032031476,3.189318895339966,0.1631086670095101
4815,113.06086730957031,5.097499979456188e-06,3.598333933041431e-07,62.13222122192383,0.0005038290983065963,3.1888556480407715,0.1684874159982428
4816,112.81710815429688,5.048900675319601e-06,2.1217510948190466e-07,61.952362060546875,0.0005033863708376884,3.1884050369262695,0.16341412503970787
4817,112.57623291015625,4.932524007017491e-06,2.776289420580724e-07,61.7853889465332,0.0005026982980780303,3.1879663467407227,0.1647839589859359
4818,112.33723449707031,4.869713848165702e-06,1.5739351511001587e-07,61.60990905761719,0.0005022460827603936,3.1875391006469727,0.1646664579748176
4819,112.10081481933594,4.744001671497244e-06,2.1526125237869564e-07,61.4464111328125,0.0005015847855247557,3.1871228218078613,0.16306674998486415
4820,111.86555480957031,4.655875272874255e-06,1.126900315284729e-07,61.27640151977539,0.0005011230241507292,3.1867175102233887,0.1464270839933306
4821,111.63276672363281,4.521558821579674e-06,1.6273497749352828e-07,61.11546325683594,0.000500488793477416,3.1863229274749756,0.17514666600618511
4822,111.40164184570312,4.4350308598950505e-06,7.834591997379903e-08,60.94798278808594,0.0005000232486054301,3.185938835144043,0.1498392920475453
4823,111.17179870605469,4.316584181651706e-06,1.208356934512267e-07,60.78700637817383,0.0004994104965589941,3.1855647563934326,0.1520495829754509
4824,110.9438705444336,4.246285698172869e-06,5.216884346737061e-08,60.6197395324707,0.0004989428562112153,3.1852004528045654,0.1647287920350209
4825,110.71769714355469,4.162202912993962e-06,8.967253961600363e-08,60.456642150878906,0.0004983587423339486,3.184845447540283,0.15743625001050532
4826,110.49378967285156,4.121202891838038e-06,3.784953150898218e-08,60.28772735595703,0.0004979015211574733,3.1844992637634277,0.1550250419531949
4827,110.27067565917969,4.052040367241716e-06,7.491416909033433e-08,60.124568939208984,0.0004973341128788888,3.1841611862182617,0.15783362498041242
4828,110.04867553710938,4.006813924206654e-06,2.7694341042661108e-08,59.957332611083984,0.0004968789289705455,3.183830976486206,0.15530779195250943
4829,109.82911682128906,3.934364940505475e-06,6.581194611499086e-08,59.79624938964844,0.0004963284591212869,3.1835081577301025,0.1567475000047125
4830,109.61122131347656,3.887216280418215e-06,3.163427209074143e-08,59.6309700012207,0.0004958836943842471,3.183192253112793,0.18587241601198912
4831,109.3939208984375,3.814930096268654e-06,7.648850441910326e-08,59.471107482910156,0.0004953367169946432,3.1828830242156982,0.16527412499999627
4832,109.17790222167969,3.7659594909200678e-06,3.493914846330881e-08,59.307708740234375,0.0004949010908603668,3.18257999420166,0.16628579195821658
4833,108.96339416503906,3.6936694414180238e-06,7.914877642178908e-08,59.14976501464844,0.0004943634266965091,3.1822831630706787,0.16533683403395116
4834,108.75000762939453,3.6393432765180478e-06,4.145681486988906e-08,58.988006591796875,0.0004939392092637718,3.181992292404175,0.301950958033558
4835,108.53805541992188,3.5502926039043814e-06,9.139421308645979e-08,58.833736419677734,0.0004934015450999141,3.1817073822021484,0.14795295801013708
4836,108.32649230957031,3.5006028156203683e-06,4.8531546781305224e-08,58.67237091064453,0.0004929920542053878,3.1814281940460205,0.1471314579830505
4837,108.11627960205078,3.425621343922103e-06,9.754899110703263e-08,58.5176887512207,0.0004924627137370408,3.181154489517212,0.15014708403032273
4838,107.90669250488281,3.390410256542964e-06,5.3043777370476164e-08,58.356380462646484,0.0004920596838928759,3.1808860301971436,0.14921016700100154
4839,107.69865417480469,3.3303163036180194e-06,1.0329040378564969e-07,58.20122528076172,0.0004915406461805105,3.1806225776672363,0.16143883403856307
4840,107.49244689941406,3.3127182632597396e-06,6.483696779469028e-08,58.0393180847168,0.0004911537398584187,3.180363655090332,0.16393391700694337
4841,107.28848266601562,3.25482506013941e-06,1.4442980500462e-07,57.885520935058594,0.0004906303365714848,3.1801090240478516,0.1578175419708714
4842,107.08706665039062,3.2284256121783983e-06,1.2283294381632004e-07,57.72551345825195,0.0004902643267996609,3.179858684539795,0.16068116703536361
4843,106.888671875,3.159611878800206e-06,2.54513906838838e-07,57.57505798339844,0.0004897220060229301,3.179612398147583,0.1602046670159325
4844,106.69375610351562,3.142260084132431e-06,2.5740882847458124e-07,57.41470718383789,0.0004893908044323325,3.1793699264526367,0.15989970800001174
4845,106.50662231445312,3.070823595408001e-06,5.102274371893145e-07,57.2664794921875,0.0004888204275630414,3.179131269454956,0.15907112503191456
4846,106.32948303222656,3.0624732971773483e-06,6.371637937263586e-07,57.10505676269531,0.0004885446396656334,3.178896188735962,0.16447320801671594
4847,106.17304992675781,2.9693158012378262e-06,1.2322707334533334e-06,56.96263122558594,0.00048790263826958835,3.1786646842956543,0.15859033301239833
4848,106.0472640991211,2.9837124202458654e-06,1.778791784090572e-06,56.797603607177734,0.0004877340979874134,3.178436517715454,0.1641454579657875
4849,105.97015380859375,2.8535832825582474e-06,3.2522448236704804e-06,56.66311264038086,0.00048696453450247645,3.1782119274139404,0.15259983396390453
4850,105.97720336914062,2.926742581621511e-06,4.9736463552108034e-06,56.48929214477539,0.0004869787662755698,3.177990436553955,0.14682291698409244
4851,106.1443099975586,2.7460744149720995e-06,9.035924449563026e-06,56.36697769165039,0.00048599133151583374,3.177772283554077,0.14673387497896329
4852,106.5885238647461,2.8990725695621222e-06,1.4881175047776196e-05,56.17866516113281,0.00048631837125867605,3.1775567531585693,0.14709258399670944
4853,107.52389526367188,2.624382659632829e-06,2.6895435439655557e-05,56.07831954956055,0.0004849359975196421,3.177344560623169,0.15532091702334583
4854,109.34562683105469,2.917776100730407e-06,4.606744187185541e-05,55.86569595336914,0.00048581414739601314,3.1771345138549805,0.15502708300482482
4855,112.75563049316406,2.4637342903588433e-06,8.330468699568883e-05,55.807804107666016,0.0004837098531424999,3.1769278049468994,0.15944662498077378
4856,119.0194091796875,3.019649284397019e-06,0.00014605780597776175,55.552547454833984,0.0004855911247432232,3.176722526550293,0.1596187090035528
4857,130.54705810546875,2.238601837234455e-06,0.00026529256138019264,55.574642181396484,0.00048219304881058633,3.176520586013794,0.1600074169691652
4858,151.89202880859375,3.2975476642604917e-06,0.00047719807480461895,55.2512092590332,0.00048591263475827873,3.176318883895874,0.16510716697666794
4859,191.79270935058594,1.933205339810229e-06,0.0008814552566036582,55.439517974853516,0.0004801434697583318,3.1761209964752197,0.16679583297809586
4860,266.69580078125,4.030472609883873e-06,0.0016252344939857721,55.03083801269531,0.0004873846482951194,3.175920009613037,0.1633690829621628
4861,408.27203369140625,1.5649566194042563e-06,0.0030479987617582083,55.59048843383789,0.0004772518004756421,3.175722360610962,0.16174037498421967
4862,676.37060546875,6.11335462963325e-06,0.005714156664907932,55.19925308227539,0.0004914434975944459,3.175513982772827,0.16246208298252895
4863,1187.998046875,1.3053104339633137e-06,0.010838942602276802,56.63245391845703,0.00047340773744508624,3.175304412841797,0.16080437501659617
4864,2157.923828125,1.3505069546226878e-05,0.020492836833000183,57.08662796020508,0.0005020294920541346,3.1750617027282715,0.15137924998998642
4865,3989.28369140625,2.371432401560014e-06,0.038815587759017944,60.428104400634766,0.00047059671487659216,3.1747939586639404,0.14706116600427777
4866,7309.0908203125,4.905800233245827e-05,0.0718473270535469,66.32685089111328,0.0005312527064234018,3.1744234561920166,0.14588787505635992
4867,13033.6376953125,2.0407227566465735e-05,0.12911714613437653,71.59037780761719,0.00048290780978277326,3.173926591873169,0.1422169579891488
4868,21379.875,0.00026225289911963046,0.21189361810684204,102.43521881103516,0.000618541962467134,3.1731197834014893,0.15052712499164045
4869,30662.361328125,0.00028778196428902447,0.30476564168930054,97.803955078125,0.0005921539268456399,3.171834707260132,0.15319500002078712
4870,32950.515625,0.0013298388803377748,0.3254755735397339,184.55593872070312,0.0008541870629414916,3.1697797775268555,0.1492572920396924
4871,22851.205078125,0.0020665128249675035,0.22375160455703735,167.86007690429688,0.0010153558105230331,3.166599750518799,0.16118304198607802
4872,5705.82275390625,0.0032658916898071766,0.05045858398079872,216.26715087890625,0.0011710809776559472,3.162306547164917,0.15708529198309407
4873,1359.586181640625,0.0033011252526193857,0.007069082465022802,202.53781127929688,0.001200275612063706,3.1571056842803955,0.16234525002073497
4874,10922.2255859375,0.0022788099013268948,0.10389263182878494,196.02122497558594,0.0010906008537858725,3.1514573097229004,0.15785641595721245
4875,14935.849609375,0.0011731864651665092,0.14537657797336578,167.40185546875,0.0011347101535648108,3.1461679935455322,0.1645642500370741
4876,6521.7294921875,0.0004091731389053166,0.061921510845422745,188.7511749267578,0.00099910085555166,3.1416618824005127,0.16668262501480058
4877,332.8115234375,6.969288369873539e-05,1.7521815607324243e-06,208.82826232910156,0.0011683874763548374,3.1384494304656982,0.16384670900879428
4878,5460.02880859375,6.94072355145181e-08,0.05075378343462944,244.58096313476562,0.0014006269630044699,3.1368513107299805,0.1640448750113137
4879,9778.3837890625,6.581194611499086e-06,0.09408140927553177,254.62271118164062,0.0011496220249682665,3.1367244720458984,0.16149933403357863
4880,4513.52783203125,1.767791815154851e-07,0.041477594524621964,223.55711364746094,0.001421937602572143,3.137993574142456,0.14789470797404647
4881,313.1067199707031,7.828836533008143e-05,2.4455775928799994e-05,180.40126037597656,0.0012243103701621294,3.140212297439575,0.14550220902310684
4882,3879.38134765625,0.0003166332608088851,0.0359022431075573,150.69442749023438,0.0010679940460249782,3.142958402633667,0.14565500000026077
4883,5825.89404296875,0.0005279751494526863,0.05500967428088188,138.9492950439453,0.0013318003620952368,3.146134376525879,0.1484955420019105
4884,1965.829833984375,0.001033099484629929,0.01620814949274063,125.71532440185547,0.0011598963756114244,3.1493144035339355,0.1548125420231372
4885,673.419189453125,0.001219429774209857,0.002917276928201318,133.0428924560547,0.001267055980861187,3.1524393558502197,0.1579815829754807
4886,3650.8671875,0.0010850613471120596,0.03251127153635025,144.60658264160156,0.0014662726316601038,3.155654191970825,0.1628137500374578
4887,3397.04248046875,0.0011349823325872421,0.030247887596488,131.6985321044922,0.0012705693952739239,3.1588423252105713,0.16764395899372175
4888,583.4810791015625,0.0007291872170753777,0.00234412238933146,132.77471923828125,0.0014337536413222551,3.162294864654541,0.1605768339941278
4889,1280.318603515625,0.00041036037146113813,0.0094479164108634,142.99240112304688,0.0015149847604334354,3.1662299633026123,0.15598666603909805
4890,2985.197998046875,0.00025731881032697856,0.02660899981856346,160.1327667236328,0.001384332892484963,3.170675277709961,0.16261212498648092
4891,1548.618408203125,8.137600525515154e-05,0.011982926167547703,177.90158081054688,0.0016428667586296797,3.175880193710327,0.15467137499945238
4892,363.66156005859375,5.146649345988408e-05,0.00014193807146511972,184.80979919433594,0.0015951128443703055,3.181790590286255,0.1523819169960916
4893,1642.128662109375,6.431344809243456e-05,0.01303023286163807,182.82456970214844,0.00149849324952811,3.188249349594116,0.1525556250126101
4894,1935.9254150390625,7.476175960619003e-05,0.015864567831158638,175.9821319580078,0.0016601023962721229,3.1952052116394043,0.1548914160230197
4895,587.4140625,0.00019349958165548742,0.0026113821659237146,158.82579040527344,0.0014810006832703948,3.202343225479126,0.15175466594519094
4896,601.5525512695312,0.0003334450884722173,0.0027854926884174347,145.47239685058594,0.0014418641803786159,3.2094497680664062,0.1486417920095846
4897,1504.669677734375,0.0004337761492934078,0.011701993644237518,138.7589874267578,0.001523336861282587,3.216430902481079,0.14715787500608712
4898,1011.4984130859375,0.0006176652386784554,0.006861195899546146,126.99800872802734,0.001366143231280148,3.2230639457702637,0.14623133302666247
4899,326.98388671875,0.0006432590307667851,4.243338480591774e-08,123.31140899658203,0.0013934231828898191,3.229335069656372,0.16577354195760563
4900,862.9470825195312,0.0005869515589438379,0.005407250951975584,122.09564971923828,0.001414312282577157,3.235285997390747,0.1524790420080535
4901,1094.5843505859375,0.0005432035541161895,0.007938364520668983,117.92703247070312,0.001285005360841751,3.2408905029296875,0.15365849999943748
4902,450.994140625,0.00038220349233597517,0.0015583480708301067,122.55461120605469,0.0013438437599688768,3.246293783187866,0.16634095896733925
4903,389.37884521484375,0.00026093795895576477,0.0010198579402640462,128.92706298828125,0.0013237220700830221,3.2515828609466553,0.1680396250449121
4904,844.1910400390625,0.0001834260328905657,0.005653331056237221,136.1996307373047,0.0012431566137820482,3.256786346435547,0.1629590829834342
4905,666.4561767578125,0.00011264260683674365,0.0038303877227008343,140.5507049560547,0.0013160251546651125,3.2619986534118652,0.16251754201948643
4906,282.7723083496094,0.00010062305227620527,8.339175110450014e-05,139.7290802001953,0.0012464176397770643,3.267174482345581,0.16156412503914908
4907,472.5201416015625,0.00011188224016223103,0.0020662418100982904,135.3889617919922,0.0011931880144402385,3.27224063873291,0.16192329197656363
4908,667.3526000976562,0.00013215681246947497,0.004024614114314318,129.33990478515625,0.0012233562301844358,3.2771520614624023,0.15877716604154557
4909,402.4622497558594,0.00019103997328784317,0.0014952999772503972,121.36122131347656,0.0011246701469644904,3.281770706176758,0.16436487500322983
4910,259.5230407714844,0.00023904890986159444,9.85318110906519e-05,115.15833282470703,0.0011060662800446153,3.2860281467437744,0.1625857079634443
4911,465.0555114746094,0.0002684161008801311,0.0021612050477415323,111.45854187011719,0.0011063484707847238,3.28989577293396,0.14684920804575086
4912,489.9723205566406,0.0002938133548013866,0.0024983028415590525,107.88680267333984,0.0010287387995049357,3.2933197021484375,0.17392095900140703
4913,277.7584228515625,0.0002736403257586062,0.0003972573613282293,106.59675598144531,0.0010407189838588238,3.2963387966156006,0.15005879203090444
4914,268.367431640625,0.00024205520458053797,0.00036770093720406294,105.53252410888672,0.0010185928549617529,3.2989864349365234,0.14939412497915328
4915,407.95947265625,0.0002063074934994802,0.0018520548474043608,105.22730255126953,0.0009689595317468047,3.3012869358062744,0.15872616600245237
4916,355.92877197265625,0.00015960086602717638,0.001349429483525455,105.96105194091797,0.0009906470077112317,3.303314685821533,0.15558099996997043
4917,223.12954711914062,0.00012764078564941883,7.946779078338295e-05,107.06329345703125,0.00095355388475582,3.305095911026001,0.16564608400221914
4918,261.12939453125,0.00010327827476430684,0.0004965355037711561,107.8650131225586,0.0009328300366178155,3.3066556453704834,0.16515512502519414
4919,341.9669189453125,8.728772081667557e-05,0.001314070774242282,107.46490478515625,0.0009436615509912372,3.308023452758789,0.16507620800985023
4920,281.0362548828125,8.596738916821778e-05,0.0007713076774962246,105.59085845947266,0.0008971791248768568,3.309173107147217,0.1629684169893153
4921,201.73318481445312,9.116674482356757e-05,8.485558282700367e-06,102.63805389404297,0.0008912989869713783,3.310091495513916,0.15927333297440782
4922,239.87818908691406,0.00010282568109687418,0.0004226068267598748,99.3926010131836,0.0008794234017841518,3.3107542991638184,0.164526125008706
4923,284.6552734375,0.00011833275493700057,0.0009242348023690283,96.32811737060547,0.0008407040731981397,3.3111209869384766,0.15957066701957956
4924,235.55929565429688,0.0001289613574044779,0.0004437441239133477,93.8735580444336,0.0008441518875770271,3.3111891746520996,0.16104058298515156
4925,187.64837646484375,0.0001339416194241494,1.5158375390456058e-06,92.09351348876953,0.0008200911688618362,3.3109517097473145,0.169974334014114
4926,216.26519775390625,0.00013000312901567668,0.0003231639275327325,90.97808837890625,0.0007997039356268942,3.3104195594787598,0.14586508297361434
4927,243.1549072265625,0.00011792851000791416,0.0006057246355339885,90.61702728271484,0.0008017256041057408,3.3096306324005127,0.14589054201496765
4928,209.11761474609375,0.00010264443699270487,0.0003134995058644563,90.12481689453125,0.0007737839478068054,3.3086092472076416,0.295173833030276
4929,175.7667236328125,8.605141192674637e-05,1.4199488305166597e-06,90.18195343017578,0.0007683762232773006,3.3073971271514893,0.1562450840137899
4930,192.5771484375,7.10227686795406e-05,0.00018969454686157405,90.3742446899414,0.0007613116758875549,3.3060317039489746,0.15282012498937547
4931,212.64645385742188,5.9225247241556644e-05,0.000422508834162727,90.58531951904297,0.0007388771628029644,3.3045341968536377,0.16820587503025308
4932,193.15847778320312,5.202731699682772e-05,0.000238172389799729,90.18448638916016,0.0007395402062684298,3.302931070327759,0.16199745802441612
4933,167.71014404296875,4.8781188525026664e-05,1.140708445745986e-05,89.48014831542969,0.0007221116684377193,3.3012266159057617,0.1611890000058338
4934,173.5572509765625,4.97215187351685e-05,9.418831905350089e-05,88.29117584228516,0.0007087509729899466,3.299417495727539,0.16199633397627622
4935,188.691162109375,5.434934064396657e-05,0.0002596224658191204,86.75321960449219,0.000705407524947077,3.297499418258667,0.15844133298378438
4936,180.40042114257812,6.002239024383016e-05,0.00020630407379940152,85.20911407470703,0.000685586710460484,3.29545521736145,0.15710112499073148
4937,161.18765258789062,6.633769953623414e-05,2.723778015933931e-05,83.69539642333984,0.0006813471554778516,3.2932803630828857,0.16315562499221414
4938,159.36972045898438,6.9766552769579e-05,2.6124544092454016e-05,82.54389190673828,0.0006723671685904264,3.2909743785858154,0.1644501659902744
4939,170.09396362304688,6.89108856022358e-05,0.00015464007447008044,81.77566528320312,0.0006596321472898126,3.288543701171875,0.15789616596885026
4940,169.62338256835938,6.554392166435719e-05,0.000159456321853213,81.20771026611328,0.0006591565907001495,3.2860097885131836,0.14940812502754852
4941,156.847412109375,5.8412475482327864e-05,5.3846935770707205e-05,80.8907699584961,0.0006473069661296904,3.2833919525146484,0.1452459159772843
4942,150.23751831054688,5.1403225370449945e-05,1.7170132196042687e-06,80.64569091796875,0.0006427979096770287,3.280715227127075,0.14418133301660419
4943,155.3377685546875,4.51096348115243e-05,6.472518725786358e-05,80.41004943847656,0.0006394422962330282,3.2780022621154785,0.14766970899654552
4944,158.94566345214844,3.935690256184898e-05,0.0001188624300993979,80.204833984375,0.0006291890167631209,3.2752678394317627,0.1536356249707751
4945,152.940673828125,3.6497163819149137e-05,6.728969310643151e-05,79.71520233154297,0.000628467823844403,3.272526264190674,0.15720987500390038
4946,145.33628845214844,3.437000486883335e-05,6.5372305471100844e-06,79.19661712646484,0.0006204895325936377,3.269782781600952,0.16548433300340548
4947,145.0093231201172,3.3986696507781744e-05,1.6281192074529827e-05,78.49531555175781,0.0006148722022771835,3.2670392990112305,0.17109841597266495
4948,148.591552734375,3.5167096939403564e-05,6.158026371849701e-05,77.66392517089844,0.0006125289364717901,3.264295816421509,0.16318262502318248
4949,147.87051391601562,3.595474117901176e-05,6.992794806137681e-05,76.888916015625,0.0006039332365617156,3.2615480422973633,0.16740174998994917
4950,142.51515197753906,3.7831388908671215e-05,2.4286287953145802e-05,76.06732940673828,0.0006023605819791555,3.258795976638794,0.1678589999792166
4951,138.93731689453125,3.8238682463997975e-05,3.84081886295462e-08,75.41340637207031,0.0005969619378447533,3.256040334701538,0.15783645800547674
4952,139.9019012451172,3.7465662899194285e-05,2.0477295038290322e-05,74.89944458007812,0.0005920816329307854,3.2532858848571777,0.1590170409763232
4953,141.4681396484375,3.601981734391302e-05,4.335126141086221e-05,74.45362854003906,0.0005907739978283644,3.250542402267456,0.15563724999083206
4954,139.7568359375,3.2635485695209354e-05,3.842615114990622e-05,74.19408416748047,0.0005845659761689603,3.2478201389312744,0.15550312504637986
4955,136.12933349609375,2.9792987334076315e-05,9.324870916316286e-06,73.90022277832031,0.0005831731832586229,3.2451322078704834,0.15082987502682954
4956,134.3112335205078,2.6647481718100607e-05,3.615516561694676e-07,73.66387939453125,0.0005794645403511822,3.2424890995025635,0.1470852920319885
4957,134.98890686035156,2.395841511315666e-05,1.629658800084144e-05,73.41960906982422,0.0005754380254074931,3.239898920059204,0.14906650001648813
4958,135.55029296875,2.250999750685878e-05,2.8019758246955462e-05,73.06437683105469,0.0005743293440900743,3.237367630004883,0.14922129199840128
4959,134.08152770996094,2.1021385691710748e-05,2.2901371266925707e-05,72.74944305419922,0.0005693981656804681,3.234896659851074,0.15069816703908145
4960,131.6697998046875,2.0856647097389214e-05,5.078408321423922e-06,72.28443908691406,0.0005679184687323868,3.2324860095977783,0.15755025000544265
4961,130.4243927001953,2.0899678929708898e-05,2.7163173399458174e-07,71.82622528076172,0.0005648103542625904,3.230132818222046,0.18478854099521413
4962,130.61924743652344,2.1233987354207784e-05,9.922413482854608e-06,71.35860443115234,0.0005614500842057168,3.227832555770874,0.17198379198089242
4963,130.76304626464844,2.219494490418583e-05,1.671892823651433e-05,70.84362030029297,0.0005602804012596607,3.225581407546997,0.16723087499849498
4964,129.7687530517578,2.2347965568769723e-05,1.467221591155976e-05,70.42886352539062,0.000556378741748631,3.2233755588531494,0.16421987500507385
4965,128.1704864501953,2.271577250212431e-05,3.8651542126899585e-06,70.00121307373047,0.0005551117938011885,3.2212138175964355,0.16925575002096593
4966,127.14549255371094,2.215003769379109e-05,4.082721716258675e-09,69.6770248413086,0.0005525306332856417,3.219097375869751,0.1641603329917416
4967,126.99239349365234,2.097713695548009e-05,4.7757312131579965e-06,69.42115783691406,0.000549959484487772,3.217029333114624,0.163034749974031
4968,126.97660827636719,1.9791037630056962e-05,9.447584488952998e-06,69.1748046875,0.0005487794987857342,3.2150144577026367,0.16787654103245586
4969,126.38430786132812,1.7995094822254032e-05,1.0142921382794157e-05,69.00713348388672,0.0005456337239593267,3.213057279586792,0.16426920803496614
4970,125.30964660644531,1.685764618741814e-05,3.902743628714234e-06,68.77925109863281,0.0005445434944704175,3.2111616134643555,0.16008487500948831
4971,124.3906021118164,1.566094215377234e-05,3.1178410608845297e-07,68.57576751708984,0.0005421756068244576,3.209329605102539,0.14768166601425037
4972,123.9797134399414,1.4941939298296347e-05,1.3337930795387365e-06,68.33123779296875,0.0005402090610004961,3.2075612545013428,0.1476269590202719
4973,123.83323669433594,1.4687745533592533e-05,4.3084146454930305e-06,68.03792572021484,0.0005389570142142475,3.205855131149292,0.14739179197931662
4974,123.50762939453125,1.4376008039107546e-05,6.542108167195693e-06,67.76885986328125,0.0005364696262404323,3.2042083740234375,0.15464437496848404
4975,122.84302520751953,1.4604714124288876e-05,3.902743628714234e-06,67.43392181396484,0.0005355835892260075,3.2026174068450928,0.16145645803771913
4976,122.07820892333984,1.4545549674949143e-05,1.2739039902953664e-06,67.14361572265625,0.0005335264722816646,3.2010786533355713,0.1583029159810394
4977,121.52925109863281,1.463844546378823e-05,5.044080353400204e-08,66.83917999267578,0.000532211794052273,3.1995890140533447,0.16137279197573662
4978,121.23692321777344,1.4586496945412364e-05,1.2280397641006857e-06,66.55155181884766,0.0005310392007231712,3.198146104812622,0.16339808399789035
4979,120.99397277832031,1.4139243830868509e-05,3.4441800380591303e-06,66.31047058105469,0.0005292516434565187,3.196748971939087,0.16092320799361914
4980,120.59623718261719,1.3787341231363826e-05,3.072495019296184e-06,66.05448913574219,0.0005285576335154474,3.1953976154327393,0.16589312499854714
4981,120.04602813720703,1.3000381841266062e-05,2.0613972537830705e-06,65.85499572753906,0.0005268485401757061,3.1940925121307373,0.16654033301165327
4982,119.49891662597656,1.2374962352623697e-05,2.726267211983213e-07,65.63555908203125,0.0005259860772639513,3.1928346157073975,0.1601224579499103
4983,119.08462524414062,1.1691883628373034e-05,3.89709384762682e-08,65.43055725097656,0.000524809816852212,3.191624164581299,0.1605989999952726
4984,118.79666137695312,1.1075752809119876e-05,1.0984886102960445e-06,65.22561645507812,0.0005235361750237644,3.1904611587524414,0.15645216597476974
4985,118.52252197265625,1.0757122254290152e-05,1.7307868347415933e-06,64.98946380615234,0.0005228426889516413,3.189344644546509,0.17150337499333546
4986,118.16506958007812,1.0348205250920728e-05,2.1555572402576217e-06,64.7739486694336,0.0005214075208641589,3.1882729530334473,0.14858825004193932
4987,117.72787475585938,1.0289616511727218e-05,1.0325404673494631e-06,64.51753997802734,0.00052078120643273,3.1872434616088867,0.14539912500185892
4988,117.28865051269531,1.0130017471965402e-05,3.5186894820071757e-07,64.28352355957031,0.0005195694393478334,3.186253547668457,0.14647962502203882
4989,116.91763305664062,1.00860534075764e-05,2.4461769498884678e-08,64.03931427001953,0.0005186726921238005,3.185300588607788,0.14708799996878952
4990,116.6182861328125,1.0059190572064836e-05,3.144523361697793e-07,63.79801940917969,0.0005178290302865207,3.184382200241089,0.16157979099079967
4991,116.33918762207031,9.896145456878003e-06,1.0412804840598255e-06,63.5783576965332,0.0005166708142496645,3.1834959983825684,0.15614049998112023
4992,116.02977752685547,9.833617696131114e-06,9.630102795199491e-07,63.3476676940918,0.0005160244763828814,3.182640552520752,0.16039595799520612
4993,115.67909240722656,9.493074685451575e-06,9.231882813764969e-07,63.154510498046875,0.0005148295895196497,3.1818149089813232,0.15646366705186665
4994,115.31326293945312,9.250758012058213e-06,2.5740882847458124e-07,62.950286865234375,0.0005141215515322983,3.181018352508545,0.16628504102118313
4995,114.96985626220703,8.873259503161535e-06,4.145681486988906e-08,62.76618957519531,0.0005131219513714314,3.180250883102417,0.22641158400801942
4996,114.66658020019531,8.50327796797501e-06,1.101434463635087e-07,62.58332061767578,0.0005122191505506635,3.1795122623443604,0.18419695895863697
4997,114.39103698730469,8.22301171865547e-06,2.887938990170369e-07,62.391746520996094,0.0005114811356179416,3.1788017749786377,0.16967137495521456
4998,114.11593627929688,7.890748747740872e-06,6.89979970047716e-07,62.21160888671875,0.0005104625015519559,3.178118944168091,0.17073020798852667
4999,113.82032012939453,7.754383659630548e-06,5.170622898731381e-07,62.00614547729492,0.0005098702968098223,3.177462577819824,0.18489529099315405
5000,113.50505065917969,7.5443676905706525e-06,4.501200692175189e-07,61.81460189819336,0.0005089100450277328,3.1768312454223633,0.1697175829904154
5001,113.19046020507812,7.485545211238787e-06,8.349979907507077e-08,61.60401153564453,0.0005082954303361475,3.176223039627075,0.17583816597471014
5002,112.89340209960938,7.405201813526219e-06,8.734787115827203e-09,61.39982986450195,0.0005075217923149467,3.1756362915039062,0.14947787503479049
5003,112.61700439453125,7.324001671804581e-06,8.599840839451645e-08,61.196022033691406,0.0005067998426966369,3.1750693321228027,0.1548975000041537
5004,112.350830078125,7.266688953677658e-06,1.4226338862499688e-07,60.989837646484375,0.0005062010022811592,3.174520492553711,0.15636370901484042
5005,112.08252716064453,7.09641835783259e-06,3.296045179013163e-07,60.79954528808594,0.0005054037901572883,3.1739888191223145,0.16442024998832494
5006,111.80718994140625,6.991063855821267e-06,1.9707863430085126e-07,60.60091018676758,0.000504874624311924,3.173473596572876,0.16425720800179988
5007,111.52639770507812,6.778993792977417e-06,1.941261871252209e-07,60.41846466064453,0.0005041062249802053,3.1729743480682373,0.15918554202653468
5008,111.24832916259766,6.61058584228158e-06,2.6594534574542195e-08,60.230918884277344,0.0005035368958488107,3.1724905967712402,0.15527929202653468
5009,110.978759765625,6.421921625587856e-06,6.190248313941993e-09,60.04877471923828,0.0005028716986998916,3.1720221042633057,0.15134366700658575
5010,110.71748352050781,6.23777532382519e-06,3.231639311707113e-08,59.86720657348633,0.0005022326949983835,3.1715683937072754,0.15677324996795505
5011,110.4611587524414,6.097448476793943e-06,3.511763679853175e-08,59.681732177734375,0.0005016616778448224,3.171128988265991,0.15257375000510365
5012,110.20689392089844,5.938366030022735e-06,1.2960867934452835e-07,59.50099563598633,0.0005009910091757774,3.170703411102295,0.1575312499771826
5013,109.95185852050781,5.854131813975982e-06,7.543712854385376e-08,59.311614990234375,0.0005004729027859867,3.17029070854187,0.16159987496212125
5014,109.69610595703125,5.744184363720706e-06,1.1623910722846631e-07,59.12924575805664,0.0004998082295060158,3.1698899269104004,0.15813799999887124
5015,109.44003295898438,5.6849103202694096e-06,2.737783688644413e-08,58.940059661865234,0.000499287445563823,3.1695003509521484,0.15002795797772706
5016,109.18753814697266,5.594883987214416e-06,2.5822600946412422e-08,58.75788497924805,0.0004986758576706052,3.169121026992798,0.1658972919685766
5017,108.93807220458984,5.5111718211264815e-06,3.66731001122389e-09,58.57472610473633,0.0004981186357326806,3.1687514781951904,0.14991512498818338
5018,108.69434356689453,5.436426363303326e-06,6.648633643635549e-09,58.39319610595703,0.0004975683987140656,3.1683907508850098,0.15293025004211813
5019,108.45361328125,5.32994181412505e-06,7.413314051518682e-08,58.21693420410156,0.0004969626897946,3.168038845062256,0.3145708329975605
5020,108.21420288085938,5.244147814664757e-06,5.459241947392002e-08,58.03842544555664,0.0004964590771123767,3.1676950454711914,0.16686133400071412
5021,107.97509765625,5.097768735140562e-06,1.2789769243681803e-07,57.8695068359375,0.0004958302597515285,3.1673595905303955,0.15742054203292355
5022,107.73628997802734,5.0096018640033435e-06,6.853065315226559e-08,57.69303512573242,0.0004953544121235609,3.16703200340271,0.16671166697051376
5023,107.49703979492188,4.876818820775952e-06,1.0731332622526679e-07,57.52457046508789,0.0004947405541315675,3.1667122840881348,0.1595417499775067
5024,107.25828552246094,4.802340754395118e-06,2.8172507882118225e-08,57.34912872314453,0.0004942610394209623,3.1663999557495117,0.17351612501079217
5025,107.02075958251953,4.69996439278475e-06,2.7694341042661108e-08,57.17858123779297,0.0004936940968036652,3.1660947799682617,0.16170450003119186
5026,106.78691864013672,4.626854206435382e-06,1.114131009671837e-09,57.00542449951172,0.000493186991661787,3.1657965183258057,0.16530750005040318
5027,106.55717468261719,4.566536972561153e-06,3.219838617951609e-09,56.83184814453125,0.0004926834953948855,3.1655046939849854,0.15572354203322902
5028,106.33053588867188,4.49346543973661e-06,6.53235474601388e-08,56.66082763671875,0.00049213832244277,3.1652188301086426,0.15679358300985768
5029,106.1056137084961,4.458409421204124e-06,5.6616272559040226e-08,56.48487091064453,0.0004916923935525119,3.164938449859619,0.14807545900112018
5030,105.8810806274414,4.385462489153724e-06,1.3656631381309126e-07,56.31622314453125,0.0004911265568807721,3.164663314819336,0.14592404197901487
5031,105.6567611694336,4.3630234358715825e-06,8.712072485650424e-08,56.141204833984375,0.0004907054244540632,3.1643927097320557,0.14735820796340704
5032,105.43119812011719,4.275321771274321e-06,1.408282059855992e-07,55.97636795043945,0.0004901321954093874,3.1641268730163574,0.15069450001465157
5033,105.20623779296875,4.232540504744975e-06,6.483696779469028e-08,55.80535888671875,0.0004897114704363048,3.163865327835083,0.15151487500406802
5034,104.98204803466797,4.127981810597703e-06,9.110613063967321e-08,55.64425277709961,0.0004891588469035923,3.1636083126068115,0.1540165829937905
5035,104.75912475585938,4.054440523759695e-06,2.7063151719630696e-08,55.479061126708984,0.0004887190880253911,3.163355827331543,0.16254562500398606
5036,104.53716278076172,3.967775683122454e-06,3.583613761293236e-08,55.31743621826172,0.00048819364747032523,3.1631078720092773,0.16692691697971895
5037,104.31707763671875,3.914999524567975e-06,1.0825260687852278e-09,55.15108108520508,0.0004877439059782773,3.1628644466400146,0.15712629200425
5038,104.09945678710938,3.860000106215011e-06,3.007016857736744e-09,54.98715591430664,0.00048725996748544276,3.162625312805176,0.16678104101447389
5039,103.88348388671875,3.811438318734872e-06,8.294819053844549e-09,54.823055267333984,0.00048678458551876247,3.1623899936676025,0.16027804103214294
5040,103.66905975341797,3.771513775063795e-06,4.082721716258675e-09,54.65768814086914,0.0004863381036557257,3.162158489227295,0.16424337500939146
5041,103.45693969726562,3.712939587785513e-06,4.184607860224787e-08,54.49674987792969,0.00048584718024358153,3.161930561065674,0.16560770804062486
5042,103.2464828491211,3.6900046325172298e-06,3.405352799745742e-08,54.330528259277344,0.0004854354774579406,3.16170597076416,0.17038100003264844
5043,103.03861236572266,3.621626319727511e-06,1.1461906979093328e-07,54.172569274902344,0.00048492421046830714,3.161484718322754,0.16083675000118092
5044,102.83118438720703,3.601011258069775e-06,9.636119102651719e-08,54.00734329223633,0.00048454105854034424,3.161266565322876,0.14927954197628424
5045,102.62394714355469,3.5260754884802736e-06,1.825392246246338e-07,53.8520393371582,0.000484010495711118,3.1610515117645264,0.14738625002792105
5046,102.41573333740234,3.4974809750565328e-06,1.2116743164369836e-07,53.689186096191406,0.00048364681424573064,3.160839557647705,0.1445551670040004
5047,102.20626831054688,3.4172423966083443e-06,1.6543913261557464e-07,53.536041259765625,0.00048311962746083736,3.160630702972412,0.14603512501344085
5048,101.99689483642578,3.390410256542964e-06,8.543997864762787e-08,53.37403106689453,0.0004827528027817607,3.1604249477386475,0.15743812499567866
5049,101.78829956054688,3.3248797990381718e-06,1.0793905858008657e-07,53.22016906738281,0.0004822485498152673,3.160222291946411,0.14838962501380593
5050,101.58015441894531,3.2953832942439476e-06,3.248806024203077e-08,53.0609245300293,0.00048186437925323844,3.160022735595703,0.155735292006284
5051,101.37359619140625,3.2430070859845728e-06,3.601689968490973e-08,52.90589904785156,0.0004813979903701693,3.1598260402679443,0.16683716600527987
5052,101.16932678222656,3.221361112082377e-06,2.0954757928848267e-09,52.74747085571289,0.0004809950478374958,3.1596322059631348,0.16418804199201986
5053,100.96617126464844,3.1731879062135704e-06,3.725290298461914e-09,52.59257125854492,0.00048055913066491485,3.1594409942626953,0.1682830830104649
5054,100.76541900634766,3.1380352538690204e-06,6.1154423747211695e-09,52.43742370605469,0.0004801357863470912,3.159252405166626,0.15833658404881135
5055,100.56546783447266,3.1060189940035343e-06,1.3833414413966238e-09,52.28181457519531,0.00047972911852411926,3.1590662002563477,0.16356216598069295
5056,100.36647033691406,3.0628905278717866e-06,1.8339051166549325e-08,52.129295349121094,0.0004792904946953058,3.1588826179504395,0.16056679101893678
5057,100.16841888427734,3.041647232748801e-06,3.842615114990622e-09,51.9743537902832,0.00047889514826238155,3.1587014198303223,0.1643441669875756
5058,99.97125244140625,3.0035130293981638e-06,2.1012965589761734e-08,51.82289505004883,0.00047845905646681786,3.158522367477417,0.16628608299652115
5059,99.77452087402344,2.9760985853499733e-06,4.2675765143940225e-09,51.66933059692383,0.00047807153896428645,3.1583456993103027,0.159835500002373
5060,99.57783508300781,2.924703494500136e-06,1.3759745343122631e-08,51.520320892333984,0.0004776366404257715,3.1581711769104004,0.14801620901562274
5061,99.38214111328125,2.897448894145782e-06,1.4210854715202004e-10,51.36832809448242,0.00047724050818942487,3.157999038696289,0.14544058399042115
5062,99.18826293945312,2.860434051399352e-06,3.2741809263825417e-11,51.218692779541016,0.00047683523735031486,3.1578290462493896,0.14733816700754687
5063,98.99627685546875,2.824057901307242e-06,2.506203600205481e-08,51.0698127746582,0.0004764155310112983,3.157661199569702,0.15229537495179102
5064,98.80581665039062,2.8012664188281633e-06,2.2848553271614946e-08,50.919044494628906,0.0004760436713695526,3.1574954986572266,0.16111983399605379
5065,98.61756896972656,2.756158437478007e-06,9.139421308645979e-08,50.77302169799805,0.0004755978879984468,3.157331943511963,0.15600108297076076
5066,98.43206787109375,2.7480500648380257e-06,9.754899110703263e-08,50.620880126953125,0.0004752662789542228,3.157170534133911,0.15689554199343547
5067,98.24947357177734,2.689866960281506e-06,2.324034085177118e-07,50.47807693481445,0.00047479168279096484,3.157011032104492,0.15115258301375434
5068,98.0697250366211,2.697301624721149e-06,2.5307258511020336e-07,50.32414245605469,0.0004745054757222533,3.156853437423706,0.1551845419453457
5069,97.89167022705078,2.633853910083417e-06,4.4501598495116923e-07,50.18436813354492,0.00047399415052495897,3.1566977500915527,0.16539183299755678
5070,97.71621704101562,2.654012860148214e-06,4.675612217397429e-07,50.02961349487305,0.0004737444396596402,3.156543731689453,0.16288754099514335
5071,97.54426574707031,2.572117182353395e-06,7.334201654884964e-07,49.89368438720703,0.0004732002562377602,3.1563916206359863,0.1579912499873899
5072,97.37651062011719,2.606068392196903e-06,7.88314537203405e-07,49.73747253417969,0.00047299597645178437,3.1562411785125732,0.1872212910093367
5073,97.2178726196289,2.5097906473092735e-06,1.203852889375412e-06,49.60572814941406,0.00047240781714208424,3.156092405319214,0.16515904199332
5074,97.07699584960938,2.5700146579765715e-06,1.466924004489556e-06,49.446495056152344,0.00047226803144440055,3.155945062637329,0.16015591600444168
5075,96.96074676513672,2.435375108689186e-06,2.3458014766220003e-06,49.32205581665039,0.00047160571557469666,3.1557998657226562,0.14979104202939197
5076,96.87699890136719,2.5253004878322827e-06,3.095942702202592e-06,49.158084869384766,0.0004715678805951029,3.155655860900879,0.1459081660141237
5077,96.83958435058594,2.360430698900018e-06,4.834264473174699e-06,49.04124069213867,0.0004707886837422848,3.1555140018463135,0.14498441701289266
5078,96.86888122558594,2.5079023089347174e-06,6.59098441246897e-06,48.8687744140625,0.0004709022177848965,3.1553730964660645,0.1437144170049578
5079,96.99821472167969,2.2848553271614946e-06,1.0100444342242554e-05,48.7644157409668,0.00046995270531624556,3.1552343368530273,0.15516962500987574
5080,97.2928466796875,2.515081405363162e-06,1.4334455045172945e-05,48.57879638671875,0.0004702909500338137,3.1550960540771484,0.15101287502329797
5081,97.84945678710938,2.188586677220883e-06,2.2293897927738726e-05,48.49494934082031,0.00046906262286938727,3.1549601554870605,0.160936959029641
5082,98.82284545898438,2.542949005146511e-06,3.3031668863259256e-05,48.288719177246094,0.0004697666736319661,3.1548242568969727,0.1669412909541279
5083,100.47773742675781,2.066877868855954e-06,5.2249397413106635e-05,48.236473083496094,0.00046809634659439325,3.154691219329834,0.16468441695906222
5084,103.26150512695312,2.6319196422264213e-06,8.0628196883481e-05,47.99733352661133,0.00046938160085119307,3.154557228088379,0.1625339169986546
5085,107.93699645996094,1.9021701973542804e-06,0.0001304874604102224,47.9995002746582,0.0004669853369705379,3.1544268131256104,0.15551966603379697
5086,115.78324890136719,2.8252600259293104e-06,0.00020868060528300703,47.70701217651367,0.0004692565416917205,3.1542937755584717,0.16480233299080282
5087,129.0174560546875,1.664006390456052e-06,0.00034480748581700027,47.808048248291016,0.0004656226374208927,3.1541659832000732,0.1640389579697512
5088,151.45700073242188,3.2427924452349544e-06,0.0005673660198226571,47.43626403808594,0.0004695984534919262,3.1540324687957764,0.15743720799218863
5089,189.8088836669922,1.3575781849795021e-06,0.000955694355070591,47.71636962890625,0.0004638730897568166,3.1539061069488525,0.15938566700788215
5090,255.78916931152344,4.188998445897596e-06,0.0016103514935821295,47.24921798706055,0.0004708589112851769,3.153768301010132,0.15582029201323166
5091,370.07861328125,9.808738923311466e-07,0.0027593811973929405,47.886383056640625,0.00046156029566191137,3.1536405086517334,0.15232441597618163
5092,569.12060546875,6.527480763907079e-06,0.004736717324703932,47.39060974121094,0.0004740548611152917,3.153489351272583,0.17645295796683058
5093,917.22900390625,6.695372576359659e-07,0.008225479163229465,48.74618911743164,0.0004586793656926602,3.1533498764038086,0.14943637495161965
5094,1524.6300048828125,1.35533018692513e-05,0.014263654127717018,48.73493957519531,0.00048174289986491203,3.1531600952148438,0.1509325840161182
5095,2576.71728515625,8.353550811079913e-07,0.02479582093656063,51.43153762817383,0.00045620216405950487,3.1529738903045654,0.15542979101883247
5096,4353.9619140625,3.946167271351442e-05,0.042455192655324936,54.402095794677734,0.0005009487504139543,3.1526734828948975,0.15266433398937806
5097,7225.09326171875,5.742469966207864e-06,0.07120128720998764,58.42271423339844,0.0004596739017870277,3.152326822280884,0.16245808399980888
5098,11408.3681640625,0.00015171880659181625,0.11264489591121674,73.55293273925781,0.0005515461089089513,3.1517162322998047,0.16155899997102097
5099,16489.953125,7.596323848702013e-05,0.1635967195034027,73.12406158447266,0.0004956130869686604,3.1508750915527344,0.16913670900976285
5100,20133.060546875,0.0005935229128226638,0.1988939642906189,117.04820251464844,0.0006726451101712883,3.1494815349578857,0.1662258330034092
5101,18998.369140625,0.0006161433411762118,0.18768982589244843,102.57151794433594,0.00065199303207919,3.147448778152466,0.16967954102437943
5102,11052.0341796875,0.0014723859494552016,0.1067722886800766,144.48806762695312,0.0008307904936373234,3.144613265991211,0.1597820830065757
5103,2442.24560546875,0.001548692467622459,0.020718028768897057,131.99826049804688,0.0008357522310689092,3.141018867492676,0.16213741700630635
5104,807.3745727539062,0.0013120578369125724,0.004720060620456934,123.35541534423828,0.0008080730913206935,3.1369965076446533,0.1650019580265507
5105,5767.22265625,0.0007894064765423536,0.05495868995785713,110.69816589355469,0.0008171480149030685,3.133087158203125,0.157474750012625
5106,9013.6435546875,0.00022966190590523183,0.08785384893417358,134.52821350097656,0.0007076505571603775,3.129751682281494,0.1474355409736745
5107,5705.1279296875,5.523261279449798e-05,0.054752301424741745,133.79161071777344,0.0009058279101736844,3.127467632293701,0.145308917039074
5108,943.2450561523438,2.1389623725553975e-06,0.00716199679300189,142.9246368408203,0.0008390685543417931,3.126363515853882,0.14747450000140816
5109,963.359375,4.087293064003461e-07,0.007323261816054583,144.91860961914062,0.0008607370546087623,3.1264655590057373,0.15028408297803253
5110,4272.23583984375,7.662442840228323e-07,0.040369655936956406,136.1590576171875,0.000990346074104309,3.1277124881744385,0.30550158402184024
5111,4947.1875,4.250305573805235e-05,0.04743627831339836,122.36843872070312,0.0007694031810387969,3.129689931869507,0.1620848749880679
5112,1894.5667724609375,0.00014533403737004846,0.016926446929574013,96.62580108642578,0.0009076280985027552,3.132228374481201,0.16008945798967034
5113,217.38369750976562,0.00035692306119017303,8.863606490194798e-05,86.67664337158203,0.0008615113329142332,3.134995222091675,0.16464541596360505
5114,1933.829345703125,0.0005647963844239712,0.01705448515713215,87.79602813720703,0.000841051631141454,3.137758255004883,0.16588508302811533
5115,3226.2080078125,0.0005571392248384655,0.029682312160730362,100.39096069335938,0.001018720562569797,3.1406192779541016,0.16464337497018278
5116,1769.5401611328125,0.0006695049232803285,0.015184923075139523,92.96265411376953,0.0009113474516198039,3.1434102058410645,0.17011137498775497
5117,263.20391845703125,0.0005082331481389701,0.00020197112462483346,93.23554992675781,0.0009894793620333076,3.146310806274414,0.16515675000846386
5118,1063.947509765625,0.0003151014680042863,0.008303333073854446,96.90360260009766,0.001052004867233336,3.149519920349121,0.16081900004064664
5119,2166.8466796875,0.00021407062013167888,0.019437680020928383,105.76032257080078,0.0009591132402420044,3.1530649662017822,0.16441550001036376
5120,1429.190673828125,7.062749500619248e-05,0.011937661096453667,114.97881317138672,0.00113383075222373,3.1572179794311523,0.15172700001858175
5121,303.4670104980469,4.4029689888702706e-05,0.0007192710763774812,119.49806213378906,0.0010763887548819184,3.161939859390259,0.14911691704764962
5122,619.0244750976562,3.645612741820514e-05,0.003880602540448308,120.745361328125,0.0010657329112291336,3.1671688556671143,0.1460642499732785
5123,1423.884521484375,3.527675653458573e-05,0.011842718347907066,119.5328369140625,0.0011655206326395273,3.1728782653808594,0.14421883400063962
5124,1127.786376953125,0.00010312568338122219,0.009052976965904236,109.6822509765625,0.001024939469061792,3.1787683963775635,0.1552892090403475
5125,323.54669189453125,0.00015960086602717638,0.0009850147180259228,101.6162338256836,0.0010746890911832452,3.1847217082977295,0.15921112499199808
5126,403.06146240234375,0.0002422165998723358,0.0017650662921369076,96.08346557617188,0.0010624967981129885,3.190579652786255,0.159530040982645
5127,966.756103515625,0.00034452200634405017,0.007420701440423727,91.72742462158203,0.00098506361246109,3.1961569786071777,0.16090908297337592
5128,847.9949951171875,0.0003344362776260823,0.006175325717777014,91.66194915771484,0.001053568790666759,3.201491117477417,0.1537562920129858
5129,312.91839599609375,0.000355375261278823,0.0009157593594864011,87.35816192626953,0.0009844679152593017,3.2065086364746094,0.1551820409949869
5130,305.05926513671875,0.0003059532609768212,0.0009081275784410536,86.77491760253906,0.0009687626734375954,3.211247205734253,0.1597342910245061
5131,672.5891723632812,0.00021348497830331326,0.004613089840859175,89.5903091430664,0.0010034138103947043,3.2158260345458984,0.16783087502699345
5132,650.4431762695312,0.0001682758011156693,0.00448062177747488,92.93672943115234,0.0009261671802960336,3.2202436923980713,0.16318041703198105
5133,295.37005615234375,0.00010243560245726258,0.0009205852984450758,96.65946960449219,0.0009640850475989282,3.2246079444885254,0.15944979200139642
5134,231.79598999023438,7.404403004329652e-05,0.00030887313187122345,98.89313507080078,0.0009461113368161023,3.228935480117798,0.18548554100561887
5135,471.34356689453125,7.065554382279515e-05,0.0027659477200359106,98.10598754882812,0.0008957725949585438,3.2331743240356445,0.1603770829970017
5136,517.22412109375,6.854325329186395e-05,0.0032125371508300304,96.1689682006836,0.0009294711053371429,3.2373223304748535,0.14662916597444564
5137,295.18426513671875,9.980916365748271e-05,0.0010796725982800126,90.86270904541016,0.0008637336432002485,3.2412538528442383,0.14691199996741489
5138,188.24346923828125,0.00012775663344655186,3.2529333111597225e-05,86.741943359375,0.0008547293255105615,3.2449028491973877,0.1475225419853814
5139,321.36053466796875,0.00015010792412795126,0.0013697543181478977,83.93592071533203,0.000854383921250701,3.24822998046875,0.14913166698534042
5140,406.6568603515625,0.00017678858421277255,0.002272872719913721,81.43586730957031,0.0008025484276004136,3.251164674758911,0.15429808298358694
5141,290.6580810546875,0.00016621308168396354,0.0011126672616228461,80.69026184082031,0.0008207978680729866,3.2537453174591064,0.15271041699452326
5142,176.63951110839844,0.00015568843809887767,2.4863049475243315e-05,79.4192123413086,0.0007916514878161252,3.255977153778076,0.16409337503137067
5143,225.12240600585938,0.00013328845670912415,0.0005557051044888794,79.00772094726562,0.0007721533183939755,3.2578914165496826,0.16032641602214426
5144,309.36962890625,0.00010119785292772576,0.0014124007429927588,79.52261352539062,0.0007848715176805854,3.2595601081848145,0.16658508399268612
5145,274.116455078125,8.303615322802216e-05,0.001109202508814633,80.09335327148438,0.0007479924825020134,3.2609939575195312,0.16360983403865248
5146,180.83331298828125,6.318082887446508e-05,0.00018516411364544183,80.39736938476562,0.0007560145459137857,3.262242555618286,0.16604095802176744
5147,169.6441650390625,5.361013245419599e-05,9.569367102812976e-05,80.25196075439453,0.0007446182426065207,3.263317346572876,0.16153074998874217
5148,229.67164611816406,5.26897820236627e-05,0.0007317292620427907,79.16783142089844,0.0007206190493889153,3.2641987800598145,0.16908004198921844
5149,246.2962646484375,5.439241067506373e-05,0.0009046534541994333,77.51036834716797,0.0007288130582310259,3.2648870944976807,0.16360091703245416
5150,192.60110473632812,6.547541852341965e-05,0.00041032658191397786,75.03427124023438,0.0006998662720434368,3.2653326988220215,0.1599897919804789
5151,150.50318908691406,7.513121818192303e-05,4.498520866036415e-06,72.94381713867188,0.000695963972248137,3.265516757965088,0.14583187497919425
5152,170.00770568847656,8.237376459874213e-05,0.00021426950115710497,71.38014221191406,0.0006896324339322746,3.265428304672241,0.14542058296501637
5153,203.603271484375,8.613990212325007e-05,0.0005781844956800342,70.28878021240234,0.0006688204011879861,3.2650551795959473,0.14802337501896545
5154,193.68533325195312,8.006613643374294e-05,0.00048521041753701866,69.82958221435547,0.000673280970659107,3.2644309997558594,0.14808141603134573
5155,155.7337646484375,7.236014789668843e-05,0.00013652561756316572,69.35320281982422,0.0006549198878929019,3.263572931289673,0.15461095800856128
5156,141.13211059570312,6.1017461121082306e-05,8.281227565021254e-06,69.30338287353516,0.0006489884690381587,3.2625186443328857,0.15004137495998293
5157,159.6317901611328,4.9692942411638796e-05,0.00020634516840800643,69.45537567138672,0.0006457259878516197,3.2613091468811035,0.16076949995476753
5158,174.982177734375,4.131539390073158e-05,0.0003841192810796201,69.552001953125,0.0006288670701906085,3.2599644660949707,0.1655688330065459
5159,162.74607849121094,3.4310625778744e-05,0.0002668169909156859,69.5441665649414,0.000630891474429518,3.2585196495056152,0.16122691700002179
5160,139.93002319335938,3.1125848181545734e-05,5.88862931181211e-05,69.2265853881836,0.0006170222186483443,3.2569808959960938,0.16920599999139085
5161,133.86944580078125,3.039461989828851e-05,1.1731455742847174e-05,68.59555053710938,0.0006106129148975015,3.2553532123565674,0.16476887499447912
5162,145.43414306640625,3.205109169357456e-05,0.0001378884626319632,67.73941802978516,0.000607007707003504,3.253636360168457,0.1604046249995008
5163,153.40615844726562,3.586259117582813e-05,0.00023783399956300855,66.69741821289062,0.0005933907232247293,3.2518134117126465,0.16517925000516698
5164,145.45028686523438,3.971068508690223e-05,0.00016438310558442026,65.6974868774414,0.0005934341461397707,3.2498838901519775,0.1657678330084309
5165,131.46673583984375,4.267732219886966e-05,4.0359358536079526e-05,64.855224609375,0.0005830784211866558,3.24783992767334,0.15871166699798778
5166,126.82701110839844,4.310515578254126e-05,4.233521394780837e-06,64.22830963134766,0.0005786483525298536,3.2456893920898438,0.150017750042025
5167,132.87281799316406,4.082721716258675e-05,7.357087451964617e-05,63.82981872558594,0.0005760318599641323,3.243450164794922,0.14771312498487532
5168,138.26919555664062,3.6684650694951415e-05,0.00014297387679107487,63.57773971557617,0.0005672560655511916,3.2411375045776367,0.14565125002991408
5169,134.8169403076172,3.196880788891576e-05,0.00011425005504861474,63.41322326660156,0.0005678183515556157,3.2387797832489014,0.14674804196693003
5170,126.2061767578125,2.7555375709198415e-05,4.159862146480009e-05,63.24319076538086,0.0005604758043773472,3.2363929748535156,0.14971650001825765
5171,121.28157043457031,2.4195900550694205e-05,4.748676474264357e-08,63.03962326049805,0.000558176077902317,3.233994960784912,0.1551783750182949
5172,123.13249206542969,2.1989870219840668e-05,2.6153798899031244e-05,62.75542449951172,0.0005556269316002727,3.231597661972046,0.1541996250161901
5173,126.90782165527344,2.084521656797733e-05,7.481124339392409e-05,62.38676452636719,0.0005495541263371706,3.229203462600708,0.1682297500083223
5174,126.78372192382812,2.1011548597016372e-05,7.877219468355179e-05,61.855018615722656,0.0005495033692568541,3.2268168926239014,0.16001900000264868
5175,122.35269165039062,2.1730142179876566e-05,4.566055577015504e-05,61.27783966064453,0.0005433578044176102,3.2244319915771484,0.1590721249813214
5176,117.81340026855469,2.313127879460808e-05,6.36525328445714e-06,60.667667388916016,0.000541960762348026,3.2220466136932373,0.1678923750296235
5177,116.72383117675781,2.4240485799964517e-05,2.932047436843277e-06,60.11555480957031,0.000538910215254873,3.219658851623535,0.16792658297345042
5178,118.49562072753906,2.453365596011281e-05,2.873095581890084e-05,59.672664642333984,0.0005349649582058191,3.217268943786621,0.15888416598318145
5179,119.8331298828125,2.395258161413949e-05,4.677568722399883e-05,59.31871032714844,0.0005344159435480833,3.214885950088501,0.1641709579853341
5180,118.60906982421875,2.204692646046169e-05,4.3370102503104135e-05,59.10184860229492,0.0005296551971696317,3.212517738342285,0.16110116703202948
5181,115.6412353515625,1.9910541595891118e-05,1.832733687479049e-05,58.91617965698242,0.0005290127010084689,3.210179328918457,0.16016104101436213
5182,113.29229736328125,1.748996328387875e-05,1.8924822597909952e-06,58.77964782714844,0.0005257440498098731,3.2078816890716553,0.1476473339716904
5183,112.87492370605469,1.5507526768487878e-05,3.52786651092174e-06,58.62747573852539,0.0005234390846453607,3.2056350708007812,0.17152704199543223
5184,113.69331359863281,1.4128488146525342e-05,1.625426739337854e-05,58.42981719970703,0.0005222521722316742,3.2034473419189453,0.1498178750043735
5185,114.13111877441406,1.3089506865071598e-05,2.7302521630190313e-05,58.21661376953125,0.0005187529604882002,3.201320171356201,0.151561375008896
5186,113.26272583007812,1.285123380512232e-05,2.2424674170906655e-05,57.90055465698242,0.0005183457396924496,3.1992549896240234,0.1537635829881765
5187,111.53317260742188,1.2766758118232246e-05,1.1429642654547933e-05,57.58857345581055,0.0005152495577931404,3.1972479820251465,0.15915087499888614
5188,110.07272338867188,1.319365492236102e-05,1.1459690085757757e-06,57.220916748046875,0.0005141784204170108,3.195295810699463,0.15852133400039747
5189,109.58326721191406,1.3674699403054547e-05,1.0074984402308473e-06,56.861854553222656,0.0005125319585204124,3.1933937072753906,0.15652083395980299
5190,109.80979919433594,1.4012226529303007e-05,8.341714419657364e-06,56.53201675415039,0.0005104238516651094,3.1915371417999268,0.1612394999829121
5191,109.9859619140625,1.4266834114096127e-05,1.3565153494710103e-05,56.213722229003906,0.0005098904366604984,3.189724922180176,0.15227091597625986
5192,109.56916809082031,1.3810368727718014e-05,1.4675869351776782e-05,55.98063278198242,0.000507399148773402,3.1879568099975586,0.15287325001554564
5193,108.60198974609375,1.3245666195871308e-05,8.294955478049815e-06,55.75553512573242,0.0005069239414297044,3.1862363815307617,0.1545564160333015
5194,107.57743072509766,1.2198211152281146e-05,2.7157366275787354e-06,55.5947151184082,0.0005049132159911096,3.1845672130584717,0.1574281249777414
5195,106.93576049804688,1.1215443009859882e-05,1.4190391084412113e-09,55.435890197753906,0.0005037818918935955,3.1829535961151123,0.16834512498462573
5196,106.74007415771484,1.0371994903835002e-05,1.6600106391706504e-06,55.273014068603516,0.0005026385770179331,3.181398630142212,0.16138045798288658
5197,106.72183227539062,9.657594091549981e-06,5.609555955743417e-06,55.10785675048828,0.0005008726147934794,3.179903030395508,0.16109783301362768
5198,106.56734466552734,9.383205906488001e-06,7.033996553218458e-06,54.894412994384766,0.0005003121332265437,3.178466796875,0.1709672500146553
5199,106.12774658203125,9.089755621971563e-06,6.798250979045406e-06,54.695560455322266,0.0004984338884241879,3.1770873069763184,0.14716195804066956
5200,105.49221801757812,9.168275028059725e-06,3.386021717233234e-06,54.45065689086914,0.0004978612996637821,3.1757619380950928,0.15097787498962134
5201,104.88697814941406,9.189222510030959e-06,1.034479510053643e-06,54.22377014160156,0.0004964083782397211,3.1744866371154785,0.15716891596093774
5202,104.468017578125,9.285598025599029e-06,1.3984390534460545e-08,53.99057388305664,0.0004954749019816518,3.173258066177368,0.15738241700455546
5203,104.24342346191406,9.323414815298747e-06,8.303507001983235e-07,53.76807403564453,0.0004945997497998178,3.1720736026763916,0.3168599160271697
5204,104.10652160644531,9.148072422249243e-06,2.8638626190513605e-06,53.57399368286133,0.0004933133604936302,3.170931100845337,0.1615455000428483
5205,103.91799926757812,8.915922990127001e-06,3.6470794384513283e-06,53.38087844848633,0.0004928081762045622,3.169830799102783,0.16243841598043218
5206,103.6082534790039,8.378250640816987e-06,3.9879851101431996e-06,53.22916030883789,0.0004914246965199709,3.1687726974487305,0.16159983299439773
5207,103.19743347167969,7.938371709315106e-06,2.446176949888468e-06,53.0622673034668,0.0004909671260975301,3.1677582263946533,0.1621577080222778
5208,102.76348114013672,7.39125925974804e-06,1.2955226793565089e-06,52.91386032104492,0.0004898094339296222,3.16678786277771,0.16261220898013562
5209,102.38279724121094,7.035893759166356e-06,1.5550745047221426e-07,52.743553161621094,0.0004892010474577546,3.1658613681793213,0.16272374999243766
5210,102.08749389648438,6.735300758009544e-06,1.8468426787876524e-08,52.56966018676758,0.0004884246154688299,3.164977788925171,0.16526958398753777
5211,101.86141204833984,6.5399740378779825e-06,5.959830104984576e-07,52.385677337646484,0.0004876213788520545,3.164134979248047,0.15498999995179474
5212,101.65744018554688,6.502530141005991e-06,1.06870720628649e-06,52.183624267578125,0.0004871668934356421,3.163330316543579,0.1467205000226386
5213,101.43118286132812,6.4110508901649155e-06,1.6983196928777033e-06,51.99407196044922,0.00048626173520460725,3.1625609397888184,0.14597079204395413
5214,101.16612243652344,6.446717179642292e-06,1.4199488305166597e-06,51.7879753112793,0.00048591484664939344,3.1618239879608154,0.14719799999147654
5215,100.8697509765625,6.372473762894515e-06,1.2588791378220776e-06,51.602577209472656,0.00048504036385565996,3.1611168384552,0.15191675000824034
5216,100.56117248535156,6.367960850184318e-06,5.315635007718811e-07,51.40877914428711,0.00048462438280694187,3.1604371070861816,0.15548691601725295
5217,100.26659393310547,6.232714895304525e-06,2.0477295947785024e-07,51.23649215698242,0.0004838635213673115,3.159783363342285,0.15450279199285433
5218,100.00201416015625,6.0498550737975165e-06,1.8010268831858411e-09,51.0704231262207,0.0004832642443943769,3.1591548919677734,0.1626159169827588
5219,99.77143859863281,5.838567176397191e-06,1.0329040378564969e-07,50.91196060180664,0.00048265294753946364,3.1585512161254883,0.16221266600769013
5220,99.56324005126953,5.558287739404477e-06,5.336514732334763e-07,50.76578903198242,0.0004818825691472739,3.1579723358154297,0.1622874999884516
5221,99.36029052734375,5.353912456484977e-06,7.383287083939649e-07,50.6104736328125,0.00048140593571588397,3.1574182510375977,0.15821133297868073
5222,99.14442443847656,5.121481990499888e-06,1.1125266610179096e-06,50.46441650390625,0.00048056611558422446,3.156888008117676,0.1640164579730481
5223,98.90802001953125,5.020013304601889e-06,9.040459190146066e-07,50.29999923706055,0.00048015610082075,3.1563806533813477,0.1644737499882467
5224,98.6560287475586,4.882612302026246e-06,8.637018709123367e-07,50.14442825317383,0.0004793696862179786,3.1558945178985596,0.16595191700616851
5225,98.39970397949219,4.864190941589186e-06,4.412070211401442e-07,49.973201751708984,0.00047895967145450413,3.155428171157837,0.16654183302307501
5226,98.14698791503906,4.792940671904944e-06,2.8369163374009077e-07,49.811283111572266,0.0004782803589478135,3.154979705810547,0.15791679202811792
5227,97.90614318847656,4.771043222717708e-06,4.645335138775408e-08,49.64274597167969,0.0004778165020979941,3.154547691345215,0.14738016697810963
5228,97.67698669433594,4.697380518337013e-06,6.5710992203094065e-09,49.481597900390625,0.00047724993783049285,3.154130458831787,0.1443734170170501
5229,97.46023559570312,4.625059773388784e-06,4.4823536882176995e-08,49.32149887084961,0.00047671745414845645,3.1537272930145264,0.15006954199634492
5230,97.25125122070312,4.547451226244448e-06,8.796723705017939e-08,49.161865234375,0.00047625848674215376,3.153337001800537,0.1525172499823384
5231,97.04459381103516,4.4104622247687075e-06,2.487731762812473e-07,49.01121139526367,0.0004756745765917003,3.1529593467712402,0.1541857499978505
5232,96.83648681640625,4.296545739634894e-06,2.3194388631964102e-07,48.85641098022461,0.00047527224523946643,3.1525940895080566,0.15688004199182615
5233,96.62533569335938,4.1359780880156904e-06,3.334482698846841e-07,48.71049499511719,0.0004746789636556059,3.1522409915924072,0.16702433297177777
5234,96.41157531738281,4.040530257043429e-06,2.1747928258264437e-07,48.5556755065918,0.00047430096310563385,3.151899576187134,0.1669568750075996
5235,96.19623565673828,3.9126412048062775e-06,2.3470784071832895e-07,48.4076042175293,0.0004737389681395143,3.1515696048736572,0.16773204202763736
5236,95.98053741455078,3.856253897538409e-06,9.400741873832885e-08,48.24930953979492,0.0004733620153274387,3.151250123977661,0.16233262501191348
5237,95.76750946044922,3.787736659432994e-06,7.648850441910326e-08,48.0948486328125,0.00047286238986998796,3.150940418243408,0.1606547079863958
5238,95.55911254882812,3.7613342556142015e-06,9.74273461906705e-09,47.93550109863281,0.00047246497706510127,3.150639295578003,0.16762966598616913
5239,95.3541488647461,3.7281156437529717e-06,6.805066732340492e-09,47.77910614013672,0.00047201549750752747,3.150345802307129,0.16560962499352172
5240,95.15188598632812,3.6797071061300812e-06,7.123389877961017e-09,47.625099182128906,0.0004715810064226389,3.150059461593628,0.16235237498767674
5241,94.95278930664062,3.6350236314319773e-06,7.2041075327433646e-09,47.47255325317383,0.0004711601068265736,3.1497795581817627,0.1654505420010537
5242,94.75517272949219,3.555685452738544e-06,5.1301185521879233e-08,47.32535934448242,0.00047069115680642426,3.149505853652954,0.14690829103346914
5243,94.5584716796875,3.4867880458477885e-06,3.729496711457614e-08,47.177696228027344,0.00047028370318003,3.149238109588623,0.14564058295218274
5244,94.363525390625,3.4099739423254505e-06,8.712072485650424e-08,47.03386306762695,0.0004697995900642127,3.1489763259887695,0.1462425829959102
5245,94.16829681396484,3.34185619976779e-06,5.3043777370476164e-08,46.888553619384766,0.00046940252650529146,3.1487202644348145,0.1491134170209989
5246,93.9736328125,3.245369043725077e-06,9.284144653065596e-08,46.749237060546875,0.0004689057532232255,3.148469924926758,0.15412420796928927
5247,93.78013610839844,3.1865802156971768e-06,5.1301185521879233e-08,46.6046257019043,0.00046851724619045854,3.1482253074645996,0.15321087499614805
5248,93.58746337890625,3.118637323495932e-06,8.460574463242665e-08,46.46324157714844,0.00046803898294456303,3.1479861736297607,0.15729354199720547
5249,93.39522552490234,3.0808589599473635e-06,3.784953150898218e-08,46.31719970703125,0.00046766153536736965,3.147752046585083,0.17001745896413922
5250,93.20399475097656,3.0389451239898335e-06,5.8215846365783364e-08,46.17341232299805,0.0004672086506616324,3.147522449493408,0.16319620900321752
5251,93.01405334472656,3.0175781375874067e-06,2.1290361473802477e-08,46.02647018432617,0.0004668370238505304,3.1472971439361572,0.15987533301813528
5252,92.82525634765625,2.97753831546288e-06,3.972763806814328e-08,45.88325881958008,0.0004664026782847941,3.1470754146575928,0.15706412500003353
5253,92.6379165649414,2.954134288302157e-06,1.342618816124741e-08,45.73808670043945,0.00046603073133155704,3.1468570232391357,0.15587666700594127
5254,92.45195007324219,2.9084167181281373e-06,3.565583028830588e-08,45.597023010253906,0.0004656052333302796,3.146641969680786,0.15084920899244025
5255,92.26747131347656,2.865275064323214e-06,1.707030605757609e-08,45.45576477050781,0.0004652347124647349,3.146430015563965,0.1544003749731928
5256,92.083740234375,2.8100521376472898e-06,4.522826202446595e-08,45.31761169433594,0.0004648060130421072,3.146221160888672,0.15777412499301136
5257,91.90058898925781,2.7718151613953523e-06,1.8990476746694185e-08,45.176979064941406,0.000464445271063596,3.1460154056549072,0.1692583339754492
5258,91.71832275390625,2.7110238534078235e-06,3.859531716443598e-08,45.04106140136719,0.00046402300358749926,3.145812749862671,0.15002437500515953
5259,91.536865234375,2.6662619347916916e-06,1.6452986528747715e-08,44.90272903442383,0.0004636585945263505,3.145613431930542,0.16988520795712247
5260,91.35669708251953,2.6168563636019826e-06,4.502567207964603e-08,44.766273498535156,0.0004632423515431583,3.1454172134399414,0.15456375002395362
5261,91.17814636230469,2.5937665668607224e-06,2.6284396881237626e-08,44.626285552978516,0.00046289851889014244,3.145224094390869,0.15833995799766853
5262,91.00009155273438,2.557417019488639e-06,5.8908199207508005e-08,44.48978042602539,0.00046248675789684057,3.145033597946167,0.16000787500524893
5263,90.82322692871094,2.543329173931852e-06,4.0299937609233893e-08,44.35014343261719,0.0004621472326107323,3.144845724105835,0.15718962502432987
5264,90.64799499511719,2.512624178052647e-06,9.226118891092483e-08,44.21397018432617,0.0004617352969944477,3.144660234451294,0.1711599580012262
5265,90.47393798828125,2.496776460247929e-06,7.284052117029205e-08,44.07579040527344,0.00046141183702275157,3.144476890563965,0.16123049997258931
5266,90.30126190185547,2.4499072424077895e-06,1.4262332115322351e-07,43.94343566894531,0.0004609856987372041,3.1442956924438477,0.1596847499604337
5267,90.13175201416016,2.435375108689186e-06,1.394002993038157e-07,43.80641174316406,0.00046067865332588553,3.1441166400909424,0.16524383297655731
5268,89.96578979492188,2.3787811187503394e-06,2.8065210244676564e-07,43.67679977416992,0.0004602304834406823,3.143939733505249,0.16203187499195337
5269,89.80543518066406,2.3705147214059252e-06,3.2851039577508345e-07,43.54014587402344,0.00045995385153219104,3.1437652111053467,0.16295633296249434
5270,89.65042114257812,2.3011016310192645e-06,5.849906301591545e-07,43.4144401550293,0.0004594737256411463,3.1435928344726562,0.16365137498360127
5271,89.5036849975586,2.3087027329893317e-06,7.269009074661881e-07,43.27555465698242,0.00045924566802568734,3.143422842025757,0.15967941703274846
5272,89.37189483642578,2.2336105303111253e-06,1.239692437593476e-06,43.152122497558594,0.00045872441842220724,3.1432549953460693,0.15665612497832626
5273,89.26173400878906,2.25611529458547e-06,1.6797284843050875e-06,43.0118408203125,0.00045856309588998556,3.1430892944335938,0.14943483303068206
5274,89.18424224853516,2.1602854758384638e-06,2.7837361358251655e-06,42.893287658691406,0.00045796550693921745,3.142925977706909,0.14638716698391363
5275,89.16029357910156,2.225422576884739e-06,3.986080628237687e-06,42.74726104736328,0.00045791882439516485,3.1427645683288574,0.14670254103839397
5276,89.22050476074219,2.0976692667318275e-06,6.549427780555561e-06,42.63617706298828,0.00045719617628492415,3.1426053047180176,0.15083354100352153
5277,89.41361999511719,2.2137010091682896e-06,9.775760190677829e-06,42.482540130615234,0.00045732129365205765,3.1424474716186523,0.1560324159800075
5278,89.82540893554688,2.0276477243896807e-06,1.599005190655589e-05,42.38431167602539,0.0004563933180179447,3.142291784286499,0.18261058296775445
5279,90.597900390625,2.2289807475317502e-06,2.4782275431789458e-05,42.21784591674805,0.00045678927563130856,3.142137050628662,0.16957220894983038
5280,91.9547119140625,1.9328738289914327e-06,4.068110138177872e-05,42.14081573486328,0.00045552500523626804,3.141984462738037,0.164281708013732
5281,94.26023864746094,2.2514623196912e-06,6.441099685616791e-05,41.957603454589844,0.0004563639231491834,3.1418325901031494,0.1683919159695506
5282,98.173828125,1.7995206462728675e-06,0.00010625051072565839,41.914608001708984,0.00045454216888174415,3.141683340072632,0.1652872920385562
5283,104.87786865234375,2.357867288083071e-06,0.0001733045937726274,41.698455810546875,0.0004561316454783082,3.1415340900421143,0.16606650000903755
5284,116.44078063964844,1.6333933672285639e-06,0.00029217684641480446,41.72186279296875,0.0004533789469860494,3.141387701034546,0.16542312502861023
5285,136.3404083251953,2.6064533358294284e-06,0.0004899274208582938,41.46001434326172,0.00045627012150362134,3.141239881515503,0.16804983298061416
5286,170.8373565673828,1.4205170373315923e-06,0.0008389709983021021,41.606895446777344,0.0004519130161497742,3.1410953998565674,0.15846195799531415
5287,231.01889038085938,3.221361112082377e-06,0.0014368415577337146,41.29790496826172,0.0004571468452923,3.1409456729888916,0.15577658399706706
5288,337.0357666015625,1.1870392881974112e-06,0.0025021175388246775,41.70068359375,0.0004500464419834316,3.140799045562744,0.15012733300682157
5289,524.0730590820312,4.822738901566481e-06,0.004362105391919613,41.42055130004883,0.0004595968348439783,3.140638589859009,0.1444679579581134
5290,856.8280029296875,1.071296765076113e-06,0.0076953694224357605,42.39619827270508,0.00044787785736843944,3.140476942062378,0.14541620801901445
5291,1445.115234375,9.826142559177242e-06,0.013549682684242725,42.59050369262695,0.0004657383542507887,3.14028000831604,0.15093283401802182
5292,2486.442626953125,1.7791097661756794e-06,0.023967891931533813,44.805320739746094,0.0004466981627047062,3.1400628089904785,0.15186699997866526
5293,4274.98876953125,2.9929135052952915e-05,0.04176301136612892,47.545188903808594,0.00048149353824555874,3.1397523880004883,0.15287787496345118
5294,7266.37744140625,1.0131535418622661e-05,0.07168203592300415,51.816062927246094,0.0004534456820692867,3.139348268508911,0.16131287504686043
5295,11755.091796875,0.00012875566608272493,0.11624886095523834,64.88777923583984,0.0005244199419394135,3.1386964321136475,0.16953974997159094
5296,17632.09765625,0.00010461398051120341,0.17502328753471375,69.27811431884766,0.0005003047990612686,3.137714385986328,0.1633864160394296
5297,22377.791015625,0.000586140260566026,0.22147008776664734,108.37425994873047,0.0006379421683959663,3.136146068572998,0.32848691602703184
5298,22403.916015625,0.0007735937833786011,0.2215084582567215,107.4472885131836,0.0006826352910138667,3.1337478160858154,0.1647154579986818
5299,14022.0283203125,0.0016700313426554203,0.13626058399677277,146.54757690429688,0.000824189162813127,3.130411148071289,0.1640541250235401
5300,3648.001953125,0.0018769890302792192,0.03233782574534416,139.86111450195312,0.0008665930363349617,3.1261215209960938,0.16689162503462285
5301,627.4652709960938,0.0015689166029915214,0.0026122108101844788,126.51470184326172,0.000828378542792052,3.121307849884033,0.16376516700256616
5302,6015.26806640625,0.0008531423518434167,0.05737443268299103,110.13003540039062,0.0008238028967753053,3.116672992706299,0.15107262501260266
5303,10395.9267578125,0.00022454025747720152,0.10158174484968185,143.6457977294922,0.0007165198912844062,3.112776279449463,0.1492908329819329
5304,6990.4248046875,3.769147224375047e-05,0.06745637953281403,144.31787109375,0.0009669948485679924,3.110198974609375,0.14870566700119525
5305,1258.5050048828125,3.6054882457392523e-07,0.010121463797986507,157.15716552734375,0.0008916535880416632,3.109043836593628,0.14762916701147333
5306,998.8809204101562,1.8725501149674528e-07,0.007498043589293957,156.64117431640625,0.0009241662337444723,3.1092891693115234,0.15494762500748038
5307,4864.46044921875,5.4408742471423466e-06,0.046160705387592316,141.67984008789062,0.0010616626823320985,3.110811233520508,0.1558962090057321
5308,5604.095703125,9.036832489073277e-05,0.053919121623039246,122.2398452758789,0.0008090705960057676,3.113089084625244,0.15722558298148215
5309,1949.6259765625,0.0002515345986466855,0.01735193468630314,93.24467468261719,0.0009603442740626633,3.1159141063690186,0.16539258300326765
5310,288.6563720703125,0.0005298805772326887,0.0005756189930252731,85.30636596679688,0.0009280006634071469,3.1189262866973877,0.16344087501056492
5311,2556.593505859375,0.0007726988405920565,0.023015644401311874,88.09671783447266,0.0008966255700215697,3.1218769550323486,0.16127454198431224
5312,3650.329833984375,0.0006996486335992813,0.033672355115413666,102.75613403320312,0.001103733666241169,3.1249420642852783,0.1599792090128176
5313,1564.780517578125,0.0007594909402541816,0.012978249229490757,93.1889419555664,0.0009781749686226249,3.12799072265625,0.15429045801283792
5314,268.1234130859375,0.0005317647010087967,0.00015030663053039461,94.96133422851562,0.0010495494352653623,3.1312520503997803,0.15345154202077538
5315,1660.490234375,0.0002736008900683373,0.014120504260063171,104.77975463867188,0.0011629988439381123,3.135021686553955,0.1506904999841936
5316,2506.333984375,0.00016974497702904046,0.0226658433675766,117.92570495605469,0.0010484934318810701,3.1393203735351562,0.15484929201193154
5317,1152.797119140625,5.2791940106544644e-05,0.00894089974462986,129.15122985839844,0.0012427672045305371,3.1444029808044434,0.1545492080040276
5318,260.1285705566406,3.693996768561192e-05,4.441257624421269e-05,131.2740936279297,0.0012071923119947314,3.150200843811035,0.1482669580145739
5319,1149.9183349609375,5.336601680028252e-05,0.00903184711933136,127.22472381591797,0.001141723827458918,3.1565358638763428,0.1482442079577595
5320,1697.1531982421875,7.200465188361704e-05,0.01444750465452671,119.06748962402344,0.0012613477883860469,3.1633310317993164,0.14765837497543544
5321,823.1061401367188,0.00018550491950009018,0.005859100725501776,107.5888442993164,0.0011105670128017664,3.1702258586883545,0.15192366699920967
5322,245.29908752441406,0.000284834997728467,5.042503835284151e-05,98.88386535644531,0.0011288921814411879,3.1770451068878174,0.18066079198615626
5323,851.2661743164062,0.0003594928712118417,0.006031681317836046,96.00467681884766,0.001161440508440137,3.183680534362793,0.15409937500953674
5324,1185.790771484375,0.00046007364289835095,0.009434202685952187,91.1805191040039,0.0010518258204683661,3.1899404525756836,0.16086087498115376
5325,573.1243286132812,0.00041367055382579565,0.003295169211924076,90.53890991210938,0.0011170145589858294,3.1958959102630615,0.16497608402278274
5326,243.99415588378906,0.00036570121301338077,0.00011638016439974308,88.38529205322266,0.0010740072466433048,3.2015576362609863,0.16671833401778713
5327,666.4229736328125,0.00028873118571937084,0.00444761523976922,90.90653991699219,0.0010188176529482007,3.2069647312164307,0.1643699999549426
5328,837.1517944335938,0.0001737112906994298,0.006149796769022942,96.25628662109375,0.0010854469146579504,3.212286949157715,0.15829400002257898
5329,424.12811279296875,0.00012474293180275708,0.002101460937410593,100.83448028564453,0.0010067324619740248,3.2175261974334717,0.16550091694807634
5330,222.31539916992188,8.625057671451941e-05,9.60111283347942e-05,102.94668579101562,0.0010114253964275122,3.2227234840393066,0.16328199999406934
5331,501.1495666503906,7.269009074661881e-05,0.002889938186854124,102.34717559814453,0.0010253958171233535,3.227874994277954,0.1729319579899311
5332,623.396728515625,9.683638927526772e-05,0.00423096027225256,96.96398162841797,0.000936530705075711,3.2328386306762695,0.16487675003008917
5333,352.2508544921875,0.00012159688048996031,0.0015297183999791741,91.08977508544922,0.000960295379627496,3.237553834915161,0.15016420901520178
5334,195.78431701660156,0.0001665298332227394,2.009928721236065e-05,85.51636505126953,0.0009160503977909684,3.2419004440307617,0.1472287910291925
5335,366.280517578125,0.0002051277260761708,0.0017645854968577623,82.07416534423828,0.0008723502978682518,3.2457895278930664,0.142785708012525
5336,470.408447265625,0.00020719024178106338,0.002790679456666112,81.07442474365234,0.0008954707300290465,3.249239683151245,0.14551770803518593
5337,310.21246337890625,0.00020696209685411304,0.0012652691220864654,79.11848449707031,0.0008387085981667042,3.2522237300872803,0.1509706670185551
5338,180.21481323242188,0.00017601119179744273,5.668973699357593e-07,78.79153442382812,0.0008376546902582049,3.254800319671631,0.1562088750069961
5339,268.5653076171875,0.00013770934310741723,0.0009221774525940418,79.05526733398438,0.0008352136937901378,3.257040023803711,0.15775579202454537
5340,360.6551513671875,0.00010800130985444412,0.0019072509603574872,79.97146606445312,0.0007915844325907528,3.2589714527130127,0.1666443750145845
5341,279.2966003417969,7.81871349317953e-05,0.0011000107042491436,80.4541244506836,0.0008102270658127964,3.260671854019165,0.16358075005700812
5342,171.44680786132812,6.367832247633487e-05,6.231585575733334e-05,80.75285339355469,0.0007809452945366502,3.262150764465332,0.16038020804990083
5343,199.133056640625,5.802408850286156e-05,0.0003719006199389696,79.87557983398438,0.0007626500446349382,3.263404369354248,0.15463395800907165
5344,275.6929931640625,5.978803164907731e-05,0.0011504888534545898,77.93605041503906,0.0007672926294617355,3.2644269466400146,0.16952016699360684
5345,254.85745239257812,7.197026570793241e-05,0.0009991626720875502,74.98821258544922,0.0007275594980455935,3.265155792236328,0.16556287498679012
5346,173.21664428710938,8.556112152291462e-05,0.00019759032875299454,72.06324005126953,0.0007283826707862318,3.2655649185180664,0.1627296669757925
5347,157.00799560546875,9.81700504780747e-05,6.061121166567318e-05,69.84528350830078,0.0007128458237275481,3.265624761581421,0.1695900410413742
5348,207.43174743652344,0.00010406236833659932,0.0005942782736383379,68.49402618408203,0.0006910365191288292,3.265320062637329,0.15619524999056011
5349,224.13165283203125,9.948073420673609e-05,0.0007676305249333382,67.79634857177734,0.0006962416809983552,3.2646849155426025,0.14858050004113466
5350,178.70751953125,8.918910316424444e-05,0.00035429291892796755,67.19761657714844,0.0006716170464642346,3.263739585876465,0.14895658299792558
5351,141.6887969970703,7.461752102244645e-05,3.7111021811142564e-06,67.10353088378906,0.0006675240001641214,3.2625348567962646,0.14734562498051673
5352,157.85699462890625,5.985072857583873e-05,0.0001850343687692657,67.25282287597656,0.0006611565477214754,3.261120557785034,0.1517996249604039
5353,186.21603393554688,4.747619095724076e-05,0.0004979390650987625,67.49362182617188,0.000641808845102787,3.2595293521881104,0.1569457920268178
5354,177.058349609375,3.9015129004837945e-05,0.0004123574763070792,67.48564910888672,0.0006443543243221939,3.2578043937683105,0.1585204160073772
5355,144.4413604736328,3.434205427765846e-05,0.0001121901223086752,67.12625122070312,0.0006266189157031476,3.2559564113616943,0.16730029101017863
5356,132.45339965820312,3.384368392289616e-05,8.552362487534992e-06,66.2862319946289,0.0006192757282406092,3.2539916038513184,0.16367037501186132
5357,148.41592407226562,3.680026566144079e-05,0.0001815740397432819,65.15380096435547,0.0006142469355836511,3.251906394958496,0.16569608298595995
5358,160.6598358154297,4.15970862377435e-05,0.000328604131937027,63.8729362487793,0.0005976678221486509,3.249680757522583,0.16557054204167798
5359,149.11099243164062,4.7634850488975644e-05,0.00022001710021868348,62.60017395019531,0.0005974561790935695,3.24731183052063,0.16676320898113772
5360,129.5547637939453,5.084748408989981e-05,4.314429679652676e-05,61.64363098144531,0.0005851195892319083,3.244793653488159,0.16470500000286847
5361,125.38162231445312,5.0746377382893115e-05,1.4222741810954176e-05,60.970176696777344,0.0005791453877463937,3.2421391010284424,0.1673210000153631
5362,135.71485900878906,4.713674570666626e-05,0.000127691964735277,60.58821105957031,0.0005764377419836819,3.239375352859497,0.16255025001009926
5363,141.59671020507812,4.039420309709385e-05,0.00020600282005034387,60.406131744384766,0.0005655087879858911,3.2365283966064453,0.15588783397106454
5364,133.58453369140625,3.449031646596268e-05,0.0001330051018157974,60.24020004272461,0.0005659479065798223,3.2336344718933105,0.1475030830479227
5365,121.5464096069336,2.852875695680268e-05,2.7928965209866874e-05,60.115013122558594,0.0005578562268055975,3.230717897415161,0.14685720799025148
5366,118.4140625,2.472059532010462e-05,6.5372305471100844e-06,59.8793830871582,0.0005540890269912779,3.2277989387512207,0.14730912499362603
5367,124.0713882446289,2.2845499188406393e-05,7.113734318409115e-05,59.46574783325195,0.0005520735867321491,3.224890947341919,0.14926895900862291
5368,128.15972900390625,2.1941821614746004e-05,0.000125706079415977,58.97489547729492,0.0005442004767246544,3.221993923187256,0.154926625022199
5369,124.28392791748047,2.35297284234548e-05,9.306253923568875e-05,58.203712463378906,0.0005442099063657224,3.219107151031494,0.18029604200273752
5370,116.65303802490234,2.510675767553039e-05,2.931665767391678e-05,57.440834045410156,0.0005376986227929592,3.216221570968628,0.15875825000694022
5371,112.96018981933594,2.7389172828407027e-05,2.33323817155906e-07,56.68086624145508,0.0005351707804948092,3.213331937789917,0.16198883298784494
5372,115.04423522949219,2.889732968469616e-05,2.812586899381131e-05,56.040950775146484,0.0005330096464604139,3.2104382514953613,0.16547412500949576
5373,118.10267639160156,2.820685040205717e-05,6.902968743816018e-05,55.60905075073242,0.0005276997690089047,3.2075448036193848,0.17570091603556648
5374,117.32522583007812,2.695419971132651e-05,6.617564940825105e-05,55.2529296875,0.0005275930743664503,3.2046666145324707,0.15885987499495968
5375,113.08213806152344,2.3562122805742547e-05,3.398113767616451e-05,55.08041763305664,0.0005224740016274154,3.2018191814422607,0.1636277919751592
5376,109.37741088867188,2.0576673705363646e-05,2.9451259706547717e-06,54.922576904296875,0.0005210265517234802,3.199021816253662,0.1570960000390187
5377,108.87953186035156,1.772907853592187e-05,4.684470695792697e-06,54.786521911621094,0.0005185165209695697,3.1962904930114746,0.16574866598239169
5378,110.50346374511719,1.5394129150081426e-05,2.8369162464514375e-05,54.6400260925293,0.000514871149789542,3.1936354637145996,0.15648433397291228
5379,111.33757019042969,1.441264248569496e-05,4.096138582099229e-05,54.36443328857422,0.0005143573507666588,3.191063642501831,0.1533380420296453
5380,109.91018676757812,1.3470482372213155e-05,3.4432930988259614e-05,54.102291107177734,0.0005101755377836525,3.188575267791748,0.14899133297149092
5381,107.266357421875,1.3808596122544259e-05,1.2501510354923084e-05,53.69124221801758,0.0005094410153105855,3.1861679553985596,0.14909320801962167
5382,105.44695281982422,1.4164357708068565e-05,5.647452780976892e-07,53.298316955566406,0.0005067572346888483,3.183835983276367,0.15249629103345796
5383,105.33214569091797,1.4821453078184277e-05,4.93755578645505e-06,52.89091110229492,0.000504653318785131,3.181572675704956,0.15145404101349413
5384,106.09235382080078,1.564584999869112e-05,1.6648811651975848e-05,52.4824333190918,0.0005038045346736908,3.179372787475586,0.17759587505133823
5385,106.29966735839844,1.5518795407842845e-05,2.4834525902406313e-05,52.179908752441406,0.0005008443258702755,3.1772332191467285,0.1523467079969123
5386,105.3155517578125,1.5460616850759834e-05,1.8474609532859176e-05,51.86763000488281,0.000500543974339962,3.1751554012298584,0.1646505420212634
5387,103.72309112548828,1.4267735423345584e-05,8.177268682629801e-06,51.67903518676758,0.0004979955847375095,3.173142671585083,0.15539045800687745
5388,102.54327392578125,1.3162496543372981e-05,3.866298357024789e-07,51.4908332824707,0.0004969752626493573,3.1712002754211426,0.16485616599675268
5389,102.25765991210938,1.1938968782487791e-05,1.6896310626179911e-06,51.33122253417969,0.0004956357879564166,3.1693334579467773,0.3249149170005694
5390,102.50222778320312,1.0754385584732518e-05,8.74024408403784e-06,51.182647705078125,0.0004937011981382966,3.1675455570220947,0.1659143750439398
5391,102.57335662841797,1.0261338502459694e-05,1.2555519788293168e-05,50.96482849121094,0.000493268424179405,3.165837287902832,0.16078024997841567
5392,102.07943725585938,9.638339179218747e-06,1.2303356925258413e-05,50.77405548095703,0.0004911121213808656,3.1642069816589355,0.16330529103288427
5393,101.16900634765625,9.751176548888907e-06,6.26459950581193e-06,50.49728775024414,0.0004907014081254601,3.1626508235931396,0.1549320839694701
5394,100.29638671875,9.722161848912947e-06,1.6661599602230126e-06,50.2503662109375,0.0004890718846581876,3.161163568496704,0.14677433302858844
5395,99.79574584960938,9.95924710878171e-06,8.377560334338341e-08,49.98106384277344,0.0004881038039457053,3.1597397327423096,0.14665925002191216
5396,99.67738342285156,1.0188531632593367e-05,2.1123705664649606e-06,49.72157287597656,0.00048725714441388845,3.158374309539795,0.14466916699893773
5397,99.67457580566406,1.006940146908164e-05,5.863076694367919e-06,49.506935119628906,0.00048574397806078196,3.1570637226104736,0.15463854098925367
5398,99.49388122558594,9.99313488136977e-06,6.738704541930929e-06,49.28779220581055,0.00048532901564612985,3.155806541442871,0.15769749996252358
5399,99.04457092285156,9.3328808361548e-06,6.007121555740014e-06,49.139122009277344,0.000483714509755373,3.1546032428741455,0.15963937499327585
5400,98.44827270507812,8.816534318611957e-06,2.720453494475805e-06,48.97303771972656,0.0004832154081668705,3.1534550189971924,0.16819958295673132
5401,97.91291809082031,8.063808309088927e-06,6.77363459544722e-07,48.840606689453125,0.00048198190052062273,3.1523635387420654,0.1644050000468269
5402,97.56227111816406,7.5116599873581436e-06,6.483696779469028e-08,48.68882369995117,0.0004811580292880535,3.151329278945923,0.1662475419580005
5403,97.37533569335938,7.1348958954331465e-06,9.611394489184022e-07,48.517852783203125,0.00048047874588519335,3.150351047515869,0.16888520901557058
5404,97.23933410644531,6.8088229454588145e-06,2.7016105832444737e-06,48.345787048339844,0.0004794250999111682,3.1494266986846924,0.16608287498820573
5405,97.03848266601562,6.825630407547578e-06,3.160035703331232e-06,48.128334045410156,0.00047911578440107405,3.148552179336548,0.16932849999284372
5406,96.7284164428711,6.693291197734652e-06,3.160035703331232e-06,47.936405181884766,0.000478066795039922,3.147723436355591,0.17232283303746954
5407,96.340576171875,6.82656491335365e-06,1.682201400399208e-06,47.71070861816406,0.0004777898720931262,3.1469359397888184,0.1642174170119688
5408,95.9544677734375,6.767204467905685e-06,6.726622814312577e-07,47.514739990234375,0.0004769574443344027,3.146185874938965,0.15746929199667647
5409,95.63678741455078,6.7560449679149315e-06,5.820766091346741e-09,47.31438446044922,0.00047646215534769,3.145469903945923,0.14614687499124557
5410,95.40087127685547,6.628988558077253e-06,1.7408297026122455e-07,47.13088607788086,0.00047589681344106793,3.1447861194610596,0.1448640830349177
5411,95.2103271484375,6.36284767097095e-06,9.259392754756846e-07,46.968711853027344,0.0004751273663714528,3.1441333293914795,0.1462607909925282
5412,95.01273345947266,6.14404689258663e-06,1.2471364243538119e-06,46.80185317993164,0.0004747176426462829,3.1435108184814453,0.1540474999928847
5413,94.77793884277344,5.769067684013862e-06,1.5619755231455201e-06,46.66095733642578,0.00047383876517415047,3.142918586730957,0.1547581670456566
5414,94.50816345214844,5.567284915741766e-06,1.0677215414034436e-06,46.5003662109375,0.0004734429530799389,3.1423559188842773,0.15063116600504145
5415,94.22123718261719,5.30245597474277e-06,7.490200459869811e-07,46.35271453857422,0.0004726337792817503,3.1418216228485107,0.16160150000359863
5416,93.94122314453125,5.180462721909862e-06,1.9244907889515162e-07,46.18710708618164,0.0004721682926174253,3.1413142681121826,0.1658326669712551
5417,93.68698120117188,5.082976258563576e-06,2.8816430130973458e-08,46.02212142944336,0.00047153676860034466,3.140831708908081,0.1595184999750927
5418,93.45869445800781,5.030702595831826e-06,6.077448233554605e-08,45.85266876220703,0.0004709687491413206,3.140371561050415,0.16260250000050291
5419,93.25016784667969,5.02936563862022e-06,1.870487267296994e-07,45.67902374267578,0.00047049502609297633,3.1399312019348145,0.1605689159478061
5420,93.046875,4.964080289937556e-06,4.966941560269333e-07,45.516334533691406,0.0004698446427937597,3.1395087242126465,0.16006641602143645
5421,92.8393325805664,4.944975444232114e-06,5.198089638724923e-07,45.34736633300781,0.0004694548842962831,3.1391024589538574,0.16153849998954684
5422,92.6212158203125,4.8005122152972035e-06,6.671982646366814e-07,45.196834564208984,0.0004687761247623712,3.1387112140655518,0.1624878339935094
5423,92.3909683227539,4.709790118795354e-06,4.242692739353515e-07,45.03853988647461,0.00046839023707434535,3.138334274291992,0.16168370802188292
5424,92.15492248535156,4.511424776865169e-06,3.2741809263825417e-07,44.89638137817383,0.00046774657675996423,3.1379714012145996,0.15055670798756182
5425,91.92425537109375,4.369998350739479e-06,8.712072485650424e-08,44.746341705322266,0.00046732198097743094,3.137622117996216,0.1453259169938974
5426,91.70289611816406,4.195832843834069e-06,3.079185262322426e-08,44.601585388183594,0.0004667864996008575,3.137286424636841,0.14514545898418874
5427,91.4913330078125,4.074869139003567e-06,5.893753041164018e-09,44.45166778564453,0.0004663158906623721,3.1369638442993164,0.14637779199983925
5428,91.2858657836914,3.993700374849141e-06,1.707030605757609e-08,44.296485900878906,0.0004658830293919891,3.136653184890747,0.15382870804751292
5429,91.08303833007812,3.910519353667041e-06,8.796723705017939e-08,44.14249801635742,0.00046540689072571695,3.1363534927368164,0.1586283749784343
5430,90.88033294677734,3.89356455343659e-06,6.953291631361935e-08,43.979881286621094,0.00046504143392667174,3.13606333732605,0.1597469580010511
5431,90.67710876464844,3.857190222333884e-06,1.136525042966241e-07,43.82252502441406,0.00046457501593977213,3.1357815265655518,0.16603749996284023
5432,90.47352600097656,3.845492756227031e-06,5.1085407903883606e-08,43.66215896606445,0.00046421706792898476,3.1355066299438477,0.16528887499589473
5433,90.27001953125,3.779389089686447e-06,5.844617589900736e-08,43.51013946533203,0.0004637609235942364,3.1352381706237793,0.16174370900262147
5434,90.06884765625,3.7179947867116425e-06,1.0122903404408135e-08,43.35915756225586,0.00046336883679032326,3.1349754333496094,0.169577999971807
5435,89.87039184570312,3.627981186582474e-06,1.4553961591445841e-08,43.21385955810547,0.00046292279148474336,3.134718418121338,0.1665551250334829
5436,89.67349243164062,3.5341386137588415e-06,1.4551915228366852e-11,43.0699577331543,0.00046250122250057757,3.134467124938965,0.15595325001049787
5437,89.47903442382812,3.441083435973269e-06,2.2737367544323206e-09,42.9286994934082,0.0004620600084308535,3.1342217922210693,0.16386237501865253
5438,89.28543090820312,3.3553810681041796e-06,1.8010268831858411e-09,42.786983489990234,0.0004616272635757923,3.1339821815490723,0.15653424995252863
5439,89.09345245361328,3.2780937999632442e-06,6.148184183984995e-10,42.645851135253906,0.000461197312688455,3.1337482929229736,0.15105649997713044
5440,88.90248107910156,3.208536327292677e-06,1.8828814063454047e-09,42.504642486572266,0.0004607680020853877,3.1335198879241943,0.14764312497572973
5441,88.71272277832031,3.1634272090741433e-06,1.4190391084412113e-09,42.36134719848633,0.00046034890692681074,3.133296489715576,0.1444754580152221
5442,88.52413940429688,3.1317033517552773e-06,5.913989298278466e-10,42.21662902832031,0.0004599427920766175,3.133077383041382,0.1601165839820169
5443,88.33649444580078,3.1114839202928124e-06,1.5663772501284257e-09,42.071533203125,0.0004595365608111024,3.132862091064453,0.157808166986797
5444,88.15032958984375,3.0812775548838545e-06,1.5288605936802924e-09,41.928558349609375,0.000459134898846969,3.132650136947632,0.15931408299366012
5445,87.96543884277344,3.0445587526628515e-06,1.114131009671837e-09,41.78730010986328,0.000458735681604594,3.1324410438537598,0.15960825001820922
5446,87.78134155273438,2.999382559210062e-06,5.913989298278466e-10,41.64795684814453,0.00045833384501747787,3.132234811782837,0.19573524995939806
5447,87.59835052490234,2.9451259706547717e-06,1.6816557035781443e-09,41.51041793823242,0.0004579325031954795,3.1320316791534424,0.16685345798032358
5448,87.416259765625,2.888122253352776e-06,1.8010268831858411e-09,41.37379455566406,0.00045753474114462733,3.131831407546997,0.16515354200964794
5449,87.23531341552734,2.8316756015556166e-06,2.3283064365386963e-10,41.23784637451172,0.0004571427416522056,3.13163423538208,0.1617223329958506
5450,87.05511474609375,2.7761832370742923e-06,2.3655957193113863e-09,41.1027717590332,0.0004567448631860316,3.1314404010772705,0.16607875004410744
5451,86.87594604492188,2.7283240342512727e-06,9.02446117834188e-10,40.96772766113281,0.00045635298010893166,3.1312496662139893,0.16087312495801598
5452,86.69804382324219,2.6865443487622542e-06,2.18506102100946e-10,40.83231735229492,0.0004559705266728997,3.1310620307922363,0.1627474999986589
5453,86.52149963378906,2.6590646484692115e-06,6.041091182851233e-09,40.695945739746094,0.0004555904888547957,3.1308772563934326,0.15708595898468047
5454,86.34575653076172,2.6330801574658835e-06,2.70142663794104e-09,40.559329986572266,0.00045522849541157484,3.130695104598999,0.15894016600213945
5455,86.17182922363281,2.6045290724141523e-06,2.8332806323305704e-08,40.424381256103516,0.0004548416181933135,3.1305155754089355,0.1475251250085421
5456,85.99932861328125,2.5926149191946024e-06,2.3137772586778738e-08,40.28745651245117,0.0004545029660221189,3.130338191986084,0.14775383297819644
5457,85.82747650146484,2.5480842396063963e-06,6.148184183984995e-08,40.1560173034668,0.000454105029348284,3.1301629543304443,0.1473828749731183
5458,85.65602111816406,2.5277638542320346e-06,4.362027539173141e-08,40.0213737487793,0.00045377513743005693,3.1299898624420166,0.1486885829945095
5459,85.48624420166016,2.4802279767754953e-06,9.168275028059725e-08,39.892574310302734,0.00045336480252444744,3.129818916320801,0.18921283300733194
5460,85.31687927246094,2.4588716769358143e-06,7.38737071515061e-08,39.759422302246094,0.0004530418082140386,3.129650115966797,0.16120391699951142
5461,85.14822387695312,2.4060702799033606e-06,1.2283294381632004e-07,39.63288879394531,0.0004526244301814586,3.129483699798584,0.1662287920480594
5462,84.97936248779297,2.386141204624437e-06,8.267511475423817e-08,39.501251220703125,0.00045231226249597967,3.129319667816162,0.16556804202264175
5463,84.81099700927734,2.3313998553931015e-06,1.2283294381632004e-07,39.376182556152344,0.0004518939240369946,3.1291580200195312,0.16980954201426357
5464,84.64434814453125,2.317405233043246e-06,8.796723705017939e-08,39.2451286315918,0.00045158687862567604,3.1289987564086914,0.16742841695668176
5465,84.47969055175781,2.2701033230987377e-06,1.4881175047776196e-07,39.12031555175781,0.00045117479749023914,3.1288421154022217,0.1618174579925835
5466,84.31787109375,2.270462573505938e-06,1.408282059855992e-07,38.98825454711914,0.0004508848360273987,3.128687620162964,0.16709504200844094
5467,84.15925598144531,2.219735506514553e-06,2.569252046669135e-07,38.864990234375,0.00045046600280329585,3.128535509109497,0.16155604197410867
5468,84.00428771972656,2.2336105303111253e-06,2.841998139047064e-07,38.73192596435547,0.0004502057854551822,3.128385066986084,0.16262108401861042
5469,83.8531265258789,2.1771386400359916e-06,4.800333499588305e-07,38.611270904541016,0.00044976139906793833,3.128236770629883,0.1628270000219345
5470,83.70704650878906,2.200064955104608e-06,5.554668405238772e-07,38.478057861328125,0.00044953430187888443,3.1280901432037354,0.14489245897857472
5471,83.56724548339844,2.1245161860861117e-06,8.75262230692897e-07,38.36151123046875,0.0004490575520321727,3.1279454231262207,0.1487778329756111
5472,83.43875122070312,2.1599350930046057e-06,1.0825542631209828e-06,38.227333068847656,0.000448871694970876,3.1278023719787598,0.1488786669797264
5473,83.33009338378906,2.0538732314889785e-06,1.7358090644847834e-06,38.117061614990234,0.00044834063737653196,3.1276614665985107,0.1535479580052197
5474,83.24882507324219,2.1172245396883227e-06,2.3443410555046285e-06,37.97990798950195,0.000448227598099038,3.1275219917297363,0.15373516699764878
5475,83.21173095703125,1.988793428608915e-06,3.76087177755835e-06,37.8752326965332,0.0004476152826100588,3.127384901046753,0.15971433301456273
5476,83.24880981445312,2.092665226882673e-06,5.457013685372658e-06,37.73178482055664,0.00044762055040337145,3.127249240875244,0.16441966698039323
5477,83.39893341064453,1.9186470581189496e-06,8.827864803606644e-06,37.637123107910156,0.00044687159243039787,3.1271159648895264,0.16188508400227875
5478,83.71849060058594,2.096115622407524e-06,1.3191922334954143e-05,37.48317337036133,0.0004470651037991047,3.126983642578125,0.1600345409824513
5479,84.31661987304688,1.8313230611965992e-06,2.1186771846259944e-05,37.405616760253906,0.00044609192991629243,3.1268539428710938,0.16231145802885294
5480,85.38334655761719,2.124863613062189e-06,3.27800189552363e-05,37.23450469970703,0.0004465836100280285,3.1267244815826416,0.3168135419837199
5481,87.22564697265625,1.7198260593431769e-06,5.344878081814386e-05,37.18449401855469,0.0004452429711818695,3.1265981197357178,0.16170866700122133
5482,90.36931610107422,2.209446392953396e-06,8.538919064449146e-05,36.98680877685547,0.000446226418716833,3.1264708042144775,0.16428904101485386
5483,95.67893981933594,1.575712303747423e-06,0.00014108720642980188,36.98562240600586,0.00044427020475268364,3.126347541809082,0.16861470800358802
5484,104.63871765136719,2.399048753431998e-06,0.00023043576220516115,36.74603271484375,0.00044609210453927517,3.1262214183807373,0.14860591699834913
5485,119.90234375,1.3692706488654949e-06,0.0003862155135720968,36.833763122558594,0.0004431010747794062,3.126100778579712,0.14743454096606
5486,146.05322265625,2.801665459628566e-06,0.0006459678406827152,36.5385856628418,0.0004463768273126334,3.125973701477051,0.14964058401528746
5487,191.30653381347656,1.1066248362112674e-06,0.0011023525148630142,36.79689407348633,0.0004416372685227543,3.125854253768921,0.15171145898057148
5488,270.11187744140625,3.7638776575477095e-06,0.0018853237852454185,36.4500846862793,0.00044753035763278604,3.125720977783203,0.15092708298470825
5489,408.3316650390625,8.102688298095018e-07,0.003271998604759574,37.07001495361328,0.0004398076271172613,3.1255974769592285,0.1500457499641925
5490,651.2432861328125,6.312130608421285e-06,0.005687370430678129,36.81534194946289,0.0004505962133407593,3.1254446506500244,0.16060366696910933
5491,1080.1243896484375,6.494019544334151e-07,0.009980631060898304,38.20748519897461,0.0004378879093565047,3.1252999305725098,0.15994491596939042
5492,1831.7855224609375,1.4661259228887502e-05,0.017456738278269768,38.8105354309082,0.0004583501722663641,3.1250884532928467,0.16006258298875764
5493,3138.27294921875,1.4419090348383179e-06,0.03052617982029915,41.72935485839844,0.0004378159355837852,3.124864339828491,0.16471341700525954
5494,5324.900390625,4.906050889985636e-05,0.052256010472774506,46.5043830871582,0.0004788868536707014,3.124481201171875,0.16217312501976267
5495,8798.0419921875,1.3627571206598077e-05,0.08700662106275558,51.132171630859375,0.00044885659008286893,3.123990297317505,0.16449749999446794
5496,13573.9111328125,0.0002098757104249671,0.1342821568250656,71.12419128417969,0.0005358426715247333,3.1231207847595215,0.16250466700876132
5497,18770.71484375,0.00016275177767965943,0.18630869686603546,72.3536605834961,0.0005121767171658576,3.1218347549438477,0.16590641596121714
5498,20918.357421875,0.0008212896646000445,0.2064950168132782,119.61996459960938,0.0006710732122883201,3.119783878326416,0.1591490419814363
5499,16994.068359375,0.001003021257929504,0.1670832335948944,114.26881408691406,0.0007117163622751832,3.116790771484375,0.14900925004621968
5500,7325.66650390625,0.0016868023667484522,0.06940949708223343,135.021728515625,0.0008101515704765916,3.11286997795105,0.1440958749735728
5501,666.6002197265625,0.0015331332106143236,0.003106721444055438,123.2861099243164,0.0007932861335575581,3.108266830444336,0.1445229999953881
5502,2510.977783203125,0.0008998767007142305,0.022320572286844254,116.23944091796875,0.000726934289559722,3.103593349456787,0.146014166995883
5503,8031.115234375,0.0003236312768422067,0.07809040695428848,108.45648193359375,0.000812546641100198,3.099679946899414,0.162426958035212
5504,8850.025390625,3.243761238991283e-05,0.08626905828714371,148.0878448486328,0.000717869377695024,3.0969831943511963,0.16079720901325345
5505,3812.478271484375,1.3046843605479808e-07,0.035677261650562286,149.1093292236328,0.000956299074459821,3.09588623046875,0.16398587502771989
5506,269.4393615722656,8.381903171539307e-09,0.0003664584655780345,143.24356079101562,0.0008954911609180272,3.09626841545105,0.16525991598609835
5507,2223.781982421875,9.64981609286042e-06,0.020111681893467903,128.80638122558594,0.000828426331281662,3.097851276397705,0.1771427079802379
5508,5145.5078125,6.365739682223648e-05,0.04937746375799179,104.69861602783203,0.0009669686551205814,3.1004388332366943,0.17685899999924004
5509,3990.63330078125,0.0003041314776055515,0.037995319813489914,84.5550765991211,0.0007613300113007426,3.10339617729187,0.17028854199452326
5510,769.6741943359375,0.0004829495446756482,0.005537339020520449,78.05341339111328,0.0008959195110946894,3.1065895557403564,0.16696654097177088
5511,734.9478149414062,0.0006596065941266716,0.004903028719127178,84.57876586914062,0.0009410551865585148,3.1098458766937256,0.16760070901364088
5512,2968.163818359375,0.0007942133815959096,0.02715846709907055,84.66624450683594,0.000882294843904674,3.1129863262176514,0.16663416603114456
5513,2930.789306640625,0.0005253215203993022,0.026789605617523193,93.17366790771484,0.0010612301994115114,3.1163792610168457,0.16358187497826293
5514,857.9227294921875,0.00045800485531799495,0.006261433474719524,89.94359588623047,0.0009603529470041394,3.1200010776519775,0.15038012503646314
5515,375.2869873046875,0.0002475818037055433,0.0015026107430458069,98.71890258789062,0.0010154881747439504,3.1241066455841064,0.1508138329954818
5516,1782.9189453125,7.828625530237332e-05,0.015436624176800251,114.92666625976562,0.0011650128290057182,3.1290152072906494,0.14858425001148134
5517,2141.3583984375,5.9047404647571966e-05,0.01911078579723835,120.2951431274414,0.001040797564201057,3.134608268737793,0.14652645797468722
5518,834.2152099609375,2.583774403319694e-05,0.005898146890103817,122.72447967529297,0.0011909222230315208,3.1409850120544434,0.1527220830321312
5519,262.33349609375,5.38784297532402e-05,0.00030524679459631443,112.28176879882812,0.0011413920437917113,3.1479129791259766,0.15451237501110882
5520,1101.677001953125,0.00013416935689747334,0.008809817023575306,101.9078140258789,0.0010537048801779747,3.1550655364990234,0.15513766696676612
5521,1461.321533203125,0.00018633389845490456,0.012337426654994488,93.76950073242188,0.0011517595266923308,3.1623404026031494,0.16966474999208003
5522,677.875732421875,0.00034367063199169934,0.004530873615294695,87.10203552246094,0.0010331925004720688,3.1693897247314453,0.16463420900981873
5523,238.65380859375,0.0004001136985607445,9.180640336126089e-05,84.34536743164062,0.0010511642321944237,3.1761274337768555,0.16063379199476913
5524,764.55517578125,0.00038141850382089615,0.0053356788121163845,84.6274642944336,0.001082180067896843,3.1825692653656006,0.16607537504751235
5525,1040.596923828125,0.0003868389467243105,0.008223663084208965,81.1427993774414,0.0009840390412136912,3.18862247467041,0.16117233299883083
5526,526.6070556640625,0.00026584038278087974,0.003125673858448863,83.11936950683594,0.0010433621937409043,3.1944596767425537,0.16164458298590034
5527,208.994873046875,0.0001906052348203957,2.7347388822818175e-05,86.6584243774414,0.0010054117301478982,3.200136184692383,0.16173170803813264
5528,539.291748046875,0.0001300955773331225,0.0033789058215916157,92.11618041992188,0.0009627545368857682,3.205693483352661,0.16057445900514722
5529,754.214111328125,7.321343582589179e-05,0.005488904658704996,96.00637817382812,0.0010199594544246793,3.2112488746643066,0.16002658399520442
5530,449.0032043457031,7.63075368013233e-05,0.0025466307997703552,93.39994812011719,0.0009330942411907017,3.2166903018951416,0.1479413330089301
5531,190.98104858398438,8.489970059599727e-05,3.536828444339335e-06,88.822509765625,0.0009331489563919604,3.2219552993774414,0.14782124996418133
5532,364.0334167480469,0.00011270714458078146,0.0017711215186864138,83.23116302490234,0.0009241938241757452,3.2269415855407715,0.14586549997329712
5533,549.367919921875,0.00016916770255193114,0.0036993168760091066,77.52708435058594,0.0008499234681949019,3.231471061706543,0.150970957998652
5534,390.876953125,0.00018865175661630929,0.002098226919770241,74.6783676147461,0.0008751070126891136,3.2355270385742188,0.1563289999612607
5535,185.90330505371094,0.00020896656496915966,9.376304660690948e-05,72.472900390625,0.000831574434414506,3.2390503883361816,0.15298466599779204
5536,252.67840576171875,0.00019620863895397633,0.0008049866883084178,71.84003448486328,0.0008071883930824697,3.2420570850372314,0.1641606250195764
5537,399.560791015625,0.00015279850049410015,0.002290593460202217,72.88509368896484,0.000823365175165236,3.244647979736328,0.16141679097199813
5538,343.9608154296875,0.00012495338160078973,0.0018182280473411083,72.45277404785156,0.0007718988927081227,3.2468457221984863,0.1628764170454815
5539,187.7388153076172,8.72944001457654e-05,0.0002748840779531747,73.2812728881836,0.0007823969935998321,3.2487471103668213,0.16153708298224956
5540,177.80209350585938,6.410997593775392e-05,0.0002039002865785733,74.09432220458984,0.000769067439250648,3.2503998279571533,0.1636468750075437
5541,282.4109802246094,5.4071108024800196e-05,0.0012909761862829328,74.22929382324219,0.0007367696380242705,3.251802444458008,0.16173304204130545
5542,298.37872314453125,4.879617699771188e-05,0.001456064754165709,72.91346740722656,0.0007497916813008487,3.252977132797241,0.16397358296671882
5543,201.12713623046875,5.885793507331982e-05,0.0005417208885774016,69.98796081542969,0.0007108130375854671,3.2538564205169678,0.16541750001488253
5544,144.5986328125,7.23834746167995e-05,1.7170132196042687e-06,66.94345092773438,0.0007024512160569429,3.2543983459472656,0.1608798750094138
5545,192.727783203125,8.709737448953092e-05,0.0005006667342968285,64.37566375732422,0.0006957570440135896,3.254567861557007,0.15907195798354223
5546,241.0988311767578,0.00010013217251980677,0.001017848844639957,62.642845153808594,0.0006665788241662085,3.254321575164795,0.1709552920074202
5547,206.253662109375,9.843953739618883e-05,0.0006752823246642947,61.588951110839844,0.0006729252054356039,3.2536914348602295,0.14621495897881687
5548,144.99948120117188,9.070861415239051e-05,9.716395288705826e-05,60.999088287353516,0.0006521313916891813,3.252697467803955,0.14905129198450595
5549,141.52801513671875,7.57856760174036e-05,8.829520811559632e-05,60.8779411315918,0.0006424197927117348,3.2513909339904785,0.15083516598679125
5550,180.94894409179688,5.9133541071787477e-05,0.0004968118155375123,61.18485641479492,0.0006416955729946494,3.2498390674591064,0.1572400419972837
5551,191.54083251953125,4.658347461372614e-05,0.0006363809807226062,61.28169250488281,0.0006196270114742219,3.2480757236480713,0.16107749997172505
5552,156.63690185546875,3.679231303976849e-05,0.00029395640012808144,61.39000701904297,0.0006217202171683311,3.246154308319092,0.1619936659699306
5553,126.15847778320312,3.1789099011803046e-05,1.2223204976180568e-05,61.0563850402832,0.0006070085801184177,3.2440924644470215,0.16919358301674947
5554,134.225830078125,3.0695711757289246e-05,0.00011285780055914074,60.28300857543945,0.0005958747933618724,3.241896390914917,0.160877917020116
5555,157.26095581054688,3.306182043161243e-05,0.000353216688381508,59.24576187133789,0.0005938734393566847,3.2395689487457275,0.1641009579761885
5556,157.29905700683594,3.838699558400549e-05,0.00038018557825125754,57.8347282409668,0.0005760707426816225,3.2370846271514893,0.16610504203708842
5557,133.9669952392578,4.4371274270815775e-05,0.0001538465148769319,56.6151237487793,0.000575300888158381,3.234440803527832,0.15903133299434558
5558,117.29534912109375,4.8282905481755733e-05,3.3719973089318955e-06,55.639835357666016,0.0005649002268910408,3.2316324710845947,0.16418000002158806
5559,123.13731384277344,4.805951539310627e-05,7.595388888148591e-05,55.04145050048828,0.00055694516049698,3.2286734580993652,0.1600388329825364
5560,136.38072204589844,4.37540584243834e-05,0.00021674750314559788,54.7535285949707,0.0005557704134844244,3.2256009578704834,0.15295787499053404
5561,136.19630432128906,3.6740992072736844e-05,0.00023488698934670538,54.603416442871094,0.0005443009431473911,3.2224457263946533,0.1457015830092132
5562,122.34813690185547,3.009043757629115e-05,0.0001036614557961002,54.53663635253906,0.0005443631089292467,3.2192530632019043,0.14631712500704452
5563,111.20159912109375,2.442041841277387e-05,6.0398897403501906e-06,54.41706466674805,0.0005373849999159575,3.216052293777466,0.14533370803110301
5564,112.74429321289062,2.081855564028956e-05,3.203624510206282e-05,54.20068359375,0.0005325812962837517,3.212864398956299,0.15410300000803545
5565,120.50466918945312,1.9435736248851754e-05,0.00011662721226457506,53.740333557128906,0.0005315804155543447,3.2097039222717285,0.15298245899612084
5566,122.44694519042969,1.9296716345706955e-05,0.0001500144717283547,53.16291046142578,0.0005235292483121157,3.206566095352173,0.15775191597640514
5567,115.61752319335938,2.1320869564078748e-05,8.770475687924773e-05,52.3497314453125,0.0005236523575149477,3.2034480571746826,0.1611084999749437
5568,107.434326171875,2.3604383386555128e-05,1.7420235963072628e-05,51.53392791748047,0.0005179793806746602,3.2003366947174072,0.15831358300056309
5569,105.36119079589844,2.602349741209764e-05,4.373986485006753e-06,50.788673400878906,0.0005153276724740863,3.197225332260132,0.1557938750484027
5570,108.92277526855469,2.735611815296579e-05,4.5963934098836035e-05,50.1937255859375,0.0005139705026522279,3.1941158771514893,0.15579920797608793
5571,111.92730712890625,2.614404547784943e-05,8.613990212325007e-05,49.81689453125,0.0005088201723992825,3.1910154819488525,0.1508499580086209
5572,110.09618377685547,2.3988766770344228e-05,7.249508053064346e-05,49.554832458496094,0.0005089296610094607,3.18794584274292,0.15467112499754876
5573,105.08151245117188,2.0205246983096004e-05,3.206864130333997e-05,49.43260955810547,0.0005042151315137744,3.184926986694336,0.15376279200427234
5574,101.44902801513672,1.7050057067535818e-05,1.4381896562554175e-06,49.32521057128906,0.0005027499282732606,3.181981086730957,0.15994366601807997
5575,101.5347900390625,1.4537366951117292e-05,8.24832750367932e-06,49.195125579833984,0.0005006109131500125,3.179124355316162,0.15952129097422585
5576,103.64530944824219,1.2758240700350143e-05,3.645396645879373e-05,49.01902389526367,0.0004970505833625793,3.1763648986816406,0.15135329100303352
5577,104.5454330444336,1.2319251254666597e-05,4.932052979711443e-05,48.70895767211914,0.0004967249697074294,3.1737070083618164,0.314813667035196
5578,102.8552017211914,1.1996291505056433e-05,3.9876125811133534e-05,48.39164352416992,0.0004927631816826761,3.1711463928222656,0.15364425000734627
5579,99.91682434082031,1.270719621970784e-05,1.454100311093498e-05,47.973419189453125,0.0004921858198940754,3.168678045272827,0.1567173329531215
5580,97.96284484863281,1.332822739641415e-05,7.187927621998824e-07,47.584747314453125,0.0004897339968010783,3.1662940979003906,0.15549266699235886
5581,97.92095947265625,1.3942700206825975e-05,5.2256009439588524e-06,47.21754837036133,0.00048786576371639967,3.163987636566162,0.16235654102638364
5582,98.88549041748047,1.4344385817821603e-05,1.8548467778600752e-05,46.88344192504883,0.00048712766147218645,3.1617562770843506,0.15890783298527822
5583,99.29183959960938,1.3703368495043833e-05,2.8277805540710688e-05,46.65642166137695,0.00048437301302328706,3.159599542617798,0.16561070800526068
5584,98.3956298828125,1.2991786206839606e-05,2.250603756692726e-05,46.43145751953125,0.00048414390766993165,3.1575229167938232,0.1604434580076486
5585,96.74182891845703,1.1484518836368807e-05,1.1217838618904352e-05,46.300880432128906,0.0004817071312572807,3.155531644821167,0.15576462500030175
5586,95.3975601196289,1.0343604117224459e-05,1.2524672001745785e-06,46.146270751953125,0.0004809168167412281,3.1536319255828857,0.16727249999530613
5587,94.97151184082031,9.366415724798571e-06,8.208189683500677e-07,45.98655700683594,0.00047966232523322105,3.1518263816833496,0.16097316599916667
5588,95.23278045654297,8.686756700626574e-06,7.496638318116311e-06,45.80351257324219,0.00047810928663238883,3.150114059448242,0.161097125033848
5589,95.49427795410156,8.6180289144977e-06,1.2984912245883606e-05,45.552154541015625,0.0004778183065354824,3.148491859436035,0.16642204200616106
5590,95.22782897949219,8.466469807899557e-06,1.4613826351705939e-05,45.32161331176758,0.0004759818548336625,3.1469531059265137,0.14852562500163913
5591,94.42228698730469,8.848420293361414e-06,9.226118891092483e-06,45.031742095947266,0.0004758309223689139,3.145491361618042,0.14536308299284428
5592,93.48237609863281,8.98046710062772e-06,3.6325238852441544e-06,44.78278350830078,0.00047438297769986093,3.144098997116089,0.14839358400786296
5593,92.83766174316406,9.218878403771669e-06,9.139421308645979e-08,44.5321044921875,0.00047374528367072344,3.142770290374756,0.14725341700250283
5594,92.6265869140625,9.194282029056922e-06,9.799296094570309e-07,44.31673812866211,0.0004729242355097085,3.1415016651153564,0.15573945903452113
5595,92.66007232666016,8.767402505327482e-06,4.657676072383765e-06,44.151466369628906,0.00047166101285256445,3.140291929244995,0.15726979199098423
5596,92.63862609863281,8.313849320984446e-06,6.915621270309202e-06,43.99260330200195,0.0004712308291345835,3.1391422748565674,0.1665644579916261
5597,92.35797882080078,7.454917977156583e-06,7.520156941609457e-06,43.88768005371094,0.00046972790732979774,3.138054609298706,0.16121791600016877
5598,91.84341430664062,6.925656634848565e-06,4.686535248765722e-06,43.7484130859375,0.00046933782869018614,3.1370303630828857,0.16041270800633356
5599,91.28140258789062,6.327414212137228e-06,2.1304279016476357e-06,43.622398376464844,0.0004681321734096855,3.1360692977905273,0.1667024579946883
5600,90.8370361328125,6.079211743781343e-06,1.73288071891875e-07,43.45473861694336,0.000467570498585701,3.135169267654419,0.1620951250079088
5601,90.5762939453125,5.975025487714447e-06,1.8172522686654702e-07,43.270851135253906,0.0004668976762332022,3.1343259811401367,0.16381108399946243
5602,90.44963836669922,5.93720415054122e-06,1.63796721608378e-06,43.0806999206543,0.00046611420111730695,3.1335339546203613,0.15841416700277478
5603,90.34477233886719,6.06922230872442e-06,2.8445285806810716e-06,42.86935043334961,0.0004658405086956918,3.1327879428863525,0.15981216699583456
5604,90.1618881225586,6.003907856211299e-06,3.8053897242207313e-06,42.686283111572266,0.00046494673006236553,3.132082939147949,0.1558019170188345
5605,89.86749267578125,6.084209417167585e-06,2.9631564757437445e-06,42.48538589477539,0.00046477370779030025,3.1314151287078857,0.15886425005737692
5606,89.50592041015625,5.880408480152255e-06,2.0123991362197557e-06,42.32138442993164,0.0004639525432139635,3.130781650543213,0.15173983300337568
5607,89.14946746826172,5.718214197258931e-06,6.242883046070347e-07,42.15299987792969,0.00046362215653061867,3.130181074142456,0.15149516699602827
5608,88.85282897949219,5.388723820942687e-06,7.207040653156582e-08,42.009315490722656,0.00046297433436848223,3.129612922668457,0.14900345797650516
5609,88.63145446777344,5.059620889369398e-06,1.5251339391397778e-07,41.86927795410156,0.0004624095745384693,3.1290769577026367,0.1502569579752162
5610,88.46200561523438,4.8101810534717515e-06,6.107986791903386e-07,41.72259521484375,0.0004619731626007706,3.128572463989258,0.1544905420159921
5611,88.30401611328125,4.577497747959569e-06,1.400695509801153e-06,41.57893371582031,0.00046127260429784656,3.1280977725982666,0.14507795800454915
5612,88.12073516845703,4.547197022475302e-06,1.566746732351021e-06,41.409603118896484,0.0004609973984770477,3.127650260925293,0.16146354097872972
5613,87.89897155761719,4.4551375140144955e-06,1.7182630926981801e-06,41.25252151489258,0.00046029104851186275,3.1272268295288086,0.1635126670007594
5614,87.64598846435547,4.517757133726263e-06,1.1510792319313623e-06,41.07564163208008,0.00046003464376553893,3.126824140548706,0.16406499996082857
5615,87.37957763671875,4.466467544261832e-06,7.55637529437081e-07,40.917564392089844,0.0004593980556819588,3.1264395713806152,0.16374112502671778
5616,87.12358093261719,4.4702474042424e-06,1.9119602256978396e-07,40.753604888916016,0.00045903827412985265,3.126070737838745,0.16454308404354379
5617,86.89498138427734,4.384713520266814e-06,1.8081664165947586e-08,40.604225158691406,0.00045850477181375027,3.125715970993042,0.16073483298532665
5618,86.6962890625,4.270147201168584e-06,9.459313332627062e-08,40.460121154785156,0.00045799690997228026,3.1253745555877686,0.1623169999802485
5619,86.51968383789062,4.145924322074279e-06,2.991348537761951e-07,40.31814956665039,0.00045757024781778455,3.1250460147857666,0.15676624997286126
5620,86.34992980957031,3.927747002308024e-06,7.115343123587081e-07,40.19086837768555,0.00045695138396695256,3.1247305870056152,0.1582916670013219
5621,86.17222595214844,3.7998106563463807e-06,8.070528565440327e-07,40.051151275634766,0.0004566039133351296,3.1244282722473145,0.15548137499717996
5622,85.98009490966797,3.5930981994169997e-06,9.96044263956719e-07,39.92416000366211,0.0004559702065307647,3.1241390705108643,0.1451367920381017
5623,85.77338409423828,3.5406408187554916e-06,7.52325149733224e-07,39.77595520019531,0.00045568132190965116,3.1238620281219482,0.14679383300244808
5624,85.55711364746094,3.444843741817749e-06,6.440334345825249e-07,39.6351432800293,0.00045513082295656204,3.123595952987671,0.1467566670035012
5625,85.34033203125,3.4641200272744754e-06,3.1231684261001647e-07,39.47734069824219,0.00045485346345230937,3.1233386993408203,0.15439641696866602
5626,85.12977600097656,3.428931677262881e-06,1.8746140995062888e-07,39.32854080200195,0.00045439592213369906,3.123088836669922,0.15757283300627023
5627,84.92803955078125,3.4357783533778274e-06,2.4461769498884678e-08,39.174407958984375,0.0004540760419331491,3.122844934463501,0.15841545903822407
5628,84.73641967773438,3.40227370543289e-06,7.366907084360719e-11,39.026939392089844,0.0004536924825515598,3.122606039047241,0.16932916699443012
5629,84.55391693115234,3.332709638925735e-06,6.290883902693167e-08,38.885154724121094,0.00045329201384447515,3.1223714351654053,0.1593875419930555
5630,84.3774642944336,3.2690350053599104e-06,1.1333122529322281e-07,38.74368667602539,0.00045295539894141257,3.122141122817993,0.15917716699186713
5631,84.20344543457031,3.1507183848589193e-06,2.7362352739146445e-07,38.611270904541016,0.0004524974210653454,3.121915578842163,0.1612457080045715
5632,84.03028869628906,3.082533112319652e-06,3.054267381230602e-07,38.472957611083984,0.00045218539889901876,3.121694564819336,0.16441812500124797
5633,83.85676574707031,2.9543391519837314e-06,4.630076091416413e-07,38.345252990722656,0.0004516977642197162,3.121478796005249,0.18393999995896593
5634,83.6784896850586,2.9096368052705657e-06,4.022012944915332e-07,38.20682907104492,0.00045140477595850825,3.1212680339813232,0.1663724579848349
5635,83.4944076538086,2.8276649572944734e-06,4.3426643969723955e-07,38.07585144042969,0.00045092363143339753,3.1210620403289795,0.15600833302596584
5636,83.30770874023438,2.8376969112287043e-06,2.7312489692121744e-07,37.93278503417969,0.000450638442998752,3.1208600997924805,0.1551559169893153
5637,83.12191772460938,2.7956825761066284e-06,2.5067947717616335e-07,37.7985954284668,0.0004501868970692158,3.120661497116089,0.14824629202485085
5638,82.9383544921875,2.8064564503438305e-06,1.2383770808810368e-07,37.657684326171875,0.0004498764465097338,3.1204652786254883,0.14802966703427956
5639,82.75755310058594,2.761504447335028e-06,1.051375875249505e-07,37.52591323852539,0.00044944981345906854,3.1202714443206787,0.14670154202030972
5640,82.57865142822266,2.7393618893256644e-06,2.8978547561564483e-08,37.39162063598633,0.00044910196447744966,3.120079517364502,0.15329612500499934
5641,82.40315246582031,2.685176696104463e-06,1.8210130292573012e-08,37.26321792602539,0.0004486959078349173,3.119889736175537,0.16029408300528303
5642,82.23031616210938,2.634821385072428e-06,4.81122697237879e-10,37.13487243652344,0.000448319100541994,3.1197023391723633,0.17097479104995728
5643,82.05987548828125,2.574794507381739e-06,1.5663772501284257e-09,37.00827407836914,0.00044793967390432954,3.1195175647735596,0.16288874996826053
5644,81.89117431640625,2.5192421162500978e-06,2.416436473140493e-08,36.88235855102539,0.0004475447058212012,3.119335651397705,0.15033033402869478
5645,81.72357940673828,2.4802279767754953e-06,1.9254230210208334e-08,36.75423812866211,0.00044719394645653665,3.1191565990448,0.15798237500712276
5646,81.55696105957031,2.427196477583493e-06,5.370475264498964e-08,36.629310607910156,0.0004467956314329058,3.118980646133423,0.19363204098772258
5647,81.39106750488281,2.407919737379416e-06,4.126286512473598e-08,36.49910354614258,0.0004464703961275518,3.118807554244995,0.15704337501665577
5648,81.22612762451172,2.370698211962008e-06,8.267511475423817e-08,36.37241744995117,0.00044608372263610363,3.1186370849609375,0.1649038330069743
5649,81.06311798095703,2.3712489110039314e-06,6.728805601596832e-08,36.241294860839844,0.00044577967491932213,3.118468761444092,0.16900195798370987
5650,80.89942169189453,2.3370457711280324e-06,1.1429642654547933e-07,36.114784240722656,0.00044539503869600594,3.118302583694458,0.16095150000182912
5651,80.73705291748047,2.3388686258840607e-06,8.432857612206135e-08,35.98517990112305,0.00044509550207294524,3.118138074874878,0.16251291701337323
5652,80.57592010498047,2.288280256834696e-06,1.3551107258535922e-07,35.86307907104492,0.0004447046376299113,3.1179754734039307,0.15359183301916346
5653,80.41751098632812,2.2787328362028347e-06,1.258595148101449e-07,35.73637390136719,0.00044440681813284755,3.117814779281616,0.1499793750117533
5654,80.26150512695312,2.2193803488335107e-06,2.2060362425690982e-07,35.617408752441406,0.0004440010234247893,3.1176562309265137,0.14769029198214412
5655,80.10597229003906,2.207674697274342e-06,2.1570394892478362e-07,35.49150466918945,0.00044372130651026964,3.117499828338623,0.14699008304160088
5656,79.9504623413086,2.1529326659219805e-06,3.0806768336333334e-07,35.37374496459961,0.0004433061694726348,3.1173458099365234,0.15461262501776218
5657,79.79572296142578,2.154507228624425e-06,2.821698217303492e-07,35.247657775878906,0.0004430439730640501,3.1171939373016357,0.15876333398045972
5658,79.64250183105469,2.094217506964924e-06,3.866298357024789e-07,35.13193893432617,0.0004426248196978122,3.117044448852539,0.1561762920464389
5659,79.49057006835938,2.1002599623898277e-06,3.6817624504692503e-07,35.00669860839844,0.0004423702775966376,3.1168971061706543,0.17058650002582
5660,79.34196472167969,2.0494337604759494e-06,5.098868882669194e-07,34.891151428222656,0.0004419488541316241,3.1167521476745605,0.16318775003310293
5661,79.19598388671875,2.072022653010208e-06,5.211850293562748e-07,34.76470184326172,0.0004417196032591164,3.1166088581085205,0.15920787502545863
5662,79.05274200439453,2.0046277313667815e-06,7.159656547628401e-07,34.65266799926758,0.00044128013541921973,3.1164679527282715,0.16471570800058544
5663,78.91427612304688,2.0286663584556663e-06,7.693780048612098e-07,34.52782440185547,0.0004410665133036673,3.116328716278076,0.16338395897764713
5664,78.78240966796875,1.9526464711816516e-06,1.079579533325159e-06,34.41887283325195,0.0004406031803227961,3.116191864013672,0.1660033329972066
5665,78.6611099243164,1.988121084650629e-06,1.2733657968055923e-06,34.2927360534668,0.0004404222418088466,3.1160566806793213,0.1671110829920508
5666,78.55272674560547,1.9048017065870226e-06,1.8300327155884588e-06,34.18655014038086,0.0004399269528221339,3.1159236431121826,0.16420566698070616
5667,78.46076965332031,1.95798065760755e-06,2.263283249703818e-06,34.05880355834961,0.0004397984012030065,3.1157920360565186,0.1575567499967292
5668,78.40086364746094,1.847976932367601e-06,3.3300987070106203e-06,33.958431243896484,0.0004392462142277509,3.1156625747680664,0.14848845900269225
5669,78.39225769042969,1.926084678416373e-06,4.523840289039072e-06,33.82733154296875,0.00043919929885305464,3.115534543991089,0.28283124999143183
5670,78.46107482910156,1.7811775023801601e-06,6.934443717909744e-06,33.73373031616211,0.0004385578213259578,3.1154091358184814,0.15142924996325746
5671,78.63854217529297,1.9178214643034153e-06,9.871409929473884e-06,33.59551239013672,0.00043864105828106403,3.1152846813201904,0.15605954098282382
5672,78.98348999023438,1.714827021714882e-06,1.5139812603592873e-05,33.512969970703125,0.00043785059824585915,3.1151628494262695,0.1546808750135824
5673,79.60569763183594,1.935029104060959e-06,2.23592396650929e-05,33.36320495605469,0.0004381306644063443,3.1150412559509277,0.15926141600357369
5674,80.67044067382812,1.64010384651192e-06,3.4972254070453346e-05,33.298667907714844,0.00043710542377084494,3.114922523498535,0.16481525002745911
5675,82.44963073730469,1.977545707632089e-06,5.3483647207031026e-05,33.133644104003906,0.00043769870535470545,3.1148033142089844,0.16458583303028718
5676,85.41712951660156,1.5240677839756245e-06,8.537156827514991e-05,33.09965896606445,0.0004362790787126869,3.114687442779541,0.16325208399211988
5677,90.33827209472656,2.0814711660932517e-06,0.00013482604117598385,32.907470703125,0.00043740056571550667,3.114569902420044,0.1596457920386456
5678,98.54715728759766,1.381293373015069e-06,0.00021947988716419786,32.92695236206055,0.00043534088763408363,3.1144566535949707,0.15861049998784438
5679,112.2476806640625,2.3074351247487357e-06,0.0003558563475962728,32.696380615234375,0.00043734919745475054,3.1143393516540527,0.15855720901163295
5680,135.31617736816406,1.187688667414477e-06,0.0005896029178984463,32.815452575683594,0.00043421657755970955,3.114227771759033,0.16181408299598843
5681,174.42449951171875,2.8170506993774325e-06,0.0009782470297068357,32.54098892211914,0.00043777099926956,3.114107608795166,0.16192804201273248
5682,241.1339111328125,9.5192888238671e-07,0.0016489651752635837,32.857173919677734,0.00043285018182359636,3.113994836807251,0.14974662504391745
5683,355.47265625,4.04388583774562e-06,0.0027857443783432245,32.575843811035156,0.0004391800321172923,3.113863945007324,0.14961962500819936
5684,553.275390625,7.567778652628476e-07,0.004767583217471838,33.30967712402344,0.0004313169338274747,3.1137404441833496,0.14656174997799098
5685,895.1145629882812,7.51754214434186e-06,0.008168147876858711,33.26380157470703,0.000442842225311324,3.113577365875244,0.14631166600156575
5686,1487.8367919921875,8.754852842685068e-07,0.014098187908530235,34.90127944946289,0.00043029154767282307,3.1134138107299805,0.15156787500018254
5687,2499.05859375,1.9638597223092802e-05,0.024156730622053146,36.20541000366211,0.00045216333819553256,3.113159418106079,0.1533642080030404
5688,4198.2841796875,3.427386673138244e-06,0.0411507748067379,39.55192565917969,0.00043311851914040744,3.1128623485565186,0.16033749998314306
5689,6881.66064453125,7.167627336457372e-05,0.06780409067869186,46.38211441040039,0.00047701766015961766,3.112348794937134,0.16564770799595863
5690,10803.298828125,3.393390215933323e-05,0.10702969133853912,51.5140380859375,0.0004542275273706764,3.111638069152832,0.1630051250103861
5691,15360.1474609375,0.00030385711579583585,0.15200823545455933,74.56233978271484,0.0005437603103928268,3.1104347705841064,0.16112133295973763
5692,18885.15234375,0.000305288442177698,0.1872207671403885,78.00847625732422,0.0005453907651826739,3.108630418777466,0.1610451249871403
5693,17544.267578125,0.0009996789740398526,0.1726197749376297,114.62910461425781,0.0006769363535568118,3.1059610843658447,0.16274195798905566
5694,10765.4853515625,0.0011828752467408776,0.10459944605827332,115.49272155761719,0.0007176047074608505,3.1023032665252686,0.16335320903453976
5695,2604.06005859375,0.0013936380855739117,0.022806478664278984,109.83544158935547,0.0007421287591569126,3.0979301929473877,0.1630864159669727
5696,508.564697265625,0.0009453154634684324,0.0024649049155414104,97.13602447509766,0.0007040665950626135,3.0933732986450195,0.1635607079952024
5697,4733.26611328125,0.00033036115928553045,0.04524783417582512,110.87384033203125,0.0006457280251197517,3.0893518924713135,0.15711649996228516
5698,8318.7099609375,5.4661773901898414e-05,0.08115018904209137,114.89708709716797,0.0008332718280144036,3.086655378341675,0.1496352079557255
5699,6462.0693359375,5.7756551541388035e-08,0.06245673447847366,143.82289123535156,0.0007256731041707098,3.0854885578155518,0.14869674999499694
5700,1705.0115966796875,2.9874377105443273e-07,0.014825994148850441,132.61456298828125,0.000897676800377667,3.085923194885254,0.14769499999238178
5701,360.3046875,1.2901282389066182e-05,0.0016295433742925525,111.2880630493164,0.0008477214141748846,3.0876240730285645,0.1494075829978101
5702,3053.999267578125,0.00010047960677184165,0.028774192556738853,92.94245910644531,0.000735899549908936,3.090113639831543,0.15982737502781674
5703,4605.69189453125,0.00022868378437124193,0.04418276622891426,75.91360473632812,0.0008863338734954596,3.0932137966156006,0.1577009999891743
5704,2562.6611328125,0.0005466346628963947,0.023646963760256767,67.56808471679688,0.0007573324255645275,3.096358060836792,0.16197504196316004
5705,309.9011535644531,0.0006349323084577918,0.0008518371032550931,74.2210693359375,0.0008700313628651202,3.099536895751953,0.1621445829514414
5706,1166.035888671875,0.0006014311220496893,0.00931067019701004,81.12037658691406,0.0009370531770400703,3.102820873260498,0.15725279098842293
5707,2883.281005859375,0.000574138481169939,0.02661382220685482,79.7877197265625,0.0008469698368571699,3.106152296066284,0.1680060419603251
5708,2223.6787109375,0.0002779123606160283,0.020062077790498734,87.6430435180664,0.0010203651618212461,3.110002279281616,0.17239704198436812
5709,498.6385498046875,0.00018189384718425572,0.0029055445920675993,94.50064086914062,0.0009539405000396073,3.1144185066223145,0.16438062500674278
5710,487.47265625,8.097538375295699e-05,0.0027394788339734077,105.62857055664062,0.0009979868773370981,3.11956787109375,0.165295334008988
5711,1703.5140380859375,2.3227699784911238e-05,0.014706803485751152,116.47689056396484,0.001140340231359005,3.1256320476531982,0.16552254202542827
5712,1779.613525390625,4.918667036690749e-05,0.01566949672996998,108.12098693847656,0.0009962411131709814,3.132303476333618,0.1642975840368308
5713,631.4884643554688,6.672761810477823e-05,0.004168108571320772,98.60639953613281,0.0010939845815300941,3.139491319656372,0.1471162090310827
5714,253.29498291015625,0.00015292229363694787,0.0004645746375899762,86.96503448486328,0.0010458026081323624,3.1468734741210938,0.146487416990567
5715,989.406982421875,0.00028342840960249305,0.007824575528502464,81.44528198242188,0.0009716124041005969,3.154116153717041,0.14707399997860193
5716,1258.10302734375,0.0003138330939691514,0.010418254882097244,78.90457916259766,0.0010598970111459494,3.1611924171447754,0.1530027079861611
5717,594.9309692382812,0.0004003092471975833,0.003827260108664632,75.62191772460938,0.000965521321631968,3.1678853034973145,0.1549784590024501
5718,213.60025024414062,0.0003564997750800103,5.373502426664345e-05,74.5698013305664,0.0009800696279853582,3.174238920211792,0.15791658300440758
5719,630.1433715820312,0.0002623146865516901,0.004272250458598137,76.15929412841797,0.0010052757570520043,3.1803746223449707,0.16113041702192277
5720,906.6990966796875,0.00020775687880814075,0.007142317481338978,79.56114959716797,0.0009213046287186444,3.18628191947937,0.164639791008085
5721,525.2402954101562,0.00011550090130185708,0.0033129302319139242,84.05852508544922,0.0009833865333348513,3.192140817642212,0.1700903750024736
5722,191.3437957763672,8.255562715930864e-05,2.3153070287662558e-05,86.87928771972656,0.0009389363694936037,3.197946071624756,0.16288145899306983
5723,393.7628173828125,7.22111581126228e-05,0.002103472361341119,86.20154571533203,0.0008999293204396963,3.2036445140838623,0.16181333299027756
5724,644.7320556640625,7.134864426916465e-05,0.004612247925251722,83.18916320800781,0.0009318323573097587,3.209209442138672,0.169514250010252
5725,477.5050354003906,0.00011641360470093787,0.003059645649045706,75.52421569824219,0.0008437489741481841,3.214421510696411,0.16248724999604747
5726,196.17001342773438,0.0001527115673525259,0.00025779707357287407,70.13912963867188,0.0008498002425767481,3.219186544418335,0.15859937499044463
5727,239.1120147705078,0.00018687779083848,0.0007025146624073386,66.96686553955078,0.0008320591878145933,3.223417282104492,0.18248208303702995
5728,441.8321533203125,0.00020774829317815602,0.0027758372016251087,65.30873107910156,0.0007816484430804849,3.2270407676696777,0.1513494579703547
5729,418.6044006347656,0.00017518502136226743,0.002541580004617572,66.23501586914062,0.0008069286704994738,3.2301509380340576,0.14771579200169072
5730,220.49560546875,0.00014835313777439296,0.0006410084897652268,65.42997741699219,0.0007612946792505682,3.232774019241333,0.14637475000927225
5731,161.9261016845703,0.00010745319013949484,9.537674486637115e-05,66.2793960571289,0.000753637112211436,3.235003709793091,0.1479038749821484
5732,282.78680419921875,7.168434967752546e-05,0.0013199890963733196,67.68022155761719,0.0007593923946842551,3.236940622329712,0.14996045897714794
5733,344.3565979003906,5.5463198805227876e-05,0.0019849948585033417,68.66874694824219,0.0007164207054302096,3.238593339920044,0.15361170802498236
5734,245.406494140625,4.387320950627327e-05,0.00100054987706244,67.87881469726562,0.0007308537024073303,3.2400104999542236,0.166125749994535
5735,145.15969848632812,4.7147386794677004e-05,4.573791738948785e-05,65.78256225585938,0.0007008860702626407,3.2411468029022217,0.15859416703460738
5736,173.3614044189453,5.8162193454336375e-05,0.0003661116643343121,62.90383529663086,0.0006803018040955067,3.2419445514678955,0.16095945797860622
5737,249.53305053710938,7.222129352157936e-05,0.0011396458139643073,60.1488037109375,0.0006819755071774125,3.242367744445801,0.16418275004252791
5738,241.9110107421875,9.023692109622061e-05,0.0011036511277779937,57.771080017089844,0.0006475113332271576,3.2423434257507324,0.1669153330149129
5739,164.58303833007812,9.594105358701199e-05,0.00033760262886062264,56.14194107055664,0.0006508673541247845,3.241882085800171,0.16134933399735019
5740,128.7105712890625,9.20121165108867e-05,4.709272616310045e-06,55.45864486694336,0.000635797914583236,3.2410013675689697,0.16308795800432563
5741,166.2014923095703,7.881028432166204e-05,0.0004099403158761561,55.31195831298828,0.0006201448268257082,3.2397453784942627,0.15981845796341076
5742,202.41859436035156,6.105378270149231e-05,0.0007828453672118485,55.6566276550293,0.0006237205234356225,3.2381958961486816,0.16264808300184086
5743,180.54293823242188,4.685480598709546e-05,0.0006003148737363517,55.721641540527344,0.0006010432844050229,3.2363946437835693,0.1557017090381123
5744,132.73838806152344,3.6076362448511645e-05,0.0001311200758209452,55.89030456542969,0.0006012844387441874,3.2344019412994385,0.14573579101124778
5745,119.49588012695312,3.0079321732046083e-05,1.7476006178185344e-05,55.69808578491211,0.0005904225981794298,3.2322463989257812,0.14372241700766608
5746,144.9337158203125,2.8229014787939377e-05,0.0002947745088022202,55.0214729309082,0.0005761188804171979,3.229933738708496,0.144978332973551
5747,163.93441772460938,3.0187949960236438e-05,0.0004929294809699059,54.01726150512695,0.0005760541534982622,3.2274718284606934,0.14837470895145088
5748,149.02090454101562,3.5026558180106804e-05,0.00037182707455940545,52.53810501098633,0.0005579743883572519,3.2248334884643555,0.15204966603778303
5749,119.95913696289062,4.13376183132641e-05,8.914858335629106e-05,51.29528045654297,0.0005561523139476776,3.222013235092163,0.15847399999620393
5750,110.14439392089844,4.571695899358019e-05,5.291207344271243e-06,50.296993255615234,0.000547465868294239,3.2190070152282715,0.1646986670093611
5751,123.67699432373047,4.575888306135312e-05,0.00015573305427096784,49.71689987182617,0.0005381090450100601,3.2158279418945312,0.16092808300163597
5752,136.73696899414062,4.168016312178224e-05,0.00029336806619539857,49.455322265625,0.0005377682391554117,3.212519884109497,0.1660432079806924
5753,131.20877075195312,3.4188535209978e-05,0.0002582872984930873,49.35417556762695,0.0005260701873339713,3.209120512008667,0.1650777079630643
5754,113.85430908203125,2.7359857995179482e-05,9.186123497784138e-05,49.35295104980469,0.0005257924203760922,3.2056829929351807,0.16420862503582612
5755,103.48894500732422,2.1536081476369873e-05,1.1551755960681476e-06,49.28346252441406,0.0005193635588511825,3.2022438049316406,0.16208837495651096
5756,107.57473754882812,1.7964766811928712e-05,5.268459062790498e-05,49.0960693359375,0.0005141373840160668,3.1988275051116943,0.16437079198658466
5757,116.72682189941406,1.6933105143834837e-05,0.00015071612142492086,48.61053466796875,0.0005135136307217181,3.1954495906829834,0.16134900000179186
5758,118.3046646118164,1.6995461919577792e-05,0.00018050899961963296,48.00923156738281,0.0005054498906247318,3.1921041011810303,0.15954879100900143
5759,110.19928741455078,1.949727266037371e-05,0.00010524040408199653,47.14582443237305,0.0005057969829067588,3.1887853145599365,0.14696300000650808
5760,100.80271911621094,2.197366120526567e-05,2.2483422071672976e-05,46.32179641723633,0.0005003521800972521,3.1854779720306396,0.1467659999616444
5761,98.19686889648438,2.448644045216497e-05,3.499264721540385e-06,45.588104248046875,0.0004981019301339984,3.1821746826171875,0.29815404198598117
5762,102.21054077148438,2.554168167989701e-05,4.9313832278130576e-05,45.033477783203125,0.0004969151341356337,3.1788792610168457,0.15738250000867993
5763,106.36135864257812,2.3720358512946405e-05,0.00010061587090604007,44.71488952636719,0.0004921284271404147,3.1756033897399902,0.15913920802995563
5764,105.4166030883789,2.1214216758380644e-05,9.537674486637115e-05,44.50709915161133,0.0004925040993839502,3.1723732948303223,0.15651979198446497
5765,100.17132568359375,1.7148646293208003e-05,5.2484039770206437e-05,44.4255256652832,0.0004878253675997257,3.169212818145752,0.15582987503148615
5766,95.25162506103516,1.4295666005637031e-05,8.044185960898176e-06,44.32504653930664,0.00048692591371946037,3.1661460399627686,0.1604765410302207
5767,94.10490417480469,1.2155780495959334e-05,2.541048388593481e-06,44.17522048950195,0.0004845999355893582,3.1631879806518555,0.1638163750176318
5768,96.18925476074219,1.0927477887889836e-05,2.9819671908626333e-05,43.952518463134766,0.00048162019811570644,3.160344123840332,0.16083283303305507
5769,98.29975891113281,1.103017530112993e-05,5.47040872334037e-05,43.596439361572266,0.00048129892093129456,3.1576144695281982,0.16000841598724946
5770,97.91438293457031,1.107614934880985e-05,5.8098572480957955e-05,43.2436637878418,0.0004775324196089059,3.154991388320923,0.19141666701762006
5771,95.1678466796875,1.2159936886746436e-05,3.384229785297066e-05,42.822696685791016,0.00047744924086146057,3.152467966079712,0.1623487920151092
5772,92.17652893066406,1.2650740245589986e-05,9.686511475592852e-06,42.466854095458984,0.00047475952305831015,3.1500356197357178,0.15993408299982548
5773,90.82105255126953,1.3050288544036448e-05,6.36284767097095e-08,42.1515998840332,0.0004735806433018297,3.147690534591675,0.14984770899172872
5774,91.3380126953125,1.2793179848813452e-05,9.07035791897215e-06,41.90521240234375,0.00047246439498849213,3.1454336643218994,0.14586287504062057
5775,92.48139953613281,1.1583709238038864e-05,2.5562168957549147e-05,41.75912857055664,0.000470076862256974,3.1432697772979736,0.14783566701225936
5776,92.81027221679688,1.055322263709968e-05,3.167561226291582e-05,41.60124969482422,0.0004698613774962723,3.141206979751587,0.15199387504253536
5777,91.83751678466797,8.96582605491858e-06,2.6954818167723715e-05,41.51283264160156,0.00046732620103284717,3.1392509937286377,0.15583612496266142
5778,90.14723205566406,8.236007488449104e-06,1.2687655726040248e-05,41.344390869140625,0.00046710477909073234,3.1374056339263916,0.15316283400170505
5779,88.73260498046875,7.543712854385376e-06,2.5669578462839127e-06,41.17155456542969,0.00046549984836019576,3.135669231414795,0.16567862499505281
5780,88.19122314453125,7.421755526593188e-06,4.36783921031747e-07,40.935890197753906,0.00046469480730593204,3.1340365409851074,0.16649974999018013
5781,88.43053436279297,7.640610419912264e-06,5.819283614982851e-06,40.66389465332031,0.00046420650323852897,3.1324994564056396,0.1648017909610644
5782,88.87063598632812,7.762020686641335e-06,1.3964965546620078e-05,40.4140625,0.00046283871051855385,3.1310484409332275,0.16590479196747765
5783,88.90322875976562,8.281914233521093e-06,1.6509020497323945e-05,40.131675720214844,0.0004629245959222317,3.1296749114990234,0.162768459005747
5784,88.33799743652344,8.213442924898118e-06,1.454100311093498e-05,39.918731689453125,0.0004614381759893149,3.1283719539642334,0.16063812503125519
5785,87.42503356933594,8.324508598889224e-06,7.609338354086503e-06,39.69809341430664,0.00046133555588312447,3.1271355152130127,0.15919716702774167
5786,86.57559204101562,7.797931175446138e-06,2.3458014766220003e-06,39.549407958984375,0.00046011805534362793,3.125964403152466,0.17972650000592694
5787,86.08076477050781,7.222410204121843e-06,2.2737367544323206e-13,39.416358947753906,0.0004594216006807983,3.1248602867126465,0.15506341599393636
5788,85.97626495361328,6.5424133026681375e-06,1.4936106254026527e-06,39.3045654296875,0.0004586809372995049,3.1238250732421875,0.1469435830367729
5789,86.07571411132812,5.815833446831675e-06,5.361638613976538e-06,39.20494079589844,0.00045753028825856745,3.1228599548339844,0.14501366700278595
5790,86.11445617675781,5.537509423447773e-06,7.78927824285347e-06,39.0568733215332,0.0004572490288410336,3.1219637393951416,0.1498858340200968
5791,85.91980743408203,5.1953966249129735e-06,8.785413228906691e-06,38.91695785522461,0.00045604765182361007,3.1211326122283936,0.15470283397007734
5792,85.49366760253906,5.331042757461546e-06,6.505570127046667e-06,38.71537780761719,0.0004559462540782988,3.1203603744506836,0.152833667001687
5793,84.96275329589844,5.286546638672007e-06,3.929164449800737e-06,38.541603088378906,0.00045499581028707325,3.119640350341797,0.15501033299369738
5794,84.47866821289062,5.46871615370037e-06,1.1551755960681476e-06,38.34086990356445,0.0004547541029751301,3.1189661026000977,0.16548941703513265
5795,84.13442993164062,5.451445758808404e-06,7.413314051518682e-08,38.16788101196289,0.0004541398666333407,3.118332624435425,0.16050612495746464
5796,83.94184875488281,5.339303243090399e-06,4.0583836380392313e-07,38.00651550292969,0.00045360822696238756,3.117736577987671,0.1637433339492418
5797,83.84544372558594,5.178292212804081e-06,1.497692664997885e-06,37.8513298034668,0.0004532651510089636,3.117176055908203,0.16088970802957192
5798,83.76095581054688,4.8005122152972035e-06,3.0441426588367904e-06,37.72588348388672,0.00045250606490299106,3.116650342941284,0.1629959999700077
5799,83.62382507324219,4.56449924968183e-06,3.547597771103028e-06,37.58315658569336,0.00045229459647089243,3.116159200668335,0.16780474997358397
5800,83.40817260742188,4.156125214649364e-06,3.7627214624080807e-06,37.467708587646484,0.00045148577191866934,3.1157023906707764,0.16824808402452618
5801,83.12675476074219,4.048201844852883e-06,2.7575438252824824e-06,37.314598083496094,0.0004513158346526325,3.1152780055999756,0.16957812500186265
5802,82.81266784667969,3.8623425098194275e-06,1.877424892882118e-06,37.173824310302734,0.00045064862933941185,3.1148829460144043,0.15948991698678583
5803,82.50631713867188,3.924676093447488e-06,6.88000966420077e-07,37.00127029418945,0.00045043774298392236,3.1145131587982178,0.14837266696849838
5804,82.24410247802734,3.9426454350177664e-06,1.5084202686921344e-07,36.83757781982422,0.0004499717615544796,3.114164113998413,0.1476077499683015
5805,82.03680419921875,3.9998972169996705e-06,3.2145180739462376e-08,36.671531677246094,0.00044962068204768,3.1138317584991455,0.14839670900255442
5806,81.87491607666016,4.0194709072238766e-06,3.1178410608845297e-07,36.513282775878906,0.0004492850857786834,3.113513231277466,0.15347354201367125
5807,81.73724365234375,3.914055923814885e-06,9.62542344495887e-07,36.374141693115234,0.0004487543774303049,3.1132068634033203,0.15742512501310557
5808,81.59387969970703,3.850169377983548e-06,1.3020437563682208e-06,36.231231689453125,0.0004484742821659893,3.1129117012023926,0.15067529096268117
5809,81.427490234375,3.6270730561227538e-06,1.690870931270183e-06,36.11238479614258,0.0004478330665733665,3.1126279830932617,0.1715790830203332
5810,81.23231506347656,3.513551064315834e-06,1.4565468973160023e-06,35.980201721191406,0.0004475510213524103,3.112355947494507,0.16258945898152888
5811,81.01899719238281,3.279388920418569e-06,1.326094434261904e-06,35.867408752441406,0.0004469103878363967,3.112096071243286,0.1634227079921402
5812,80.79814147949219,3.1872186809778214e-06,8.342659043591993e-07,35.73508834838867,0.00044660907587967813,3.1118481159210205,0.16660308395512402
5813,80.57911682128906,3.056634795939317e-06,5.712138317903737e-07,35.609947204589844,0.00044606378651224077,3.1116113662719727,0.16066329198656604
5814,80.36824798583984,3.0512185276165837e-06,1.9623280422820244e-07,35.46735763549805,0.0004457614559214562,3.1113839149475098,0.15974512498360127
5815,80.17027282714844,3.0306382541311905e-06,5.983770279271994e-08,35.32658004760742,0.00044534640619531274,3.111164093017578,0.16188575001433492
5816,79.98788452148438,3.0495527880702866e-06,4.2364831642771605e-09,35.18113327026367,0.00044501374941319227,3.110949754714966,0.16214208299061283
5817,79.81777954101562,3.049969109270023e-06,5.5824841638241196e-08,35.03853988647461,0.00044468656415119767,3.110739231109619,0.16464791703037918
5818,79.65757751464844,2.997731144205318e-06,2.4663728481755243e-07,34.904544830322266,0.0004442859208211303,3.11053204536438,0.15218049997929484
5819,79.5013198852539,2.96479834105412e-06,3.5926154851040337e-07,34.76826477050781,0.0004440064949449152,3.11032772064209,0.14458012499380857
5820,79.34446716308594,2.8401070721884025e-06,6.063348791940371e-07,34.64500427246094,0.0004435482551343739,3.1101267337799072,0.16639891604427248
5821,79.1859130859375,2.7777725790656405e-06,6.482496814896876e-07,34.513877868652344,0.00044329429510980844,3.109929323196411,0.14961116696940735
5822,79.02430725097656,2.6450870791450143e-06,8.347014954779297e-07,34.39483642578125,0.00044281486771069467,3.1097359657287598,0.15181179100181907
5823,78.85575103759766,2.62167964137916e-06,7.42020858979231e-07,34.260894775390625,0.00044258488924242556,3.109546422958374,0.1552939169923775
5824,78.68206787109375,2.5141362129943445e-06,7.866219675634056e-07,34.14059066772461,0.00044211401836946607,3.109361171722412,0.16094758303370327
5825,78.50746154785156,2.52473228101735e-06,6.17899843291525e-07,34.00471496582031,0.00044188479660078883,3.1091792583465576,0.16230349999386817
5826,78.33407592773438,2.4753489924478345e-06,6.337427862490586e-07,33.87882995605469,0.0004414433497004211,3.1090002059936523,0.16253754100762308
5827,78.16114807128906,2.5156484753097175e-06,4.724648192677705e-07,33.741111755371094,0.0004412122070789337,3.108822822570801,0.17579474998638034
5828,77.98676300048828,2.4745988866925472e-06,4.459707838577742e-07,33.61640167236328,0.0004407830419950187,3.1086466312408447,0.16210904199397191
5829,77.81304931640625,2.489623739165836e-06,2.7237780386712984e-07,33.4854621887207,0.00044051388977095485,3.108471155166626,0.15704641700722277
5830,77.64120483398438,2.4192170258174883e-06,2.2988166392678977e-07,33.36764907836914,0.00044008647091686726,3.1082968711853027,0.1609498750185594
5831,77.47218322753906,2.3859570319473278e-06,1.0715717735365615e-07,33.24612808227539,0.00043976749293506145,3.108124017715454,0.1522967919590883
5832,77.30653381347656,2.31613512369222e-06,8.446710353382514e-08,33.13108825683594,0.0004393538401927799,3.1079530715942383,0.15391762496437877
5833,77.1433334350586,2.2710014491167385e-06,2.0600282368832268e-08,33.01240158081055,0.0004390177200548351,3.1077845096588135,0.15596845804248005
5834,76.98300170898438,2.2147653453430394e-06,1.0074984402308473e-08,32.8968505859375,0.0004386366927064955,3.107618808746338,0.1478869579732418
5835,76.82508850097656,2.1771386400359916e-06,6.148184183984995e-10,32.77847671508789,0.0004382883489597589,3.1074559688568115,0.14611441700253636
5836,76.66885375976562,2.1552073121711146e-06,1.4190391084412113e-09,32.658546447753906,0.0004379464080557227,3.1072957515716553,0.14686858298955485
5837,76.51509094238281,2.1356511297199177e-06,2.6052987323055277e-08,32.53892135620117,0.00043759995605796576,3.10713791847229,0.15318525000475347
5838,76.3621597290039,2.132864665327361e-06,2.7853275241795927e-08,32.4168586730957,0.0004372922994662076,3.1069822311401367,0.1614633749704808
5839,76.21027374267578,2.111504272761522e-06,6.840588184786611e-08,32.29840087890625,0.0004369388334453106,3.106828212738037,0.1828670830000192
5840,76.05955505371094,2.1118507902428973e-06,6.089209136916907e-08,32.177284240722656,0.0004366499197203666,3.106675624847412,0.17558454198297113
5841,75.90861511230469,2.071336211884045e-06,1.0145959095098078e-07,32.06273651123047,0.00043628591811284423,3.106524705886841,0.16114033298799768
5842,75.75816345214844,2.060712631646311e-06,7.714930916336016e-08,31.944534301757812,0.0004359983722679317,3.1063754558563232,0.16217487503308803
5843,75.60784912109375,2.0056404537172057e-06,1.101434463635087e-07,31.833179473876953,0.0004356309655122459,3.1062281131744385,0.16292133298702538
5844,75.45851135253906,1.9840890672639944e-06,8.009061502889381e-08,31.71785545349121,0.0004353424010332674,3.1060831546783447,0.16121066600317135
5845,75.3102798461914,1.9340341168572195e-06,1.1397423804737628e-07,31.607398986816406,0.0004349808150436729,3.105940580368042,0.15935783297754824
5846,75.1630859375,1.9317139958729967e-06,8.768461157160345e-08,31.490663528442383,0.00043470479431562126,3.1058003902435303,0.1619866249966435
5847,75.01693725585938,1.8896954543379252e-06,1.2926557246828452e-07,31.38045883178711,0.00043434585677459836,3.1056625843048096,0.16345512500265613
5848,74.87257385253906,1.8964201444759965e-06,1.1478056194391684e-07,31.263763427734375,0.00043407687917351723,3.105526924133301,0.15518179099308327
5849,74.73028564453125,1.8614517784953932e-06,1.8131891010852996e-07,31.15411376953125,0.0004337189020588994,3.105393409729004,0.1478236669790931
5850,74.58956146240234,1.868289018602809e-06,1.8030510773314745e-07,31.03887367248535,0.0004334583063609898,3.10526180267334,0.1445584999746643
5851,74.45238494873047,1.835681359807495e-06,2.929084530478576e-07,30.930810928344727,0.00043308717431500554,3.1051318645477295,0.14656479202676564
5852,74.31987762451172,1.8439277482684702e-06,3.4371402080068947e-07,30.81672477722168,0.0004328438953962177,3.105003595352173,0.1509490410098806
5853,74.19334411621094,1.7829279386205599e-06,5.661795512423851e-07,30.71376609802246,0.00043244665721431375,3.104877233505249,0.1553346249856986
5854,74.0758056640625,1.8014401348409592e-06,7.32195587715978e-07,30.5996036529541,0.00043222843669354916,3.104752540588379,0.15469237498473376
5855,73.97142028808594,1.7260850881939405e-06,1.1856109267682768e-06,30.500825881958008,0.0004317942075431347,3.1046302318573,0.1622009170241654
5856,73.88388061523438,1.767362846294418e-06,1.5985397112672217e-06,30.384254455566406,0.00043163038208149374,3.1045095920562744,0.3290284590329975
5857,73.82149505615234,1.6735541521484265e-06,2.4979067347885575e-06,30.28955078125,0.0004311479860916734,3.10439133644104,0.1632857079966925
5858,73.80166625976562,1.7433560515200952e-06,3.52070514963998e-06,30.169885635375977,0.00043105374788865447,3.1042745113372803,0.16234287503175437
5859,73.85494995117188,1.6191033864743076e-06,5.624247478408506e-06,30.080995559692383,0.00043049617670476437,3.1041603088378906,0.16234037501271814
5860,74.02381896972656,1.7449303868488641e-06,8.430088200839236e-06,29.953664779663086,0.0004305265611037612,3.1040468215942383,0.16156829200917855
5861,74.38146209716797,1.5627205129931099e-06,1.3663680874742568e-05,29.875638961791992,0.00042983185267075896,3.103935718536377,0.16022966598393396
5862,75.04427337646484,1.775454506969254e-06,2.124827187799383e-05,29.73738670349121,0.0004300451255403459,3.1038246154785156,0.16523241699906066
5863,76.21016693115234,1.4805273167439736e-06,3.4699260140769184e-05,29.680091857910156,0.00042912099161185324,3.1037163734436035,0.14572916697943583
5864,78.22802734375,1.8232658476335928e-06,5.55573460587766e-05,29.525634765625,0.00042964331805706024,3.103607177734375,0.1460097500239499
5865,81.69822692871094,1.362861439702101e-06,9.228217822965235e-05,29.500064849853516,0.00042833658517338336,3.103501796722412,0.14818908303277567
5866,87.67422485351562,1.9456565496511757e-06,0.0001522125821793452,29.319820404052734,0.00042938580736517906,3.103393793106079,0.15052291698521003
5867,97.98007202148438,1.2017610515613342e-06,0.0002576210245024413,29.355318069458008,0.00042742479126900434,3.1032910346984863,0.15280412504216656
5868,115.79006958007812,2.2350361632561544e-06,0.0004349090449977666,29.13446044921875,0.0004294120008125901,3.103182315826416,0.15287154103862122
5869,146.8806915283203,9.884445262287045e-07,0.0007485414389520884,29.294429779052734,0.00042633269913494587,3.1030807495117188,0.15967912500491366
5870,201.4658660888672,2.903945869547897e-06,0.0012913187965750694,29.04248046875,0.00043001119047403336,3.10296630859375,0.17422854201868176
5871,298.0373840332031,7.402762207675551e-07,0.0022599787916988134,29.462636947631836,0.00042502855649217963,3.1028616428375244,0.16429837502073497
5872,469.533203125,4.669002919399645e-06,0.003965931944549084,29.28146743774414,0.00043191658915020525,3.102729320526123,0.16394324996508658
5873,775.9664916992188,5.744619215874991e-07,0.007032286375761032,30.3026180267334,0.00042377779027447104,3.1026062965393066,0.16607558401301503
5874,1321.3885498046875,1.03869733720785e-05,0.012459385208785534,30.705358505249023,0.00043706060387194157,3.1024203300476074,0.16153466701507568
5875,2289.875732421875,1.002001795313845e-06,0.022142473608255386,33.116058349609375,0.00042412467882968485,3.102226734161377,0.15869116701651365
5876,3962.6474609375,3.377436951268464e-05,0.03877726569771767,36.41563034057617,0.0004512780869845301,3.101881980895996,0.1568197080050595
5877,6755.97314453125,8.33689500723267e-06,0.06670451164245605,41.353660583496094,0.0004333479446358979,3.1014440059661865,0.1602417500107549
5878,10955.1640625,0.0001487759582232684,0.10835162550210953,55.83131408691406,0.0004929272690787911,3.100635290145874,0.15044170897454023
5879,16366.8173828125,0.00010848625242942944,0.16244983673095703,62.5704231262207,0.00048414707998745143,3.0994274616241455,0.1491999159916304
5880,20594.787109375,0.0006527907098643482,0.20366816222667694,102.08369445800781,0.000606078770942986,3.0974156856536865,0.14575591596076265
5881,20188.720703125,0.0008256683358922601,0.19930653274059296,109.08057403564453,0.0006642188527621329,3.094369649887085,0.1439982500160113
5882,12142.482421875,0.001635646098293364,0.11767185479402542,135.1519317626953,0.0007657977403141558,3.090221405029297,0.15466920798644423
5883,2836.832275390625,0.0016443696804344654,0.02462604269385338,132.0416259765625,0.0007774918922223151,3.085118532180786,0.15690533304587007
5884,690.3241577148438,0.0010845900978893042,0.003956988453865051,113.95552062988281,0.0007221074192784727,3.0798048973083496,0.15286745899356902
5885,5890.0615234375,0.0003731568867806345,0.056696631014347076,105.32986450195312,0.0007775241392664611,3.0753331184387207,0.16809812502469867
5886,9735.2001953125,2.7407892048358917e-05,0.09503008425235748,158.1696014404297,0.0007128025754354894,3.0723772048950195,0.16793570795562118
5887,6454.77783203125,1.1193268392162281e-06,0.061927679926157,160.6710662841797,0.0010122695239260793,3.0714685916900635,0.1616394590237178
5888,1166.759765625,1.342618816124741e-08,0.009286254644393921,149.38214111328125,0.0008875076309777796,3.0723226070404053,0.1629115410032682
5889,896.8130493164062,2.7594813218456693e-05,0.006850298959761858,122.21856689453125,0.0008680512546561658,3.074557065963745,0.1637359169544652
5890,4400.66748046875,0.0001334784465143457,0.04197034239768982,93.73090362548828,0.0009655470494180918,3.0778396129608154,0.16024133301107213
5891,5049.115234375,0.0004971998278051615,0.048464760184288025,75.59806823730469,0.0007732068188488483,3.0813710689544678,0.1617757499916479
5892,1735.4407958984375,0.0006358879036270082,0.014997008256614208,77.0820541381836,0.0009506918140687048,3.0851287841796875,0.1689444999792613
5893,332.469970703125,0.0008232586551457644,0.0007253969088196754,81.67005920410156,0.0009593436261638999,3.088895797729492,0.15556354104774073
5894,2427.668701171875,0.0008400141377933323,0.02169581688940525,82.16897583007812,0.0009191656135953963,3.0926108360290527,0.1491937919636257
5895,3384.6484375,0.00043145535164512694,0.031360842287540436,94.1666030883789,0.0011125225573778152,3.096851110458374,0.14662179199513048
5896,1488.700439453125,0.00034243418485857546,0.012568576261401176,98.27677917480469,0.0009932259563356638,3.101590633392334,0.14502683305181563
5897,242.58401489257812,0.00013413207489065826,4.6190511056920514e-05,113.5248031616211,0.0011102695716544986,3.1071937084198,0.15268387499963865
5898,1457.8631591796875,3.4903907362604514e-05,0.011982142925262451,131.25064086914062,0.0012490800581872463,3.1139137744903564,0.16051954199792817
5899,2359.14697265625,5.320503260008991e-05,0.021182723343372345,125.08352661132812,0.0011047061998397112,3.121450662612915,0.16189500002656132
5900,1205.96533203125,4.9503207264933735e-05,0.00958075188100338,117.1646728515625,0.0012577514862641692,3.129786491394043,0.17237783299060538
5901,230.4597930908203,0.00015336487558670342,1.141030588769354e-05,97.94441223144531,0.0011603786842897534,3.13846755027771,0.1539790410315618
5902,934.1102294921875,0.0003113881393801421,0.007057300303131342,88.26377868652344,0.001089775818400085,3.1470863819122314,0.14299991697771475
5903,1559.8648681640625,0.00035740743624046445,0.013203679583966732,84.64440155029297,0.0011911182664334774,3.155582904815674,0.1542517080088146
5904,856.56103515625,0.0005010616150684655,0.0061868722550570965,80.85960388183594,0.0010690803173929453,3.1636362075805664,0.15902120800456032
5905,234.47750854492188,0.00044861907372251153,4.361538685770938e-07,79.73104095458984,0.001098409527912736,3.171300172805786,0.16429608303587884
5906,710.6013793945312,0.0003336301597300917,0.00483773835003376,81.05436706542969,0.0011241015745326877,3.178706169128418,0.1563365829642862
5907,1101.45654296875,0.0002687384549062699,0.008874474093317986,84.7017593383789,0.0010243358556181192,3.1858322620391846,0.15720299998065457
5908,607.3302612304688,0.00014131810166873038,0.003920807037502527,90.90126037597656,0.001102164969779551,3.1929104328155518,0.1958640000084415
5909,209.96755981445312,9.58079908741638e-05,2.18506102100946e-08,95.0848388671875,0.0010529974242672324,3.1999435424804688,0.1542277920525521
5910,527.5996704101562,8.283423085231334e-05,0.003251899965107441,94.2721176147461,0.0009985414799302816,3.206857204437256,0.14510583400260657
5911,787.6112670898438,8.055328362388536e-05,0.005853845737874508,90.24018859863281,0.001039311639033258,3.2136166095733643,0.14713970804587007
5912,476.17425537109375,0.00014194233517628163,0.0028948618564754725,79.40794372558594,0.0009308589505963027,3.219935655593872,0.14838754199445248
5913,185.36727905273438,0.0001949615980265662,1.2552141015476082e-05,72.15587615966797,0.000924600288271904,3.2256710529327393,0.1521328329690732
5914,368.47271728515625,0.00023412391601596028,0.0018489370122551918,68.70380401611328,0.0009146281518042088,3.230731964111328,0.15663620794657618
5915,571.3328857421875,0.00026178592815995216,0.00394083745777607,66.62755584716797,0.0008444300619885325,3.235020160675049,0.16016350005520508
5916,395.4976806640625,0.00021227441902738065,0.002189092570915818,68.215087890625,0.000871458847541362,3.238661289215088,0.16504741698736325
5917,175.2897186279297,0.00016852641419973224,7.83495488576591e-05,67.80535125732422,0.0008279676549136639,3.241718292236328,0.1985256249899976
5918,255.14181518554688,0.00011784308298956603,0.0009385250741615891,69.28266906738281,0.0008022231631912291,3.2442922592163086,0.15351937501691282
5919,412.66082763671875,7.159959204727784e-05,0.0025176454801112413,71.58570098876953,0.0008215064881369472,3.2465269565582275,0.1671376670128666
5920,345.6549072265625,5.521224011317827e-05,0.001911126310005784,72.37562561035156,0.0007664544391445816,3.2484235763549805,0.1662186670000665
5921,177.9298095703125,4.6360804844880477e-05,0.0002535730309318751,70.80158996582031,0.0007713484228588641,3.250013589859009,0.17229991604108363
5922,174.23345947265625,5.3254607337294146e-05,0.00026185536989942193,67.76924133300781,0.0007495321333408356,3.251246452331543,0.16405191703233868
5923,286.63128662109375,7.390561222564429e-05,0.0014479246456176043,63.692787170410156,0.0007075547473505139,3.252016067504883,0.1663099589641206
5924,294.5359191894531,9.461919398745522e-05,0.0015351315960288048,60.18229293823242,0.0007137854699976742,3.252281427383423,0.1570389160187915
5925,187.00759887695312,0.0001160267784143798,0.00050271739019081,57.5274658203125,0.0006760572432540357,3.2519702911376953,0.14813454198883846
5926,135.962158203125,0.00011793369048973545,1.2380414773360826e-05,56.18656921386719,0.0006674418109469116,3.251100778579712,0.14723008300643414
5927,194.55926513671875,0.00010273020598106086,0.0006191059364937246,56.05936050415039,0.0006631628493778408,3.249741554260254,0.148003583017271
5928,239.86854553222656,8.180779695976526e-05,0.001120793865993619,56.1285285949707,0.0006347986054606736,3.247951030731201,0.15299099998082966
5929,193.72909545898438,5.962683280813508e-05,0.0006712982431054115,56.6087646484375,0.0006402782746590674,3.245835542678833,0.15706716699060053
5930,130.23956298828125,4.406608422868885e-05,7.015941082499921e-05,56.80206298828125,0.0006201494834385812,3.2434518337249756,0.1567910839803517
5931,134.358642578125,3.462907625362277e-05,0.00013181990652810782,56.848331451416016,0.0006086541689001024,3.2408463954925537,0.16846145904855803
5932,178.32107543945312,3.102483969996683e-05,0.0005828604917041957,56.29618453979492,0.0006063635810278356,3.2380526065826416,0.16477183398092166
5933,184.72169494628906,3.2646381441736594e-05,0.000684981991071254,54.73493957519531,0.0005822391831316054,3.2350518703460693,0.16924579202895984
5934,143.87481689453125,3.9252274291357026e-05,0.00028780015418305993,53.06314468383789,0.000581064261496067,3.231837749481201,0.16350729099940509
5935,113.19102478027344,4.7780591557966545e-05,5.858459189767018e-06,51.19405746459961,0.0005663306801579893,3.2283828258514404,0.1616213339730166
5936,125.49978637695312,5.4508524044649675e-05,0.0001461039064452052,49.905357360839844,0.0005553319351747632,3.2246787548065186,0.16626054199878126
5937,150.63226318359375,5.5959695600904524e-05,0.00040488733793608844,49.172889709472656,0.000553746591322124,3.220755100250244,0.16283979202853516
5938,148.20977783203125,4.9756828957470134e-05,0.0004057993646711111,48.81911849975586,0.0005383503739722073,3.216648817062378,0.15973933303030208
5939,121.72493743896484,4.081655424670316e-05,0.00015080980665516108,48.79491424560547,0.000537673884537071,3.2124316692352295,0.15692158398451284
5940,104.93424987792969,3.074592677876353e-05,1.2546026937343413e-06,48.836483001708984,0.0005289770779199898,3.208165407180786,0.14789708401076496
5941,112.8763427734375,2.3124972358345985e-05,9.479552682023495e-05,48.88897705078125,0.0005219531594775617,3.2039027214050293,0.14504237502114847
5942,127.62509155273438,1.9188470105291344e-05,0.000248857046244666,48.67755889892578,0.0005214298726059496,3.1996843814849854,0.14515983301680535
5943,127.00096893310547,1.7008733266266063e-05,0.00025983763043768704,48.23040008544922,0.000510859303176403,3.1955206394195557,0.15160000004107133
5944,111.59275817871094,1.8522805476095527e-05,0.00011420928058214486,47.26375198364258,0.0005105580203235149,3.1914141178131104,0.15611499996157363
5945,99.39366912841797,2.1137417206773534e-05,6.394158845068887e-06,46.24505615234375,0.0005039545358158648,3.1873486042022705,0.15565220802091062
5946,101.23799133300781,2.496479828550946e-05,3.549587927409448e-05,45.226600646972656,0.0004996532807126641,3.1833062171936035,0.16879037499893457
5947,110.0562744140625,2.8789132556994446e-05,0.00012930273078382015,44.34387969970703,0.0004990320885553956,3.1792795658111572,0.15885779197560623
5948,112.6144790649414,2.883648448914755e-05,0.00016722589498385787,43.74757385253906,0.0004926066612824798,3.1752700805664062,0.1872561250347644
5949,105.39517211914062,2.740602030826267e-05,0.00010019540786743164,43.32484436035156,0.0004931018338538706,3.171302080154419,0.32120062498142943
5950,96.38162231445312,2.2547341359313577e-05,2.1156054572202265e-05,43.170963287353516,0.0004884032532572746,3.1674067974090576,0.1569799580029212
5951,93.91610717773438,1.7989026673603803e-05,3.873596142511815e-06,43.106075286865234,0.00048623769544065,3.163618564605713,0.16319150000344962
5952,97.9296875,1.4639357686974108e-05,4.9397582188248634e-05,43.01864242553711,0.0004850734840147197,3.1599655151367188,0.16590341698611155
5953,101.74639892578125,1.2048785720253363e-05,9.639463678468019e-05,42.84540557861328,0.00048056652303785086,3.156461238861084,0.1555234169936739
5954,100.34376525878906,1.186904773931019e-05,8.624172187410295e-05,42.44838333129883,0.0004808430967386812,3.1531102657318115,0.1485574580146931
5955,95.03018951416016,1.1724107935151551e-05,4.174637433607131e-05,42.014617919921875,0.0004766852071043104,3.149905204772949,0.1461454579839483
5956,90.71649932861328,1.293984769290546e-05,3.585419335649931e-06,41.49446105957031,0.00047569512389600277,3.1468353271484375,0.14716041699284688
5957,90.45231628417969,1.4120423657004721e-05,6.224086973816156e-06,41.02864456176758,0.00047389219980686903,3.1438889503479004,0.15777950000483543
5958,92.88429260253906,1.4589228158001788e-05,3.656057015177794e-05,40.6552848815918,0.00047114031622186303,3.1410577297210693,0.16344570904038846
5959,94.46784973144531,1.494931257184362e-05,5.534784577321261e-05,40.33991622924805,0.0004709821951109916,3.1383416652679443,0.1599726249696687
5960,93.23180389404297,1.3313434465089813e-05,4.944451211486012e-05,40.19478988647461,0.0004676122043747455,3.1357462406158447,0.15904325002338737
5961,90.17948913574219,1.1921674740733579e-05,2.2224157874006778e-05,40.0446891784668,0.000467202189611271,3.1332831382751465,0.15743720799218863
5962,87.74015808105469,9.872908776742406e-06,2.8646695682255086e-06,39.97914505004883,0.0004648725443985313,3.13096284866333,0.1633229170111008
5963,87.32792663574219,8.491810149280354e-06,2.667235321496264e-06,39.867431640625,0.00046344587462954223,3.128791093826294,0.18105508299777284
5964,88.3853759765625,7.911524335213471e-06,1.6375606719520874e-05,39.674110412597656,0.0004628255555871874,3.1267669200897217,0.1609045839868486
5965,89.28494262695312,7.479023224732373e-06,3.003096026077401e-05,39.45562744140625,0.0004607831360772252,3.124882221221924,0.1604548339964822
5966,88.87382507324219,8.067193448368926e-06,2.8544678571051918e-05,39.11031723022461,0.0004610232135746628,3.1231250762939453,0.15613895904971287
5967,87.33727264404297,8.209343832277227e-06,1.763183536240831e-05,38.82414245605469,0.0004592901386786252,3.1214818954467773,0.15677862497977912
5968,85.7361068725586,8.882494512363337e-06,4.253166480339132e-06,38.49825668334961,0.0004592428740579635,3.1199400424957275,0.160115415987093
5969,84.98564147949219,9.090474122785963e-06,1.7698994270176627e-08,38.23477554321289,0.00045840052189305425,3.1184895038604736,0.15041429200209677
5970,85.17955017089844,8.927317139750812e-06,5.1820907174260356e-06,38.02033996582031,0.00045748273259960115,3.117124080657959,0.14619987504556775
5971,85.6898422241211,8.643244655104354e-06,1.268935466214316e-05,37.829750061035156,0.0004572683246806264,3.1158416271209717,0.14800479199038818
5972,85.80076599121094,7.550262580480194e-06,1.7408296116627753e-05,37.73368453979492,0.00045571225928142667,3.1146442890167236,0.1514844159828499
5973,85.24777221679688,6.91750256009982e-06,1.3945371392765082e-05,37.60404968261719,0.0004555743944365531,3.1135342121124268,0.15331495797727257
5974,84.30160522460938,5.976773536531255e-06,7.752059900667518e-06,37.51376724243164,0.00045414958731271327,3.1125121116638184,0.14932641602354124
5975,83.45146179199219,5.682068149326369e-06,1.5129035091376863e-06,37.3560676574707,0.0004537590139079839,3.111574649810791,0.15802049997728318
5976,83.03999328613281,5.512291409104364e-06,6.411050890164915e-08,37.18205642700195,0.0004530029254965484,3.110715627670288,0.16683379100868478
5977,83.05105590820312,5.522371793631464e-06,2.856604623957537e-06,36.989070892333984,0.0004522408125922084,3.109926223754883,0.16575416701380163
5978,83.19422912597656,5.805775799672119e-06,6.408636181731708e-06,36.76789855957031,0.0004520489601418376,3.1091971397399902,0.16162362496834248
5979,83.16476440429688,5.75847843720112e-06,8.914499630918726e-06,36.59228515625,0.00045105183380655944,3.1085205078125,0.16859991603996605
5980,82.83500671386719,5.9604644775390625e-06,7.466639999620384e-06,36.3922119140625,0.00045100084389559925,3.1078898906707764,0.16732570802560076
5981,82.30181121826172,5.634712579194456e-06,4.817504304810427e-06,36.250877380371094,0.0004500571230892092,3.107301712036133,0.16650862502865493
5982,81.76754760742188,5.417264674179023e-06,1.4813977031735703e-06,36.09999465942383,0.0004497768240980804,3.1067545413970947,0.16736116696847603
5983,81.39288330078125,4.925642770103877e-06,7.741442686892697e-08,35.98335266113281,0.00044909227290190756,3.106248617172241,0.1638993329834193
5984,81.2188491821289,4.458660896489164e-06,5.459128828988469e-07,35.86785888671875,0.00044850530684925616,3.1057846546173096,0.15155862498795614
5985,81.16786193847656,4.1626894926594105e-06,2.0157826838840265e-06,35.73303985595703,0.00044816973968409,3.105361223220825,0.14962066698353738
5986,81.11430358886719,3.880168151226826e-06,3.8137659430503845e-06,35.597877502441406,0.0004474703746382147,3.104975700378418,0.14716300001600757
5987,80.95729064941406,3.986556748714065e-06,4.063566848344635e-06,35.411434173583984,0.0004474084416870028,3.1046221256256104,0.14179600001079962
5988,80.68072509765625,3.971813384850975e-06,3.6234414437785745e-06,35.24211120605469,0.00044679082930088043,3.1042940616607666,0.15232400002423674
5989,80.33438110351562,4.202917352813529e-06,1.9780486582021695e-06,35.042457580566406,0.00044673826778307557,3.1039845943450928,0.15669979096855968
5990,80.00065612792969,4.201695446681697e-06,7.942528554849559e-07,34.87697982788086,0.00044624085421673954,3.103689432144165,0.15592508303234354
5991,79.73572540283203,4.20560581915197e-06,4.145681486988906e-08,34.71427917480469,0.00044596739462576807,3.103405237197876,0.16080808296101168
5992,79.54522705078125,4.086668923264369e-06,8.9102286437992e-08,34.5697021484375,0.00044557946966961026,3.103131055831909,0.16391491703689098
5993,79.40348052978516,3.85484918297152e-06,6.848404723314161e-07,34.44245910644531,0.00044507053098641336,3.1028668880462646,0.16332820896059275
5994,79.27287292480469,3.6840533539361786e-06,1.176800878965878e-06,34.311424255371094,0.00044475364848040044,3.102613687515259,0.15820074995281175
5995,79.12232208251953,3.3816359064076096e-06,1.710146989353234e-06,34.20157241821289,0.0004441157216206193,3.102372407913208,0.230279374984093
5996,78.93646240234375,3.2895429740165127e-06,1.5709274521213956e-06,34.066368103027344,0.00044384042848832905,3.102142810821533,0.17865916702430695
5997,78.718017578125,3.113586899416987e-06,1.3950577795185382e-06,33.94342803955078,0.00044323730980977416,3.101924419403076,0.17833020898979157
5998,78.48274993896484,3.150930069750757e-06,7.664530130568892e-07,33.79242706298828,0.0004429858236107975,3.101714611053467,0.15418658300768584
5999,78.25313568115234,3.12853967443516e-06,3.973773345933296e-07,33.6493034362793,0.00044251239160075784,3.101511001586914,0.15437141695292667
6000,78.04368591308594,3.190198867741856e-06,6.171853783598635e-08,33.49671936035156,0.00044221774442121387,3.101310968399048,0.1554464169894345
6001,77.85690307617188,3.194032615283504e-06,5.130118552187923e-10,33.352787017822266,0.0004418466705828905,3.1011126041412354,0.1472244169563055
6002,77.6905517578125,3.1355016290035564e-06,1.4352514199345023e-07,33.217830657958984,0.00044144815183244646,3.1009156703948975,0.14507620903896168
6003,77.53626251220703,3.0806497761659557e-06,3.144523361697793e-07,33.08366012573242,0.00044113092008046806,3.100719928741455,0.15692237502662465
6004,77.38145446777344,2.9263346732477657e-06,6.044797942195146e-07,32.96275329589844,0.00044065623660571873,3.1005263328552246,0.1491200000164099
6005,77.21910095214844,2.857007757484098e-06,6.409757133951643e-07,32.8313102722168,0.0004403799248393625,3.1003353595733643,0.16591333301039413
6006,77.04782104492188,2.6951483960147016e-06,7.481949069187976e-07,32.713497161865234,0.00043989994446747005,3.1001482009887695,0.18738441698951647
6007,76.86685180664062,2.650130227266345e-06,5.697731921827653e-07,32.5803108215332,0.00043964554788544774,3.0999648571014404,0.1662712909746915
6008,76.68022155761719,2.5637120870669605e-06,4.896619998362439e-07,32.45353698730469,0.000439213530626148,3.099785327911377,0.1614947920315899
6009,76.49433898925781,2.584559297247324e-06,2.60076888025651e-07,32.3129997253418,0.0004389687383081764,3.0996084213256836,0.17026945896213874
6010,76.31221008300781,2.566575858509168e-06,1.73288071891875e-07,32.178565979003906,0.0004385965585242957,3.099433183670044,0.16535524994833395
6011,76.13508605957031,2.5999138415500056e-06,4.0395718770014355e-08,32.038787841796875,0.0004383226332720369,3.0992584228515625,0.16860879200976342
6012,75.96376037597656,2.5976078177336603e-06,7.326036666199798e-09,31.905332565307617,0.0004379793244879693,3.099083185195923,0.15082833397900686
6013,75.799560546875,2.563139332778519e-06,1.4959425698179984e-08,31.779035568237305,0.00043762719724327326,3.098907947540283,0.1444427919923328
6014,75.63980865478516,2.5241640742024174e-06,4.362027539173141e-08,31.65484619140625,0.0004372818220872432,3.0987329483032227,0.1469544169958681
6015,75.48361206054688,2.4422631668130634e-06,1.4172434248393984e-07,31.538278579711914,0.00043686936260201037,3.0985591411590576,0.15092537499731407
6016,75.32722473144531,2.3981256163096987e-06,1.5531946928604157e-07,31.418148040771484,0.0004365373170003295,3.0983870029449463,0.1703688750276342
6017,75.16899871826172,2.3041766326059587e-06,2.3125545567381778e-07,31.30582618713379,0.00043609627755358815,3.098217725753784,0.1660382499685511
6018,75.01062774658203,2.2848553271614946e-06,2.0090737962163985e-07,31.183561325073242,0.000435784924775362,3.0980515480041504,0.15875270799733698
6019,74.85130310058594,2.2311169232125394e-06,2.414549840068503e-07,31.067333221435547,0.0004353670810814947,3.097888469696045,0.16309012501733378
6020,74.6917953491211,2.2489587081508944e-06,1.807102876227873e-07,30.941497802734375,0.0004350733361206949,3.0977277755737305,0.1572217090288177
6021,74.53401184082031,2.2220451683097053e-06,2.163688463951985e-07,30.822603225708008,0.000434675719588995,3.097569465637207,0.1567407909897156
6022,74.37631225585938,2.2400290617952123e-06,1.6062591612353572e-07,30.697467803955078,0.00043438782449811697,3.0974128246307373,0.16242074995534495
6023,74.21834564208984,2.2046647245588247e-06,1.72494992511929e-07,30.580520629882812,0.0004340010927990079,3.0972578525543213,0.15686425002058968
6024,74.06118774414062,2.206966200901661e-06,1.0778245496112504e-07,30.459056854248047,0.0004337065329309553,3.09710431098938,0.1688858339912258
6025,73.9051513671875,2.144545078408555e-06,1.1301040103717241e-07,30.347070693969727,0.000433323293691501,3.0969529151916504,0.17931625002529472
6026,73.75057220458984,2.1219104837655323e-06,6.042233735570335e-08,30.230995178222656,0.00043301345431245863,3.096804141998291,0.16125004197238013
6027,73.59686279296875,2.066877868855954e-06,6.423130116672837e-08,30.119504928588867,0.0004326424968894571,3.096658229827881,0.1618347080075182
6028,73.44444274902344,2.0436355043784715e-06,2.793291287161992e-08,30.0042781829834,0.00043233006726950407,3.096515417098999,0.15227245801361278
6029,73.29336547851562,2.0039526589243906e-06,3.1464878702536225e-08,29.891517639160156,0.0004319830914027989,3.0963757038116455,0.14733387500746176
6030,73.14382934570312,2.002602741413284e-06,9.695725111669162e-09,29.774492263793945,0.0004316810518503189,3.096238851547241,0.14422891603317112
6031,72.99533081054688,1.9899705421266844e-06,1.596731635800097e-08,29.658994674682617,0.0004313574463594705,3.096104621887207,0.14807429199572653
6032,72.84823608398438,1.986104507523123e-06,6.15278850091272e-09,29.543060302734375,0.00043105953955091536,3.0959725379943848,0.1552712920238264
6033,72.70225524902344,1.9653271010611206e-06,2.0463630789890885e-08,29.4306640625,0.0004307301132939756,3.0958425998687744,0.15489629202056676
6034,72.55773162841797,1.95798065760755e-06,1.4381896562554175e-08,29.31781005859375,0.0004304268804844469,3.095714807510376,0.15804970799945295
6035,72.41316223144531,1.928732672240585e-06,2.930414666479919e-08,29.208248138427734,0.00043009110959246755,3.0955891609191895,0.17004079197067767
6036,72.2694091796875,1.913531605168828e-06,1.542963445899659e-08,29.0981502532959,0.00042978368583135307,3.095465660095215,0.3170476660015993
6037,72.12660217285156,1.8705709408095572e-06,2.987832203871221e-08,28.992145538330078,0.00042944407323375344,3.0953445434570312,0.1679296669899486
6038,71.98500061035156,1.8541400095273275e-06,2.066877868855954e-08,28.883960723876953,0.0004291356017347425,3.0952260494232178,0.15718337503494695
6039,71.8448715209961,1.8174756633015932e-06,4.821691845791065e-08,28.779043197631836,0.0004287926130928099,3.0951104164123535,0.15987449995009229
6040,71.70588684082031,1.8126575014321133e-06,4.5431306716636755e-08,28.669902801513672,0.0004285017785150558,3.0949971675872803,0.16496112500317395
6041,71.56876373291016,1.7838831354310969e-06,9.44465341490286e-08,28.56488609313965,0.00042816041968762875,3.094886302947998,0.16100004204781726
6042,71.4350357055664,1.7988810441238456e-06,1.1333122529322281e-07,28.454368591308594,0.0004278944688849151,3.0947773456573486,0.16227737499866635
6043,71.3033447265625,1.760871214173676e-06,2.1239480929580168e-07,28.35171890258789,0.00042754304013215005,3.094670295715332,0.1487342920154333
6044,71.17401123046875,1.7746604044077685e-06,2.5067947717616335e-07,28.242151260375977,0.0004272932419553399,3.09456467628479,0.1464877090184018
6045,71.04736328125,1.729532414174173e-06,4.0099257603287697e-07,28.141712188720703,0.00042692595161497593,3.0944607257843018,0.14640399999916553
6046,70.92378997802734,1.7477659639553167e-06,4.639815074369835e-07,28.032825469970703,0.0004266979231033474,3.094357967376709,0.1510785419959575
6047,70.80615997314453,1.6865333236637525e-06,7.015142386990192e-07,27.935985565185547,0.0004263136943336576,3.09425687789917,0.15418479195795953
6048,70.6969985961914,1.7167008081742097e-06,8.770475687924773e-07,27.82632827758789,0.00042611296521499753,3.0941569805145264,0.1535632919985801
6049,70.59994506835938,1.6277610939141596e-06,1.3277422112878412e-06,27.735013961791992,0.00042569381184875965,3.0940589904785156,0.15813029202399775
6050,70.5193099975586,1.6800374851300148e-06,1.7414677131455392e-06,27.623506546020508,0.00042553653474897146,3.0939621925354004,0.16440795903326944
6051,70.46408081054688,1.5800549135747133e-06,2.6315328796044923e-06,27.534950256347656,0.00042507972102612257,3.093867301940918,0.16179541603196412
6052,70.44889831542969,1.6754052012402099e-06,3.63706931238994e-06,27.418184280395508,0.00042499470873735845,3.0937728881835938,0.15748958295444027
6053,70.49250793457031,1.5465193428099155e-06,5.550982677959837e-06,27.33551788330078,0.000424472353188321,3.0936801433563232,0.16420437500346452
6054,70.62308502197266,1.6914909792831168e-06,7.929641469672788e-06,27.212846755981445,0.0004244812298566103,3.0935869216918945,0.1563773329835385
6055,70.88621520996094,1.4877887224429287e-06,1.2105127098038793e-05,27.14248275756836,0.00042384443804621696,3.0934956073760986,0.1633315419894643
6056,71.36433410644531,1.704539499769453e-06,1.7822563677327707e-05,27.01207733154297,0.00042399545782245696,3.0934031009674072,0.16764820797834545
6057,72.18452453613281,1.4108720733929658e-06,2.767251862678677e-05,26.95745277404785,0.00042318733176216483,3.093313217163086,0.16041954199317843
6058,73.5612564086914,1.7506039284853614e-06,4.21788172388915e-05,26.811695098876953,0.00042356617632322013,3.0932209491729736,0.14937641605501994
6059,75.85946655273438,1.3031321941525675e-06,6.69537257635966e-05,26.786279678344727,0.0004224750155117363,3.093132495880127,0.14600237499689683
6060,79.69039916992188,1.8458707700119703e-06,0.00010565661068540066,26.617137908935547,0.0004232300852891058,3.0930402278900146,0.1445125830359757
6061,86.09575653076172,1.1590225312829716e-06,0.00017173880769405514,26.6384220123291,0.0004216754750814289,3.0929534435272217,0.1467874590307474
6062,96.82783508300781,2.0727090941363713e-06,0.0002787556149996817,26.43610954284668,0.00042308896081522107,3.0928592681884766,0.15459329198347405
6063,114.92677307128906,9.712165365272085e-07,0.000462080497527495,26.545459747314453,0.0004207613819744438,3.092773199081421,0.15656550001585856
6064,145.64083862304688,2.579961801529862e-06,0.0007675116648897529,26.299989700317383,0.0004233169602230191,3.0926733016967773,0.15714799996931106
6065,198.20474243164062,7.328077344936901e-07,0.0012956577120348811,26.596107482910156,0.0004196956579107791,3.0925850868225098,0.16375020798295736
6066,288.740966796875,3.74793671653606e-06,0.0021959247533231974,26.342723846435547,0.0004243097500875592,3.09247088432312,0.16109712497564033
6067,445.7614440917969,4.982075552106835e-07,0.003768312744796276,27.025602340698242,0.0004185473080724478,3.0923726558685303,0.1609240419929847
6068,718.57275390625,7.010619810898788e-06,0.006481690797954798,26.992691040039062,0.00042709955596365035,3.092221736907959,0.15443629201035947
6069,1193.322509765625,4.4565240386873484e-07,0.011229469440877438,28.534719467163086,0.00041796339792199433,3.092085599899292,0.1615864170016721
6070,2011.407958984375,1.822439480747562e-05,0.019364619627594948,29.669198989868164,0.00043454478145577013,3.0918359756469727,0.16246391599997878
6071,3398.73193359375,1.7342388218821725e-06,0.03323480114340782,33.007198333740234,0.0004207124002277851,3.091569662094116,0.15807216701796278
6072,5642.60546875,6.528841913677752e-05,0.05551544576883316,39.004547119140625,0.0004552777099888772,3.0910470485687256,0.15664399997331202
6073,9014.859375,2.177962778660003e-05,0.08924055099487305,44.77493667602539,0.00043851908412761986,3.090363025665283,0.152111999981571
6074,13235.931640625,0.00027310222503729165,0.13091853260993958,65.4154281616211,0.000513528473675251,3.089118480682373,0.14613145898329094
6075,17019.837890625,0.00023532932391390204,0.16873213648796082,71.54855346679688,0.0005154389655217528,3.087286949157715,0.14564179204171523
6076,17053.953125,0.0009091696701943874,0.16794155538082123,105.33946990966797,0.0006354176439344883,3.084491014480591,0.14773366699228063
6077,11815.181640625,0.0010445761727169156,0.11531753093004227,111.57366180419922,0.0006739730015397072,3.080632209777832,0.15968500002054498
6078,3781.20458984375,0.0012942720204591751,0.03478521108627319,103.39503479003906,0.0006986126536503434,3.076009511947632,0.1605167500092648
6079,248.70257568359375,0.0008544590091332793,4.009019903605804e-05,93.29956817626953,0.0006594809819944203,3.0712366104125977,0.1611545420018956
6080,3314.667724609375,0.0002678344026207924,0.031200522556900978,105.39984130859375,0.0006243218667805195,3.067211627960205,0.18607895803870633
6081,7455.72412109375,2.247494376206305e-05,0.07254456728696823,116.5173568725586,0.0008250236278399825,3.064883232116699,0.16660254204180092
6082,6984.00048828125,3.309247631477774e-06,0.0676448792219162,147.05471801757812,0.0007212677737697959,3.064417600631714,0.1627893329714425
6083,2543.16650390625,2.2635164498296945e-07,0.023257751017808914,127.32716369628906,0.0009004144812934101,3.065802574157715,0.16686545801348984
6084,180.27197265625,4.596070357365534e-05,5.646887075272389e-06,94.8573989868164,0.000802538066636771,3.0684337615966797,0.164163000008557
6085,2151.64306640625,0.00022743800946045667,0.019833771511912346,72.99966430664062,0.0007252244977280498,3.071688652038574,0.162000291980803
6086,4276.2451171875,0.0003729243471752852,0.04086553305387497,65.35423278808594,0.0008704533684067428,3.075423240661621,0.16265283396933228
6087,3023.22021484375,0.0007425068179145455,0.028090771287679672,63.1355094909668,0.0007675692322663963,3.079012632369995,0.1648783329874277
6088,545.3544921875,0.0006568814860656857,0.0031838989816606045,72.3509292602539,0.000889255607035011,3.0826799869537354,0.14781449997099116
6089,715.76025390625,0.0005145358154550195,0.004961666651070118,75.59618377685547,0.0009254383621737361,3.086611747741699,0.14674095797818154
6090,2490.2705078125,0.00039998494321480393,0.022840840741991997,80.83678436279297,0.0008535137167200446,3.0908610820770264,0.14666674996260554
6091,2464.08740234375,0.00011412521416787058,0.02247428707778454,99.1880111694336,0.0010605804855003953,3.0960631370544434,0.14918537496123463
6092,829.4254760742188,7.890979759395123e-05,0.0061777615919709206,106.07759094238281,0.0009768072050064802,3.102137327194214,0.15153216698672622
6093,279.63580322265625,3.8375917938537896e-05,0.0006098979501985013,110.48345184326172,0.0010432495037093759,3.1091597080230713,0.18072829203447327
6094,1315.5389404296875,2.981706893478986e-05,0.010906114242970943,108.4032974243164,0.0011354247108101845,3.117096185684204,0.15635020902846009
6095,1803.6217041015625,0.00012701931700576097,0.016027145087718964,90.35803985595703,0.0009784724097698927,3.1253814697265625,0.1656442090170458
6096,876.15966796875,0.00018284849647898227,0.0067086839117109776,79.31169891357422,0.001076947315596044,3.133873224258423,0.15967612498207018
6097,206.84149169921875,0.00033180578611791134,1.0118105819856282e-06,72.13652038574219,0.0010142321698367596,3.142178535461426,0.17444695899030194
6098,735.355712890625,0.0004300895961932838,0.005246296990662813,70.67281341552734,0.0009704421972855926,3.1500649452209473,0.16584962501656264
6099,1223.269287109375,0.00034299472463317215,0.01011834666132927,72.02666473388672,0.0010510856518521905,3.1576876640319824,0.1671411670395173
6100,754.8994750976562,0.000334043987095356,0.005562809761613607,70.08343505859375,0.0009513062541373074,3.164931535720825,0.16907000000355765
6101,207.36123657226562,0.00021149702661205083,0.00014278579328674823,73.26478576660156,0.0009866817854344845,3.171992063522339,0.16336787497857586
6102,443.37994384765625,0.00012022053851978853,0.0025132689625024796,79.82866668701172,0.0010020232293754816,3.179014205932617,0.15681241598213091
6103,850.039794921875,9.110642713494599e-05,0.006643035914748907,84.38279724121094,0.0009224273962900043,3.185936212539673,0.1485711659770459
6104,650.7803955078125,5.78262988710776e-05,0.004626021254807711,84.35302734375,0.0009804262081161141,3.1928346157073975,0.14583979197777808
6105,228.67967224121094,8.448610606137663e-05,0.0005354685126803815,76.6020278930664,0.0009008218185044825,3.199481248855591,0.1466880000079982
6106,254.93312072753906,0.00012779167445842177,0.0008702223422005773,68.6781997680664,0.0008645352208986878,3.205669641494751,0.1505790000082925
6107,549.367431640625,0.00016581373347435147,0.003816146869212389,63.549278259277344,0.0008762208744883537,3.2112836837768555,0.15465583401964977
6108,540.9269409179688,0.00022997093037702143,0.0037900342140346766,59.140193939208984,0.0007978624780662358,3.2161056995391846,0.15715316601563245
6109,257.61309814453125,0.00021470246429089457,0.000960535544436425,58.63298034667969,0.000814563303720206,3.220191240310669,0.1595080830156803
6110,167.503662109375,0.00018235556490253657,0.00011622075544437394,58.8867301940918,0.0007875929586589336,3.223594903945923,0.1683047079714015
6111,342.47607421875,0.00013668167230207473,0.0019406946375966072,59.77117156982422,0.0007496728794649243,3.2263987064361572,0.16415054199751467
6112,428.96905517578125,7.883991929702461e-05,0.0028090225532650948,62.788455963134766,0.0007739433785900474,3.228795289993286,0.15597683301893994
6113,284.80511474609375,5.6198943639174104e-05,0.001430828939191997,63.706356048583984,0.0007239597616717219,3.2308120727539062,0.1579561249818653
6114,144.5881805419922,3.9964248571777716e-05,4.411753616295755e-05,63.654197692871094,0.0007252580253407359,3.2325127124786377,0.16768566699465737
6115,193.73500061035156,3.87282416340895e-05,0.0005658564041368663,61.953189849853516,0.0007132334867492318,3.233883857727051,0.15914091700688004
6116,303.6314697265625,5.3471441788133234e-05,0.0017290915129706264,58.37714767456055,0.0006699803634546697,3.2348155975341797,0.158724750042893
6117,283.6439208984375,7.009352702880278e-05,0.0015385337173938751,55.056339263916016,0.0006772484048269689,3.235264539718628,0.16375449998304248
6118,169.79031372070312,9.544660861138254e-05,0.00044422640348784626,51.7588005065918,0.0006406420143321157,3.235126495361328,0.1535814160015434
6119,125.73046875,0.000105091261502821,2.0643781681428663e-05,50.04586410522461,0.0006311109755188227,3.23439359664917,0.14647145802155137
6120,186.33096313476562,9.603682701708749e-05,0.0006442359299398959,49.60183334350586,0.0006270186277106404,3.233124256134033,0.14444624999305233
6121,235.05035400390625,7.8769022366032e-05,0.0011742237256839871,49.72154998779297,0.0006002954323776066,3.231372833251953,0.14669420797144994
6122,195.46762084960938,5.535582749871537e-05,0.0007904417579993606,50.263099670410156,0.0006062475149519742,3.2292652130126953,0.14891320798778906
6123,127.61003875732422,3.957858280045912e-05,0.00014495344657916576,50.515228271484375,0.0005864161066710949,3.226865768432617,0.1556245000101626
6124,117.13897705078125,2.9818369512213394e-05,5.666460856446065e-05,50.682403564453125,0.0005780827486887574,3.2242324352264404,0.14863212499767542
6125,158.48455810546875,2.6000394427683204e-05,0.0004809030797332525,50.29560089111328,0.0005749861593358219,3.2214012145996094,0.15822766697965562
6126,181.69140625,2.7906919058295898e-05,0.0007470028358511627,48.86550521850586,0.0005533491494134068,3.218348979949951,0.17133066698443145
6127,153.99346923828125,3.371066486579366e-05,0.0004790957609657198,47.34981918334961,0.0005536301177926362,3.2150721549987793,0.16570654202951118
6128,112.83538055419922,4.200093826511875e-05,9.392472566105425e-05,45.4595832824707,0.0005378323257900774,3.2115349769592285,0.1642199580091983
6129,104.76564025878906,4.859070759266615e-05,2.5997962438850664e-05,44.23851013183594,0.0005306826788000762,3.2077324390411377,0.1678923750296235
6130,127.86900329589844,4.9534242862137035e-05,0.0002659842139109969,43.593360900878906,0.0005272380076348782,3.203695297241211,0.3204121249727905
6131,144.38209533691406,4.368784721009433e-05,0.0004531551676336676,43.3062744140625,0.0005139152053743601,3.199465036392212,0.1678453329950571
6132,132.1768035888672,3.453093449934386e-05,0.0003386197204235941,43.42824172973633,0.000514334999024868,3.195127010345459,0.16144412499852479
6133,106.85084533691406,2.50297634920571e-05,0.00010492268484085798,43.4714469909668,0.0005038414965383708,3.1907458305358887,0.15250441600801423
6134,95.50260925292969,1.8544360500527546e-05,5.058091687715205e-07,43.55678939819336,0.0005004080012440681,3.18638277053833,0.14724045799812302
6135,104.7091064453125,1.5154659195104614e-05,0.00010069720156025141,43.37190628051758,0.0004975200863555074,3.182076930999756,0.1477737920358777
6136,117.91651916503906,1.4080136679694988e-05,0.0002474073844496161,42.857723236083984,0.0004891004646196961,3.177835702896118,0.14967679197434336
6137,117.89404296875,1.5944799088174477e-05,0.00025365655892528594,41.969051361083984,0.0004896485479548573,3.173661231994629,0.1606186669669114
6138,104.8449478149414,1.856592825788539e-05,0.000137994866236113,40.99851608276367,0.0004819035530090332,3.1695311069488525,0.15915270801633596
6139,92.2892074584961,2.2451778932008892e-05,1.8775055650621653e-05,40.06690216064453,0.0004809962119907141,3.1654326915740967,0.1659194579697214
6140,90.70863342285156,2.4832743292790838e-05,1.0895975719904527e-05,39.3178825378418,0.00047817881568334997,3.161360263824463,0.17503716697683558
6141,97.77143859863281,2.4245182430604473e-05,9.089945524465293e-05,38.839759826660156,0.0004741721204482019,3.1573235988616943,0.1554299169802107
6142,103.39236450195312,2.175571171392221e-05,0.00015189505938906223,38.575950622558594,0.0004745133628603071,3.153355598449707,0.2015243750065565
6143,101.12918853759766,1.6836116628837772e-05,0.00014010905579198152,38.49740982055664,0.0004693726368714124,3.149489402770996,0.16229899995960295
6144,93.25763702392578,1.342763971479144e-05,6.503245094791055e-05,38.44697952270508,0.0004696464748121798,3.1457622051239014,0.1591191670158878
6145,86.83879089355469,1.0675172234186903e-05,8.281227565021254e-06,38.29982376098633,0.0004664332082029432,3.1421942710876465,0.16658695897785947
6146,86.20669555664062,9.665745892561972e-06,7.585680577903986e-06,38.01496124267578,0.00046466587809845805,3.1387925148010254,0.16812487499555573
6147,89.80062866210938,1.0021417438110802e-05,4.8072739446070045e-05,37.58784484863281,0.0004640336846932769,3.1355526447296143,0.16234758304199204
6148,92.86294555664062,1.0540833500272129e-05,8.616645936854184e-05,37.12590026855469,0.0004606631409842521,3.132460117340088,0.1507126250071451
6149,92.1347427368164,1.2167421118647326e-05,8.155999967129901e-05,36.65748977661133,0.0004610451287589967,3.1295032501220703,0.14619179198052734
6150,88.21611022949219,1.2623195289052092e-05,4.892950164503418e-05,36.26723861694336,0.0004579359956551343,3.1266705989837646,0.14731058303732425
6151,84.16976928710938,1.298448296438437e-05,1.1500684195198119e-05,35.97267532348633,0.0004574857885017991,3.1239607334136963,0.15092908299993724
6152,82.57273864746094,1.191632509289775e-05,1.478934450460656e-07,35.8022575378418,0.0004556405474431813,3.121380090713501,0.15494749997742474
6153,83.62886047363281,1.0040673259936739e-05,1.5223419723042753e-05,35.73880386352539,0.0004536365158855915,3.118941307067871,0.15614454098977149
6154,85.52439880371094,8.412791430600919e-06,3.68899927707389e-05,35.69022750854492,0.0004530389851424843,3.116659164428711,0.1613554159994237
6155,86.23987579345703,6.704398856527405e-06,4.8749552661320195e-05,35.65176010131836,0.000450427207397297,3.1145405769348145,0.15799804200651124
6156,85.04930114746094,6.317222869256511e-06,3.884702891809866e-05,35.4819450378418,0.000450509280199185,3.1125853061676025,0.1652598329819739
6157,82.77375030517578,6.03696025791578e-06,2.0436318663996644e-05,35.26546859741211,0.0004486095567699522,3.1107823848724365,0.16067250003106892
6158,80.83617401123047,6.573856808245182e-06,3.7998106563463807e-06,34.95265579223633,0.00044846153468824923,3.109116792678833,0.15874366596108302
6159,80.17063903808594,7.102453309926204e-06,3.4792014957929496e-07,34.64955139160156,0.00044776045251637697,3.107571840286255,0.16072837501997128
6160,80.68866729736328,7.461429049726576e-06,8.662881555210333e-06,34.37971878051758,0.0004469651903491467,3.106133222579956,0.158078333013691
6161,81.54191589355469,7.8319226304302e-06,1.9219813111703843e-05,34.128047943115234,0.0004470869607757777,3.104790687561035,0.16641512501519173
6162,81.86416625976562,7.366325462498935e-06,2.5905654183588922e-05,33.95738220214844,0.0004457958275452256,3.103538751602173,0.1581662080134265
6163,81.30928802490234,7.06026276020566e-06,2.220617898274213e-05,33.78643035888672,0.0004459621268324554,3.1023764610290527,0.1526653750333935
6164,80.16741180419922,6.0153051890665665e-06,1.4002411262481473e-05,33.7032356262207,0.00044462407822720706,3.1013054847717285,0.14796533301705495
6165,79.02516174316406,5.389277248468716e-06,4.5543174564954825e-06,33.59286880493164,0.00044437931501306593,3.100327491760254,0.14829545799875632
6166,78.34095764160156,4.762194294016808e-06,2.475854330441507e-07,33.48740768432617,0.00044352569966576993,3.0994412899017334,0.14424608304398134
6167,78.2258071899414,4.520291440712754e-06,1.4381896562554175e-06,33.33851623535156,0.00044291443191468716,3.0986404418945312,0.15276333398651332
6168,78.46543884277344,4.657933459384367e-06,5.857305040990468e-06,33.14350509643555,0.00044270409853197634,3.0979151725769043,0.1573629580088891
6169,78.70718383789062,4.721698132925667e-06,1.090384648705367e-05,32.95896911621094,0.0004418565658852458,3.0972542762756348,0.1618324170121923
6170,78.66995239257812,5.101806891616434e-06,1.2223204976180568e-05,32.7465934753418,0.00044190860353410244,3.096647024154663,0.1663649589754641
6171,78.28543090820312,4.980561243428383e-06,1.093851460609585e-05,32.59621047973633,0.00044097317731939256,3.0960865020751953,0.1651556669967249
6172,77.67347717285156,5.031237378716469e-06,6.4764135458972305e-06,32.4348030090332,0.0004408790555316955,3.0955677032470703,0.16323179204482585
6173,77.05585479736328,4.634036940842634e-06,2.6377247195341624e-06,32.322349548339844,0.0004400633042678237,3.0950891971588135,0.16251995804486796
6174,76.62259674072266,4.278773303667549e-06,1.943363372447493e-07,32.210716247558594,0.0004396456934046,3.094650983810425,0.16366604197537526
6175,76.440673828125,3.833346454484854e-06,3.2714530107114115e-07,32.114322662353516,0.00043910296517424285,3.0942542552948,0.16671545803546906
6176,76.43710327148438,3.4115150810976047e-06,2.33340233535273e-06,32.016422271728516,0.00043846192420460284,3.0938992500305176,0.16162404196802527
6177,76.47625732421875,3.2772304621175863e-06,4.405957042763475e-06,31.880842208862305,0.0004382709739729762,3.09358286857605,0.1685117090237327
6178,76.43533325195312,3.1329691410064697e-06,6.155280061648227e-06,31.742280960083008,0.0004376423021312803,3.0933001041412354,0.1669782089884393
6179,76.25618743896484,3.356691422595759e-06,5.962792783975601e-06,31.554595947265625,0.00043769640615209937,3.0930426120758057,0.17178812494967133
6180,75.95260620117188,3.3912883736775257e-06,5.034446530771675e-06,31.392086029052734,0.00043717940570786595,3.0928032398223877,0.15219337499001995
6181,75.58800506591797,3.5985233353130752e-06,2.988656433444703e-06,31.211210250854492,0.0004371808026917279,3.0925755500793457,0.14715612499276176
6182,75.23786163330078,3.537725206115283e-06,1.4473537248704815e-06,31.066198348999023,0.0004367315850686282,3.092355966567993,0.151309292006772
6183,74.95021057128906,3.4854526802519104e-06,2.5499525690975133e-07,30.924840927124023,0.0004365133063402027,3.0921428203582764,0.15234345803037286
6184,74.74554443359375,3.283707883383613e-06,5.712138317903737e-09,30.803974151611328,0.00043612628360278904,3.0919365882873535,0.15392454201355577
6185,74.61505126953125,3.0424789656535722e-06,4.840060228161747e-07,30.69303321838379,0.00043569374247454107,3.09173846244812,0.16557837498839945
6186,74.52005004882812,2.8683025448117405e-06,1.1669931154756341e-06,30.57720947265625,0.00043539312900975347,3.0915496349334717,0.16368375002639368
6187,74.42176055908203,2.6586758394842036e-06,2.0157826838840265e-06,30.468280792236328,0.00043486032518558204,3.0913708209991455,0.1668400409980677
6188,74.29711151123047,2.6596478619467234e-06,2.316679456271231e-06,30.33293914794922,0.0004346654168330133,3.091200113296509,0.16656062501715496
6189,74.13813781738281,2.5887773063004715e-06,2.5746032861206913e-06,30.206695556640625,0.0004341510939411819,3.0910353660583496,0.1579732090467587
6190,73.94293212890625,2.7169155600859085e-06,2.1443704554258147e-06,30.056364059448242,0.0004340044397395104,3.0908730030059814,0.16581195802427828
6191,73.72564697265625,2.703570316953119e-06,1.7654615476203617e-06,29.92545509338379,0.00043353287037461996,3.0907108783721924,0.16248800000175834
6192,73.50067138671875,2.773403139144648e-06,1.0466396815900225e-06,29.786279678344727,0.00043332387576811016,3.0905468463897705,0.1646394160343334
6193,73.28387451171875,2.680880925254314e-06,5.919405907661712e-07,29.66990852355957,0.0004328668292146176,3.090381383895874,0.16815824998775497
6194,73.0850830078125,2.600490688564605e-06,1.7032340338118956e-07,29.553241729736328,0.0004325476475059986,3.0902152061462402,0.14539958396926522
6195,72.90726470947266,2.462237716827076e-06,3.154951855321997e-08,29.444814682006836,0.0004321307351347059,3.090049982070923,0.14749537501484156
6196,72.74618530273438,2.341239223824232e-06,1.4553961591445841e-08,29.334775924682617,0.0004317582934163511,3.0898871421813965,0.14775649999501184
6197,72.59715270996094,2.260414703414426e-06,8.557941555409343e-08,29.219762802124023,0.0004314279358368367,3.0897276401519775,0.15074229199672118
6198,72.45449829101562,2.1921152892900864e-06,2.6841058797799633e-07,29.102811813354492,0.0004310563381295651,3.089571237564087,0.1562118330039084
6199,72.31352996826172,2.1988273601891706e-06,3.7223804838504293e-07,28.975147247314453,0.0004308127681724727,3.0894172191619873,0.16376233304617926
6200,72.17124938964844,2.1813621060573496e-06,5.668973699357593e-07,28.850078582763672,0.00043046349310316145,3.089264392852783,0.1691935840062797
6201,72.02474975585938,2.244848928967258e-06,5.79532809297234e-07,28.715559005737305,0.0004302675661165267,3.089111089706421,0.15574404201470315
6202,71.87579345703125,2.2266676751314662e-06,6.89979970047716e-07,28.59343719482422,0.0004299069114495069,3.088956594467163,0.1585158749949187
6203,71.7254409790039,2.265435796289239e-06,6.337427862490586e-07,28.466581344604492,0.00042968944762833416,3.0888001918792725,0.1532627500128001
6204,71.5728530883789,2.176259158659377e-06,6.92755349973595e-07,28.358020782470703,0.00042927934555336833,3.0886430740356445,0.15998208295786753
6205,71.41703796386719,2.148911562471767e-06,5.733782018069178e-07,28.243938446044922,0.0004290087672416121,3.0884861946105957,0.18229041597805917
6206,71.25932312011719,2.0507993667706614e-06,5.526273980649421e-07,28.14044952392578,0.00042858527740463614,3.0883307456970215,0.16283358295913786
6207,71.09857177734375,2.0266293176973704e-06,3.678869688883424e-07,28.029159545898438,0.0004282996233087033,3.088177442550659,0.16381345898844302
6208,70.93916320800781,1.956646428880049e-06,2.9731205586358556e-07,27.92385482788086,0.00042789909639395773,3.088027000427246,0.15758437500335276
6209,70.78369903564453,1.964992861758219e-06,1.679700858403521e-07,27.809423446655273,0.00042760977521538734,3.087878942489624,0.1530582499690354
6210,70.63163757324219,1.9458227598079247e-06,1.3709546919926652e-07,27.698619842529297,0.0004272472870070487,3.087733268737793,0.15404629200929776
6211,70.48192596435547,1.9646586224553175e-06,6.398983032340766e-08,27.582984924316406,0.0004269607597962022,3.0875890254974365,0.14687662501819432
6212,70.33567810058594,1.9583144421631005e-06,5.6389581004623324e-08,27.471960067749023,0.00042662248597480357,3.0874462127685547,0.1464087080094032
6213,70.19099426269531,1.956979986061924e-06,2.3648283331567654e-08,27.361230850219727,0.00042631704127416015,3.0873043537139893,0.15439912502188236
6214,70.04765319824219,1.9237693322793348e-06,2.321036163266399e-08,27.255714416503906,0.0004259723937138915,3.0871641635894775,0.15580237505491823
6215,69.90571594238281,1.890842668217374e-06,5.930417046329239e-09,27.15142250061035,0.000425646168878302,3.0870258808135986,0.16268158401362598
6216,69.76567077636719,1.8455468762113014e-06,1.1664781141007552e-08,27.049606323242188,0.0004253034421708435,3.086890459060669,0.16161470802035183
6217,69.626220703125,1.8155476482206723e-06,5.857202722836519e-09,26.94537353515625,0.0004249870253261179,3.0867581367492676,0.16537816601339728
6218,69.48797607421875,1.7770432805264136e-06,1.7132663288066396e-08,26.8425235748291,0.0004246603639330715,3.0866291522979736,0.16940037498716265
6219,69.3507080078125,1.7705337995721493e-06,1.0027179087046534e-08,26.7360897064209,0.00042436557123437524,3.086503267288208,0.1654862909927033
6220,69.2144546508789,1.7539177861181088e-06,2.476099325576797e-08,26.630708694458008,0.00042405881686136127,3.0863804817199707,0.16519187501398847
6221,69.0789794921875,1.755496896294062e-06,1.7698994270176627e-08,26.523408889770508,0.0004237824468873441,3.0862600803375244,0.1608016249956563
6222,68.94390106201172,1.7528127500554547e-06,2.9467628337442875e-08,26.417463302612305,0.00042348209535703063,3.08614182472229,0.16286891704658046
6223,68.80892181396484,1.756286678755714e-06,1.578706587679335e-08,26.31144142150879,0.0004232027567923069,3.0860252380371094,0.16494541702559218
6224,68.67514038085938,1.7329831507595372e-06,2.5669578462839127e-08,26.21012306213379,0.00042289154953323305,3.0859103202819824,0.15727987501304597
6225,68.5421142578125,1.714827021714882e-06,1.0954920526273781e-08,26.10902214050293,0.0004226051678415388,3.0857973098754883,0.2948694590013474
6226,68.40971374511719,1.6825106285978109e-06,1.578706587679335e-08,26.010665893554688,0.0004222921561449766,3.085686445236206,0.1518484580446966
6227,68.27880096435547,1.6514206890860805e-06,6.765787929907674e-09,25.913780212402344,0.0004219920083414763,3.085578441619873,0.15376833401387557
6228,68.14852142333984,1.6194068166441866e-06,1.8468426787876524e-08,25.81646728515625,0.0004216826637275517,3.0854732990264893,0.15202924999175593
6229,68.01935577392578,1.6124361081892857e-06,1.4040836049389327e-08,25.716646194458008,0.00042140064761042595,3.0853705406188965,0.15598937502363697
6230,67.8913345336914,1.602460883987078e-06,2.9467628337442875e-08,25.618370056152344,0.00042109773494303226,3.0852701663970947,0.17112529202131554
6231,67.76382446289062,1.6085027709777933e-06,2.3942504867591197e-08,25.517845153808594,0.0004208273603580892,3.0851712226867676,0.1661131249857135
6232,67.63789367675781,1.5935698911562213e-06,5.022684490540996e-08,25.421415328979492,0.0004205209843348712,3.085073709487915,0.16570725000929087
6233,67.51283264160156,1.5928175116641796e-06,4.604316927725449e-08,25.323759078979492,0.00042025186121463776,3.084977388381958,0.1709019999834709
6234,67.38874053955078,1.5676421298849164e-06,8.28122779239493e-08,25.229305267333984,0.0004199439426884055,3.0848822593688965,0.16641412500757724
6235,67.26607513427734,1.5619755231455201e-06,8.377560334338341e-08,25.133119583129883,0.00041968381265178323,3.0847883224487305,0.16029120795428753
6236,67.14462280273438,1.5152504602156114e-06,1.351602350041503e-07,25.042917251586914,0.0004193666100036353,3.084696054458618,0.1608328340225853
6237,67.02409362792969,1.5098260064405622e-06,1.363901560580416e-07,24.94791030883789,0.00041911558946594596,3.0846052169799805,0.16176962503232062
6238,66.90615844726562,1.47603418554354e-06,2.1393589122453704e-07,24.857858657836914,0.00041879306081682444,3.0845158100128174,0.1565680829808116
6239,66.7947998046875,1.4915716519681155e-06,2.814104504977877e-07,24.761253356933594,0.0004185625002719462,3.08442759513855,0.15013337502023205
6240,66.69132995605469,1.4470668929789099e-06,5.030997840549389e-07,24.67269515991211,0.00041823615902103484,3.0843405723571777,0.14780075004091486
6241,66.59811401367188,1.480092237216013e-06,7.200060849754664e-07,24.57379150390625,0.00041804308420978487,3.084254026412964,0.1476398329832591
6242,66.52249908447266,1.424782681169745e-06,1.2306832104513887e-06,24.487831115722656,0.00041769121889956295,3.0841681957244873,0.15138400002615526
6243,66.47116088867188,1.4758893485122826e-06,1.8177970559918322e-06,24.388023376464844,0.00041753766709007323,3.0840821266174316,0.15305916697252542
6244,66.46090698242188,1.38031282403972e-06,3.0084734135016333e-06,24.309253692626953,0.00041712773963809013,3.0839972496032715,0.1611118339933455
6245,66.52803802490234,1.4696685184389935e-06,4.709272616310045e-06,24.205778121948242,0.0004170436295680702,3.083911657333374,0.1573418329935521
6246,66.72605895996094,1.3266435416880995e-06,8.027965122892056e-06,24.13532829284668,0.0004165526479482651,3.083827257156372,0.1552470829919912
6247,67.15338134765625,1.4841558595435345e-06,1.322138177783927e-05,24.024463653564453,0.0004165836435277015,3.0837416648864746,0.1597951669828035
6248,67.9759292602539,1.2436775023161317e-06,2.287627648911439e-05,23.970354080200195,0.00041593582136556506,3.083658456802368,0.16378699999768287
6249,69.47817993164062,1.5236263379847514e-06,3.860963261104189e-05,23.846738815307617,0.0004161811084486544,3.0835728645324707,0.16428279201500118
6250,72.19474792480469,1.1431632174208062e-06,6.734838098054752e-05,23.817344665527344,0.0004152824985794723,3.0834906101226807,0.16554358298890293
6251,77.09678649902344,1.651880324970989e-06,0.00011669931700453162,23.670713424682617,0.0004159095115028322,3.0834035873413086,0.1631898750201799
6252,85.95431518554688,9.97234337773989e-07,0.00020703756308648735,23.696027755737305,0.0004145480925217271,3.0833218097686768,0.16161558404564857
6253,102.0052261352539,1.9368535504327156e-06,0.0003670337609946728,23.522031784057617,0.0004158613446634263,3.08323073387146,0.16390500002307817
6254,131.30612182617188,7.889497055657557e-07,0.000661953876260668,23.664085388183594,0.0004136774514336139,3.0831480026245117,0.1563325000461191
6255,185.12396240234375,2.6135792268178193e-06,0.0011975078377872705,23.480974197387695,0.00041630840860307217,3.0830471515655518,0.1487255419488065
6256,284.5841979980469,5.327809731170419e-07,0.002193601569160819,23.8995418548584,0.0004127123684156686,3.0829594135284424,0.1442500419798307
6257,469.0732116699219,4.538558187050512e-06,0.004029637202620506,23.853469848632812,0.00041802148916758597,3.0828332901000977,0.14500812499318272
6258,813.099609375,3.511621571306023e-07,0.007468715310096741,24.98122787475586,0.000412117806263268,3.0827221870422363,0.15133112500188872
6259,1451.8184814453125,1.1486943549243733e-05,0.013825153931975365,25.8268985748291,0.00042327490518800914,3.082521677017212,0.15900333295576274
6260,2630.562255859375,8.345925834873924e-07,0.025602392852306366,28.805004119873047,0.00041434523882344365,3.0823137760162354,0.15909291699063033
6261,4740.56201171875,4.445707600098103e-05,0.0465824194252491,33.897315979003906,0.00043977220775559545,3.0818817615509033,0.16561091697076336
6262,8344.2724609375,1.2735257769236341e-05,0.08258958160877228,40.9322509765625,0.0004310817166697234,3.081307888031006,0.15636387502308935
6263,13745.5517578125,0.00022882621851749718,0.13610731065273285,62.438228607177734,0.0004949949216097593,3.0801658630371094,0.15641225001309067
6264,20246.8203125,0.00021226399985607713,0.2009858340024948,75.10729217529297,0.0005190190859138966,3.0783698558807373,0.15929329197388142
6265,23681.6015625,0.0010499500203877687,0.23385272920131683,125.93566131591797,0.0006539872847497463,3.0753793716430664,0.15636562497820705
6266,19632.9140625,0.001491172588430345,0.19254028797149658,150.87454223632812,0.0007889221305958927,3.070829153060913,0.1787895830348134
6267,7912.86572265625,0.0021309531293809414,0.0746416449546814,153.61741638183594,0.0008198863943107426,3.064986228942871,0.21385320799890906
6268,497.3507080078125,0.0016906381351873279,0.0010767446365207434,141.9458770751953,0.0007866658270359039,3.058473825454712,0.16767900000559166
6269,4043.1298828125,0.0006620520143769681,0.037638500332832336,140.62696838378906,0.0007244777516461909,3.052541732788086,0.15133204200537875
6270,10464.1787109375,6.58753706375137e-05,0.10203041881322861,155.72943115234375,0.0009881920414045453,3.0487163066864014,0.14860483299707994
6271,9418.9443359375,2.1436721908685286e-06,0.09116745740175247,212.0897979736328,0.0008989313500933349,3.0473670959472656,0.14707962499232963
6272,2536.84326171875,3.917358753824374e-06,0.022251451388001442,194.37388610839844,0.0011693263659253716,3.048617362976074,0.14786299999104813
6273,569.4375610351562,3.773759453906678e-05,0.003109885146841407,147.16925048828125,0.0010750601068139076,3.051752805709839,0.15896579204127192
6274,4742.11767578125,0.0003125145740341395,0.04515223577618599,106.26983642578125,0.0008937273523770273,3.0558183193206787,0.1529576670145616
6275,5987.9345703125,0.0005190778174437582,0.057392824441194534,86.35501098632812,0.0011038953671231866,3.0606486797332764,0.16147712495876476
6276,2154.29541015625,0.0012070892844349146,0.018596502020955086,76.60417175292969,0.0009733206825330853,3.065312385559082,0.16486695798812434
6277,429.517333984375,0.0011930649634450674,0.0011413849424570799,88.55448913574219,0.0010751783847808838,3.069920063018799,0.16247570904670283
6278,3119.544189453125,0.000754878856241703,0.028183713555336,102.7065658569336,0.001229784800671041,3.075023889541626,0.16339270799653605
6279,4006.137939453125,0.0006844953750260174,0.037254735827445984,104.90756225585938,0.0010730730136856437,3.0805153846740723,0.16580416698707268
6280,1327.2322998046875,0.00019682694983202964,0.01040682103484869,133.0526580810547,0.0013381484895944595,3.0872418880462646,0.1650465420098044
6281,442.5072937011719,7.502586231566966e-05,0.0014243250479921699,153.92657470703125,0.0013864563079550862,3.0953798294067383,0.15616770897759125
6282,2337.408447265625,6.865581235615537e-05,0.020439421758055687,155.53041076660156,0.0013107024133205414,3.104710578918457,0.1585574169876054
6283,2606.156494140625,3.5607474274002016e-05,0.022945960983633995,152.93960571289062,0.0015505979536101222,3.115332841873169,0.16355495899915695
6284,782.5668334960938,0.00020045938435941935,0.005124198738485575,116.44689178466797,0.0013365410268306732,3.1264595985412598,0.15491645800648257
6285,466.6018981933594,0.00038921533268876374,0.0019754674285650253,97.98487091064453,0.0013214877108111978,3.137632131576538,0.1477038340526633
6286,1741.43212890625,0.00047885574167594314,0.014586769975721836,93.40223693847656,0.0014146724715828896,3.1486897468566895,0.14804629201535136
6287,1600.70263671875,0.0007148945005610585,0.013161085546016693,88.49732208251953,0.0012460732832551003,3.1591434478759766,0.14654266595607623
6288,407.87091064453125,0.0005802300875075161,0.0013054423034191132,86.95274353027344,0.0013235091464594007,3.169163227081299,0.1496400409960188
6289,589.8911743164062,0.00041749567026272416,0.003266981802880764,88.8510971069336,0.001325923134572804,3.178900957107544,0.1517060420010239
6290,1369.6474609375,0.00030486370087601244,0.011203360743820667,97.17262268066406,0.0012165240477770567,3.1883702278137207,0.1513640420162119
6291,934.0127563476562,0.00013549682626035064,0.006789262872189283,108.1677474975586,0.0013336907140910625,3.1978931427001953,0.16451945796143264
6292,258.4848937988281,9.748619049787521e-05,0.00012708919530268759,111.16214752197266,0.0012486521154642105,3.2073957920074463,0.1642004160094075
6293,602.3367309570312,0.00010161200043512508,0.0036905924789607525,105.61727905273438,0.0011749900877475739,3.2166998386383057,0.16849250002996996
6294,994.3292846679688,0.00012377553503029048,0.007647799327969551,95.98420715332031,0.0012118760496377945,3.225663423538208,0.16169979103142396
6295,565.4375610351562,0.00023725707433186471,0.0035497299395501614,80.22406005859375,0.001065148040652275,3.233848810195923,0.1585438329493627
6296,208.718017578125,0.0003172126307617873,5.8908199207508005e-06,71.5334243774414,0.0010487425606697798,3.241060733795166,0.16667158296331763
6297,523.9360961914062,0.00034034831332974136,0.003160185180604458,69.7905502319336,0.00104092201218009,3.2472434043884277,0.16679208300774917
6298,714.4493408203125,0.0003348528116475791,0.00518410699442029,67.98713684082031,0.0009456619154661894,3.2523374557495117,0.1669275410240516
6299,375.62115478515625,0.00023224711185321212,0.001841665362007916,71.0364990234375,0.0009719343506731093,3.2565724849700928,0.16127300000516698
6300,186.37649536132812,0.00014961174747440964,5.349411003408022e-05,73.03278350830078,0.0009303312981501222,3.260106086730957,0.14721316698705778
6301,417.5278015136719,8.943244756665081e-05,0.0024318492505699396,77.05426788330078,0.0008834535838104784,3.263066053390503,0.14637849997961894
6302,522.9464111328125,5.004482591175474e-05,0.0034707686863839626,79.7130126953125,0.000911520270165056,3.265610694885254,0.1474319589906372
6303,296.41986083984375,4.800663737114519e-05,0.0013086142716929317,76.8792724609375,0.0008387849666178226,3.267674207687378,0.14496095798676834
6304,161.74945068359375,6.211463187355548e-05,2.157261042157188e-05,71.54173278808594,0.0008183899335563183,3.2691776752471924,0.1526057919836603
6305,301.56005859375,9.26489956327714e-05,0.0014625677140429616,65.94322967529297,0.0008009516750462353,3.270007848739624,0.15364891599165276
6306,387.53118896484375,0.00013485649833455682,0.0023925751447677612,61.0247802734375,0.0007376324501819909,3.2700071334838867,0.1626953330123797
6307,251.1309814453125,0.00015553674893453717,0.00103804434183985,57.798065185546875,0.0007397480658255517,3.2691729068756104,0.16530933295143768
6308,142.40597534179688,0.0001502408558735624,8.087672540568747e-07,56.59550094604492,0.0007070551509968936,3.2675375938415527,0.16453725000610575
6309,217.02992248535156,0.00012006635370198637,0.0008018645457923412,56.791404724121094,0.000680454249959439,3.265207290649414,0.17011020804056898
6310,293.16082763671875,8.289608376799151e-05,0.0015853061340749264,57.807376861572266,0.0006853325176052749,3.2623515129089355,0.1665184170124121
6311,225.37115478515625,5.382069502957165e-05,0.0009627239778637886,58.69963455200195,0.0006501703755930066,3.2590744495391846,0.1607753750286065
6312,133.1153564453125,3.820551864919253e-05,5.637065623886883e-05,58.982357025146484,0.0006467538769356906,3.2554738521575928,0.16580158396391198
6313,153.22018432617188,3.2861971703823656e-05,0.00028207735158503056,58.35468673706055,0.0006337156519293785,3.2515881061553955,0.16305233299499378
6314,218.80577087402344,3.562098936527036e-05,0.000985823106020689,56.17709732055664,0.0006048426730558276,3.2473933696746826,0.16172029095469043
6315,206.35113525390625,4.849021206609905e-05,0.0008759427000768483,53.58601379394531,0.0006032184464856982,3.242863178253174,0.14983566699083894
6316,137.3890380859375,6.240057700779289e-05,0.00022870181419420987,50.449195861816406,0.0005782959633506835,3.237947463989258,0.14734166697598994
6317,115.43233489990234,7.372023537755013e-05,2.6890489607467316e-05,48.55335998535156,0.0005681790062226355,3.23264217376709,0.1489000410074368
6318,154.51873779296875,7.441068737534806e-05,0.00043126719538122416,47.696502685546875,0.000562544446438551,3.2269961833953857,0.2993183340295218
6319,177.14999389648438,6.107148510636762e-05,0.000693381589371711,47.34049987792969,0.0005436418578028679,3.2210891246795654,0.1519040419952944
6320,145.68960571289062,4.6814831875963137e-05,0.00039131127414293587,47.55074691772461,0.0005432624602690339,3.2150394916534424,0.1661272089695558
6321,107.67867279052734,3.1270337785826996e-05,3.808992187259719e-05,47.686378479003906,0.0005305626546032727,3.2089502811431885,0.16104137495858595
6322,110.49610137939453,2.1736810595029965e-05,8.14954109955579e-05,47.86056900024414,0.0005231230752542615,3.202904224395752,0.16025966696906835
6323,136.81163024902344,1.8237118638353422e-05,0.0003531718684826046,47.54671096801758,0.0005212402320466936,3.196953058242798,0.1672374170157127
6324,141.76065063476562,1.6828291336423717e-05,0.000426517246523872,46.649635314941406,0.0005077646346762776,3.1911070346832275,0.1612547499826178
6325,117.92385864257812,2.1587007722700946e-05,0.00019954564049839973,45.13467788696289,0.0005067591555416584,3.1853551864624023,0.1553963749902323
6326,97.20146179199219,2.6730622266768478e-05,1.0519944225961808e-05,43.65707778930664,0.0004981932579539716,3.179670572280884,0.15909183298936114
6327,101.47132873535156,3.218215351807885e-05,6.561439658980817e-05,42.423240661621094,0.0004926843103021383,3.174034357070923,0.1528057919931598
6328,116.96859741210938,3.579194890335202e-05,0.00022743441513739526,41.466861724853516,0.0004917910555377603,3.1684513092041016,0.15368145803222433
6329,118.91876220703125,3.144255970255472e-05,0.0002639583544805646,40.9981575012207,0.00048380513908341527,3.162951946258545,0.1511052080313675
6330,104.41150665283203,2.6920170057564974e-05,0.00012629484990611672,40.687808990478516,0.0004840219335164875,3.1575865745544434,0.1462057500029914
6331,91.46771240234375,1.9528342818375677e-05,9.744477210915647e-06,40.626991271972656,0.00047913441085256636,3.1524085998535156,0.14691429195227101
6332,92.76593017578125,1.4531913620885462e-05,3.1181072699837387e-05,40.57158279418945,0.00047623043064959347,3.1474592685699463,0.14514866704121232
6333,101.93045043945312,1.2687655726040248e-05,0.00012762731057591736,40.29955291748047,0.00047599399113096297,3.1427581310272217,0.15452366700628772
6334,104.9697265625,1.1315471965644974e-05,0.0001692917721811682,39.8354377746582,0.0004707355983555317,3.1383044719696045,0.1563641669927165
6335,97.78575134277344,1.3592828508990351e-05,0.00010263477452099323,39.037410736083984,0.0004712558293249458,3.1340792179107666,0.17240500001935288
6336,88.66592407226562,1.5196918866422493e-05,2.1090309019200504e-05,38.28791809082031,0.0004674928495660424,3.130058526992798,0.1676971249980852
6337,86.41583251953125,1.7506918084109202e-05,4.369001544546336e-06,37.63863754272461,0.00046589603880420327,3.126220941543579,0.1573217089753598
6338,90.73709869384766,1.8815368093783036e-05,5.175767364562489e-05,37.17771911621094,0.000465020741103217,3.1225576400756836,0.1620369580341503
6339,94.49346923828125,1.658078508626204e-05,9.734735067468137e-05,36.9746208190918,0.0004612603224813938,3.1190781593322754,0.1643984999973327
6340,92.7490234375,1.4674956219096202e-05,8.32350633572787e-05,36.84736251831055,0.0004611065669450909,3.1158010959625244,0.16364920797059312
6341,87.37646484375,1.0723523701017257e-05,3.666154952952638e-05,36.889461517333984,0.0004574850026983768,3.112751007080078,0.16577370802406222
6342,83.53843688964844,8.61977878230391e-06,1.8429566353006521e-06,36.85401916503906,0.00045638150186277926,3.1099419593811035,0.167743582976982
6343,83.89480590820312,7.421755526593188e-06,9.25801032281015e-06,36.73023986816406,0.00045496589154936373,3.107374906539917,0.16322733298875391
6344,86.50802612304688,6.8949466367485e-06,4.032906872453168e-05,36.512264251708984,0.00045273362775333226,3.1050376892089844,0.16232195805059746
6345,87.7562255859375,8.059746505750809e-06,5.564979437622242e-05,36.0858268737793,0.0004529944562818855,3.102905035018921,0.14934070804156363
6346,86.10414123535156,8.461268407700118e-06,4.4453896407503635e-05,35.73114013671875,0.0004508148122113198,3.1009528636932373,0.1465473750140518
6347,83.04377746582031,9.915655937220436e-06,1.631777013244573e-05,35.30867004394531,0.0004511176375672221,3.0991551876068115,0.14563837501918897
6348,81.09934997558594,1.013229393720394e-05,6.797201876906911e-07,35.01059341430664,0.0004500756040215492,3.0974960327148438,0.14867075002985075
6349,81.29408264160156,9.699130714579951e-06,6.028176358086057e-06,34.791534423828125,0.00044929818250238895,3.0959677696228027,0.15259708400117233
6350,82.57081604003906,8.958688340499066e-06,2.1386973457993008e-05,34.61935806274414,0.0004491689323913306,3.094568967819214,0.14928075001807883
6351,83.18656921386719,7.126619038899662e-06,3.145860318909399e-05,34.57503890991211,0.00044753006659448147,3.0933051109313965,0.15300987497903407
6352,82.36238098144531,6.417089025489986e-06,2.5108551199082285e-05,34.443904876708984,0.0004476591129787266,3.092175245285034,0.16201679199002683
6353,80.70288848876953,5.393706032918999e-06,1.1911798537767027e-05,34.34085464477539,0.000446314865257591,3.0911760330200195,0.16196012496948242
6354,79.40078735351562,5.4305905905494e-06,1.200193310069153e-06,34.1225471496582,0.00044615159276872873,3.090294122695923,0.1647639999864623
6355,79.13990783691406,5.682636583514977e-06,1.2733657968055923e-06,33.87297058105469,0.00044571334728971124,3.0895121097564697,0.16489316703518853
6356,79.6390609741211,5.919208888371941e-06,9.165387382381596e-06,33.631080627441406,0.00044499521027319133,3.088813066482544,0.15970562503207475
6357,80.09117889404297,6.602313078474253e-06,1.5562029147986323e-05,33.3637580871582,0.00044510987936519086,3.088179588317871,0.18282095802715048
6358,79.89623260498047,6.386022960214177e-06,1.660797897784505e-05,33.19186019897461,0.0004440497141331434,3.0876026153564453,0.15493116702418774
6359,79.08208465576172,6.49341382086277e-06,1.026783138513565e-05,33.00493621826172,0.0004440102493390441,3.0870745182037354,0.16513508395291865
6360,78.1429443359375,5.7130841923935805e-06,3.6316150726634078e-06,32.90936279296875,0.00044299112050794065,3.0865960121154785,0.16253283305559307
6361,77.56968688964844,5.068741756986128e-06,4.821691845791065e-08,32.813480377197266,0.0004424451326485723,3.0861692428588867,0.1485768749844283
6362,77.50373077392578,4.40020357928006e-06,1.5017803889350034e-06,32.72916793823242,0.000441843643784523,3.0857961177825928,0.1444961249944754
6363,77.69979858398438,3.7810116282344097e-06,5.792857336928137e-06,32.640296936035156,0.00044102114043198526,3.085476875305176,0.14467666705604643
6364,77.78153228759766,3.76966181647731e-06,8.40103984955931e-06,32.47154998779297,0.00044092911412008107,3.0852043628692627,0.15012400003615767
6365,77.54169464111328,3.6407077459443826e-06,8.466123290418182e-06,32.30908966064453,0.0004402192425914109,3.084970235824585,0.14902870799414814
6366,77.03634643554688,4.0506006371288095e-06,5.2256009439588524e-06,32.07709884643555,0.0004403162747621536,3.084761381149292,0.15160658297827467
6367,76.48599243164062,4.156125214649364e-06,1.9854326183121884e-06,31.88542938232422,0.0004398640594445169,3.084568500518799,0.16304079099791124
6368,76.10359191894531,4.368503141449764e-06,6.207443448147387e-08,31.68662452697754,0.00043973911670036614,3.084383010864258,0.1670006249914877
6369,75.95416259765625,4.345610705058789e-06,5.260155830910662e-07,31.518661499023438,0.0004394833813421428,3.084200859069824,0.16408129199407995
6370,75.94373321533203,4.02664409193676e-06,2.541048388593481e-06,31.386682510375977,0.0004390027897898108,3.0840227603912354,0.16099991695955396
6371,75.91703796386719,3.827746695606038e-06,4.0166032704291865e-06,31.2491397857666,0.0004388346860650927,3.0838494300842285,0.1599320000386797
6372,75.75646209716797,3.3120672924269456e-06,4.561443347483873e-06,31.150371551513672,0.0004381874168757349,3.0836851596832275,0.16042037500301376
6373,75.4545669555664,3.1929673696140526e-06,3.217083303752588e-06,31.010364532470703,0.0004380319733172655,3.0835297107696533,0.1654348750016652
6374,75.09456634521484,2.9633617941726698e-06,1.6655444596835878e-06,30.881498336791992,0.00043750175973400474,3.0833826065063477,0.15858325001318008
6375,74.77755737304688,3.0595533644373063e-06,2.753723151727172e-07,30.714130401611328,0.00043729940080083907,3.0832395553588867,0.16391437500715256
6376,74.56492614746094,3.1634272090741433e-06,2.9795955924782902e-08,30.546842575073242,0.0004369876114651561,3.0830957889556885,0.15642712503904477
6377,74.4517822265625,3.2462280614709016e-06,7.828203365534137e-07,30.386520385742188,0.0004366235516499728,3.082947015762329,0.148021291999612
6378,74.37153625488281,3.3833898669399787e-06,1.668006916588638e-06,30.22593116760254,0.0004364046035334468,3.0827903747558594,0.14866462495410815
6379,74.25296020507812,3.218794063286623e-06,2.4394694264628924e-06,30.10188865661621,0.00043585244566202164,3.082627058029175,0.14711487502790987
6380,74.06852722167969,3.192115400452167e-06,2.2247113520279527e-06,29.967912673950195,0.00043558928882703185,3.0824577808380127,0.15056762500898913
6381,73.82720947265625,2.8956228561582975e-06,1.7339248188363854e-06,29.86639976501465,0.0004349785449448973,3.0822865962982178,0.15563945804024115
6382,73.56634521484375,2.7777725790656405e-06,7.823985015420476e-07,29.746692657470703,0.000434636342106387,3.082115650177002,0.15022987499833107
6383,73.32904052734375,2.5841761726042023e-06,2.1129744709469378e-07,29.63621711730957,0.0004341327294241637,3.0819473266601562,0.15959524997742847
6384,73.1375503540039,2.535730345698539e-06,6.07820993536734e-09,29.50604248046875,0.0004337732680141926,3.0817816257476807,0.1631342499749735
6385,72.98929595947266,2.555892251621117e-06,2.1948522999082343e-07,29.365331649780273,0.00043346427264623344,3.0816173553466797,0.16191141598392278
6386,72.86178588867188,2.5639028535806574e-06,7.15562237019185e-07,29.22442626953125,0.00043309410102665424,3.0814528465270996,0.16597145795822144
6387,72.73159790039062,2.687716914806515e-06,1.0219082469120622e-06,29.070556640625,0.0004329007933847606,3.081285238265991,0.16475554095814005
6388,72.57890319824219,2.6373375021648826e-06,1.2722898645733949e-06,28.93931007385254,0.00043248635483905673,3.0811147689819336,0.1673627500422299
6389,72.39286804199219,2.6926049940811936e-06,9.851287359197158e-07,28.798789978027344,0.00043226307025179267,3.0809409618377686,0.15851129096699879
6390,72.18853759765625,2.564475607869099e-06,6.90376111833757e-07,28.681543350219727,0.00043181507498957217,3.08076548576355,0.1535140830092132
6391,71.9862289428711,2.5281428861489985e-06,2.5499525690975133e-07,28.5571231842041,0.0004315079131629318,3.080589771270752,0.15487254195613787
6392,71.79913330078125,2.4086598386929836e-06,5.605039632428088e-08,28.44414710998535,0.00043108512181788683,3.080415725708008,0.1514628329896368
6393,71.63304138183594,2.337410251129768e-06,1.560783857712522e-08,28.32731819152832,0.00043070423998869956,3.080244779586792,0.1505534159950912
6394,71.48654174804688,2.305081579834223e-06,1.4172434248393984e-07,28.2059268951416,0.00043035930139012635,3.0800774097442627,0.14880237495526671
6395,71.35157775878906,2.2754948076908477e-06,4.402573381412367e-07,28.084182739257812,0.00042995813419111073,3.07991361618042,0.14780987502308562
6396,71.21566772460938,2.3545735530206002e-06,6.119171871432627e-07,27.950145721435547,0.0004296886909287423,3.07975172996521,0.15615374996559694
6397,71.07205200195312,2.331581754333456e-06,8.290476785077772e-07,27.829208374023438,0.000429267791332677,3.0795915126800537,0.16711037495406345
6398,70.91590118408203,2.4090297756629298e-06,7.643671438017918e-07,27.698753356933594,0.0004289981152396649,3.0794317722320557,0.16974479099735618
6399,70.74977111816406,2.3306718048843322e-06,7.399685273412615e-07,27.58837890625,0.0004285432805772871,3.0792737007141113,0.1751415419857949
6400,70.57785034179688,2.3377747311315034e-06,5.058091687715205e-07,27.470211029052734,0.00042823285912163556,3.0791175365448,0.16061695804819465
6401,70.40557861328125,2.227913000751869e-06,3.807226676144637e-07,27.366870880126953,0.0004277784319128841,3.078965187072754,0.16278395894914865
6402,70.23658752441406,2.1993578229739796e-06,1.7768252291716635e-07,27.25496482849121,0.00042743919766508043,3.078817367553711,0.16753566596889868
6403,70.07356262207031,2.1147968709556153e-06,9.606537787476555e-08,27.149837493896484,0.00042702635983005166,3.0786752700805664,0.16162000002805144
6404,69.9156494140625,2.0988779851904837e-06,1.2933526249980787e-08,27.035839080810547,0.00042668628157116473,3.078538656234741,0.16445229202508926
6405,69.7637939453125,2.097151309499168e-06,5.6843418860808015e-12,26.919919967651367,0.00042634160490706563,3.0784072875976562,0.1612092920113355
6406,69.61713409423828,2.103025053656893e-06,3.240216983613209e-08,26.802242279052734,0.0004260134883224964,3.078279972076416,0.16613850003341213
6407,69.47366333007812,2.1304279016476357e-06,6.195568857947364e-08,26.682907104492188,0.0004257151740603149,3.078155994415283,0.16086395899765193
6408,69.33264923095703,2.117571511917049e-06,1.4826042615823098e-07,26.569080352783203,0.0004253698862157762,3.0780346393585205,0.15203445800580084
6409,69.19244384765625,2.1372193259594496e-06,1.7368529370287433e-07,26.453163146972656,0.0004250819329172373,3.0779154300689697,0.14699662500061095
6410,69.05265808105469,2.072022653010208e-06,2.6447247591931955e-07,26.348466873168945,0.000424705445766449,3.0777993202209473,0.14482487499481067
6411,68.91205596923828,2.06670642910467e-06,2.6251433382640244e-07,26.237489700317383,0.0004244164447300136,3.077686071395874,0.1488599160220474
6412,68.77088165283203,1.987785026358324e-06,3.2714530107114115e-07,26.136714935302734,0.0004240267735440284,3.0775768756866455,0.1578207499696873
6413,68.62834930419922,1.989465999940876e-06,2.8115755412727594e-07,26.02689552307129,0.0004237439134158194,3.0774714946746826,0.29957987496163696
6414,68.48506164550781,1.9254230210208334e-06,3.054267381230602e-07,25.92542839050293,0.00042336544720456004,3.0773704051971436,0.16414129198528826
6415,68.34099578857422,1.9534795683284756e-06,2.3194388631964102e-07,25.8125057220459,0.0004230994964018464,3.077272653579712,0.16997720795916393
6416,68.19702911376953,1.9264157344878186e-06,2.253319166811707e-07,25.707178115844727,0.00042274678708054125,3.0771777629852295,0.16609245800646022
6417,68.05284118652344,1.961652287718607e-06,1.3780260132989497e-07,25.59531021118164,0.0004224758595228195,3.07708477973938,0.16751050000311807
6418,67.90939331054688,1.928236088133417e-06,1.0998525112881907e-07,25.49302864074707,0.0004221254785079509,3.076993703842163,0.15857999998843297
6419,67.76799011230469,1.937351271408261e-06,4.155396027272218e-08,25.3870792388916,0.0004218301619403064,3.076903820037842,0.15968837501714006
6420,67.62844848632812,1.899376229630434e-06,2.25611529458547e-08,25.2873592376709,0.0004214889195282012,3.076815605163574,0.16493054199963808
6421,67.49188995361328,1.8772616385831498e-06,4.4019543565809727e-10,25.186800003051758,0.0004211732011754066,3.0767290592193604,0.16542383399792016
6422,67.35749816894531,1.8434421917845611e-06,1.051375875249505e-09,25.088117599487305,0.0004208493046462536,3.0766444206237793,0.15040879201842472
6423,67.22589111328125,1.8075252228300087e-06,2.3648283331567654e-08,24.990398406982422,0.0004205238074064255,3.0765621662139893,0.1496564169647172
6424,67.09553527832031,1.801280177460285e-06,3.309247631477774e-08,24.88924789428711,0.00042022851994261146,3.076481580734253,0.1472417910117656
6425,66.9659423828125,1.775295686456957e-06,7.10499534761766e-08,24.79079818725586,0.0004199050890747458,3.0764026641845703,0.14714741701027378
6426,66.83617401123047,1.7907360643221182e-06,6.231226734598749e-08,24.687164306640625,0.0004196370136924088,3.076324462890625,0.14908537501469254
6427,66.70668029785156,1.7698994270176627e-06,8.754346936257207e-08,24.588651657104492,0.00041932283784262836,3.076246738433838,0.15218995796749368
6428,66.57727813720703,1.7832462617661804e-06,6.386926543200389e-08,24.486764907836914,0.00041905802208930254,3.0761687755584717,0.15551608300302178
6429,66.44856262207031,1.7483964711573208e-06,7.714930916336016e-08,24.391895294189453,0.0004187411395832896,3.0760910511016846,0.17119591700611636
6430,66.3204345703125,1.7465054042986594e-06,5.526294444280211e-08,24.293657302856445,0.0004184660501778126,3.0760130882263184,0.16503437497885898
6431,66.19380950927734,1.710302967694588e-06,7.675248525629286e-08,24.200407028198242,0.0004181469848845154,3.0759353637695312,0.16436004196293652
6432,66.0679702758789,1.7000289744828478e-06,5.856151119587594e-08,24.104896545410156,0.00041787215741351247,3.075857639312744,0.16178450000006706
6433,65.94335174560547,1.6618541849311441e-06,8.130973583320156e-08,24.013378143310547,0.00041755655547603965,3.0757803916931152,0.16413879196625203
6434,65.82011413574219,1.6669293927407125e-06,6.991064083194942e-08,23.916831970214844,0.00041729595977813005,3.0757031440734863,0.16013216599822044
6435,65.69728088378906,1.6349172256013844e-06,1.0130776217920356e-07,23.824527740478516,0.00041699130088090897,3.0756258964538574,0.1611254169838503
6436,65.57642364501953,1.64866435170552e-06,9.874406714516226e-08,23.727548599243164,0.0004167413280811161,3.0755481719970703,0.1655954999732785
6437,65.45877075195312,1.6169805121535319e-06,1.6602149344180361e-07,23.63657569885254,0.00041643891017884016,3.075470209121704,0.16147845797240734
6438,65.34432220458984,1.6394932345065172e-06,2.0197745698169456e-07,23.540067672729492,0.00041620107367634773,3.0753912925720215,0.14687987498473376
6439,65.23384094238281,1.5859043287491659e-06,3.373143044882454e-07,23.4537353515625,0.0004158778756391257,3.0753118991851807,0.14720895804930478
6440,65.12835693359375,1.6177385759874596e-06,4.348951279098401e-07,23.35752296447754,0.000415655696997419,3.0752315521240234,0.14495558402268216
6441,65.02980041503906,1.5465193428099155e-06,6.89979970047716e-07,23.274883270263672,0.0004153127083554864,3.075150966644287,0.14975216699531302
6442,64.93914794921875,1.5916141364868963e-06,9.013276667246828e-07,23.1780948638916,0.00041511759627610445,3.0750691890716553,0.15534308302449062
6443,64.8595962524414,1.4918628039595205e-06,1.3520279935619328e-06,23.100717544555664,0.0004147448926232755,3.0749881267547607,0.15807066700654104
6444,64.79854583740234,1.5676421298849164e-06,1.819726321627968e-06,23.00054931640625,0.00041459259227849543,3.0749058723449707,0.15993412502575666
6445,64.77105712890625,1.444773374714714e-06,2.8052581910742447e-06,22.927167892456055,0.0004141888930462301,3.074824571609497,0.161399332981091
6446,64.78803253173828,1.5727209756732918e-06,3.999420187028591e-06,22.821144104003906,0.00041409675031900406,3.0747413635253906,0.16372291703009978
6447,64.86637878417969,1.401542135681666e-06,6.076272711652564e-06,22.754892349243164,0.0004136370844207704,3.0746591091156006,0.15720037498977035
6448,65.05286407470703,1.5976355598468217e-06,8.880363566277083e-06,22.642398834228516,0.0004136266652494669,3.0745739936828613,0.1720167089952156
6449,65.41029357910156,1.3434477068585693e-06,1.3797966857964639e-05,22.58931541442871,0.00041306839557364583,3.074490547180176,0.1792842079885304
6450,66.04589080810547,1.632784005778376e-06,2.09678564715432e-05,22.467103958129883,0.0004131872265134007,3.0744030475616455,0.15775091701652855
6451,67.14867401123047,1.2347862821115996e-06,3.342748459544964e-05,22.436233520507812,0.00041246210457757115,3.074319362640381,0.1572941669728607
6452,69.0093765258789,1.7008062513923505e-06,5.2632687584264204e-05,22.2957820892334,0.00041280247387476265,3.074230194091797,0.15504462498938665
6453,72.11724853515625,1.1054964943468804e-06,8.52526500239037e-05,22.29875946044922,0.00041182670975103974,3.0741469860076904,0.14940975001081824
6454,77.28172302246094,1.8797123857439146e-06,0.00013711684732697904,22.128822326660156,0.00041253247763961554,3.074054479598999,0.14885749999666587
6455,85.87203979492188,9.324892857875966e-07,0.00022471713600680232,22.19487953186035,0.00041112201870419085,3.07397198677063,0.1502579579828307
6456,100.31082153320312,2.2478861865238287e-06,0.0003685060073621571,21.989931106567383,0.0004124550032429397,3.073873519897461,0.15100670797983184
6457,124.76055908203125,6.988209975133941e-07,0.0006148066022433341,22.176462173461914,0.0004103354876860976,3.0737907886505127,0.1574098329874687
6458,166.44082641601562,3.0685262117913226e-06,0.0010291833896189928,21.937339782714844,0.00041278288699686527,3.0736799240112305,0.1603144999826327
6459,237.92103576660156,4.275367473383085e-07,0.0017454484477639198,22.38489532470703,0.00040948536479845643,3.0735936164855957,0.1654361659893766
6460,361.3565368652344,5.050776053394657e-06,0.0029724445194005966,22.20623779296875,0.000414007983636111,3.073455572128296,0.19051795796258375
6461,575.2555541992188,1.9496746972436085e-07,0.005111475009471178,23.206911087036133,0.0004088162677362561,3.0733532905578613,0.16838175000157207
6462,947.1988525390625,1.1003665349562652e-05,0.008808250539004803,23.520509719848633,0.00041752945980988443,3.0731494426727295,0.16455345798749477
6463,1588.0841064453125,1.9612720336681377e-07,0.015213493257761002,25.76665496826172,0.0004094844334758818,3.072983741760254,0.16023770801257342
6464,2677.58544921875,3.282781472080387e-05,0.026032518595457077,28.296369552612305,0.0004275431274436414,3.072606086730957,0.170905250008218
6465,4456.9501953125,2.519052941352129e-06,0.043822675943374634,32.84232711791992,0.0004158833180554211,3.0722174644470215,0.16966208297526464
6466,7171.23583984375,0.00012434914242476225,0.07069730013608932,43.36750411987305,0.0004570326709654182,3.071380138397217,0.16946775000542402
6467,10750.9873046875,4.7377678129123524e-05,0.10651815682649612,49.848876953125,0.0004458553739823401,3.0702924728393555,0.1665114159695804
6468,14181.4951171875,0.000471261068014428,0.1400410681962967,76.71734619140625,0.0005354461027309299,3.068347215652466,0.15169933304423466
6469,15249.6826171875,0.00043314576032571495,0.15068668127059937,82.69940185546875,0.0005500061088241637,3.0655765533447266,0.14591220900183544
6470,11415.9013671875,0.0010973474709317088,0.11143633723258972,98.41050720214844,0.0006412300281226635,3.0617411136627197,0.14942924998467788
6471,4627.3193359375,0.0010278300615027547,0.043605536222457886,100.54717254638672,0.0006343514542095363,3.0570549964904785,0.15200250002089888
6472,332.8433837890625,0.0007147192372940481,0.0011908671585842967,80.92533874511719,0.0006135940784588456,3.052316904067993,0.1539304589969106
6473,1954.001953125,0.00021972190006636083,0.017845837399363518,82.23074340820312,0.0006521532195620239,3.0486106872558594,0.16615287499735132
6474,5959.75244140625,4.5497395149141084e-06,0.05769319832324982,125.90483093261719,0.0006407279288396239,3.0467441082000732,0.15488887496758252
6475,6603.5126953125,9.902896636049263e-06,0.06378891319036484,133.68264770507812,0.000899486243724823,3.0472593307495117,0.14915770897641778
6476,3262.35205078125,2.5463718884566333e-06,0.030767258256673813,113.04186248779297,0.0007232993375509977,3.0495152473449707,0.15284708299441263
6477,297.3057861328125,8.443023398285732e-05,0.0013280571438372135,78.7852783203125,0.0007727178744971752,3.0529870986938477,0.1631523750256747
6478,1208.8427734375,0.0003156391903758049,0.010407744906842709,57.9631233215332,0.0007854113937355578,3.0570483207702637,0.16353687504306436
6479,3549.1435546875,0.0007005097577348351,0.03350456804037094,56.58339309692383,0.000720521726179868,3.0609583854675293,0.16133237502072006
6480,3192.503662109375,0.0005656976136378944,0.029805751517415047,66.9631576538086,0.0008839542861096561,3.065107583999634,0.15994220797438174
6481,941.666748046875,0.0006561148329637945,0.007301976438611746,64.3192138671875,0.0008153844974003732,3.0692543983459473,0.1595476670190692
6482,303.0525207519531,0.0003887357306666672,0.0010687016183510423,71.22599792480469,0.0008608277421444654,3.0738348960876465,0.16177458298625425
6483,1739.40771484375,0.0001170446994365193,0.015359525568783283,92.18238830566406,0.0009956832509487867,3.079479694366455,0.1681641250033863
6484,2473.21630859375,8.712296403246e-05,0.022708218544721603,103.9479751586914,0.0008973414078354836,3.0860509872436523,0.1653237080317922
6485,1294.485595703125,1.3999734619574156e-05,0.010688995011150837,114.92229461669922,0.0010926383547484875,3.0939290523529053,0.150952750002034
6486,226.7280731201172,4.927031113766134e-05,0.00021892922814004123,98.06568145751953,0.0010184244019910693,3.102672815322876,0.15171145799104124
6487,724.3662109375,0.0001429596304660663,0.005319738294929266,81.14057159423828,0.0009695586049929261,3.1117825508117676,0.1510771670145914
6488,1537.9869384765625,0.0001980145025299862,0.013395430520176888,72.4291763305664,0.0010621324181556702,3.1210949420928955,0.15068058302858844
6489,1176.1715087890625,0.0004223814175929874,0.009745888411998749,65.75084686279297,0.000935936055611819,3.129978895187378,0.15319191699381918
6490,318.1082763671875,0.00039102835580706596,0.0011552488431334496,63.93424987792969,0.0009954629931598902,3.1385011672973633,0.15518099995097145
6491,365.77593994140625,0.00032488920260220766,0.0016932516591623425,64.55972290039062,0.0009940211893990636,3.1467204093933105,0.1592432499746792
6492,970.4803466796875,0.00026772517594508827,0.007854297757148743,65.98954772949219,0.0009228853741660714,3.154611110687256,0.16518466698471457
6493,938.2901611328125,0.00011794922465924174,0.007515643257647753,73.48323059082031,0.0010144768748432398,3.162537097930908,0.16130079102003947
6494,368.67144775390625,8.876405627233908e-05,0.0018830056069418788,77.89408874511719,0.000936004042159766,3.1704137325286865,0.16641495801741257
6495,208.43283081054688,6.263150135055184e-05,0.0003066897625103593,78.3056411743164,0.0009319505770690739,3.1782314777374268,0.16118583298521116
6496,573.8074951171875,6.0465590649982914e-05,0.00398544454947114,74.73139190673828,0.000944850908126682,3.1859068870544434,0.15753525000764057
6497,724.470947265625,0.00012757614604197443,0.005643045995384455,63.6646728515625,0.0008374399621970952,3.1930222511291504,0.16199587495066226
6498,402.65936279296875,0.00016858367598615587,0.00243046204559505,56.757022857666016,0.0008599777356721461,3.1994376182556152,0.16745570895727724
6499,156.8134765625,0.0002317405305802822,1.0966919944621623e-05,51.74854278564453,0.0008079419494606555,3.204923391342163,0.1583024169667624
6500,312.11614990234375,0.00023765202786307782,0.0016054565785452724,50.720542907714844,0.00077084731310606,3.20942759513855,0.15188487502746284
6501,510.9416198730469,0.00016335152031388134,0.0036189293023198843,53.684120178222656,0.0007902942597866058,3.2131636142730713,0.1472381660132669
6502,406.09210205078125,0.00012155745207564905,0.002673814073204994,53.737911224365234,0.0007281703874468803,3.2161858081817627,0.14573712495621294
6503,178.60545349121094,6.434021634049714e-05,0.0004117476928513497,56.99087142944336,0.0007400579052045941,3.2187116146087646,0.14905166701646522
6504,161.0404815673828,3.8480855437228456e-05,0.0002616779238451272,58.759830474853516,0.0007226477027870715,3.220832109451294,0.15448283299338073
6505,313.65081787109375,3.376813401700929e-05,0.0018396195955574512,58.11305236816406,0.0006819897680543363,3.22251558303833,0.15733220800757408
6506,362.43695068359375,3.414742604945786e-05,0.00233641779050231,56.04039764404297,0.0006934003904461861,3.2237708568573,0.16310087498277426
6507,236.71762084960938,6.00778148509562e-05,0.0011585574829950929,50.69086456298828,0.0006416321848519146,3.224412202835083,0.16156354203121737
6508,123.45866394042969,8.552143117412925e-05,4.4085867557441816e-05,47.133785247802734,0.0006336414953693748,3.2243547439575195,0.33621116704307497
6509,158.4620361328125,0.00010350373486289755,0.00041226064786314964,44.901336669921875,0.0006198426126502454,3.2235569953918457,0.16229591699084267
6510,249.5880126953125,0.00010462739010108635,0.001358307315967977,44.25183868408203,0.0005904269637539983,3.2220206260681152,0.15806704200804234
6511,248.24453735351562,7.677894609514624e-05,0.0013637430965900421,44.559818267822266,0.0005963251460343599,3.2199106216430664,0.15588462498271838
6512,161.1252899169922,5.334598972694948e-05,0.0005389498546719551,44.87398910522461,0.0005702171474695206,3.2173280715942383,0.1638986250036396
6513,105.9074478149414,3.347022720845416e-05,2.6976931621902622e-06,45.66035461425781,0.0005663030315190554,3.214405059814453,0.15919587499229237
6514,136.78956604003906,2.3396918550133705e-05,0.00032328395172953606,46.072669982910156,0.0005604880861938,3.21122145652771,0.14900129102170467
6515,189.4464569091797,2.201671122747939e-05,0.0008791067521087825,45.36260986328125,0.0005397151689976454,3.2077736854553223,0.14706429099896923
6516,186.58416748046875,2.5339051717310213e-05,0.0008606694173067808,43.90281295776367,0.0005408050492405891,3.2040703296661377,0.15038275002734736
6517,134.6400146484375,3.523429040797055e-05,0.00037679029628634453,41.36622619628906,0.000520713219884783,3.200044870376587,0.16008733300259337
6518,97.03274536132812,4.6025379560887814e-05,1.1898636330442969e-05,39.65520477294922,0.0005158513667993248,3.1956732273101807,0.16139449999900535
6519,108.34761047363281,5.2215797040844336e-05,0.00013708334881812334,38.47346496582031,0.0005094422376714647,3.1909618377685547,0.1623406660510227
6520,140.57391357421875,4.92008839501068e-05,0.000479753507534042,37.93842315673828,0.0004974004696123302,3.1859521865844727,0.18824137502815574
6521,148.34329223632812,3.782625572057441e-05,0.0005668323137797415,38.1474494934082,0.000497299712151289,3.180762529373169,0.16116041701752692
6522,123.43582916259766,2.5573621314833872e-05,0.00034175949986092746,38.21012496948242,0.00048492391943000257,3.1754865646362305,0.1566585000255145
6523,94.56970977783203,1.6999885701807216e-05,5.959830014035106e-05,38.58306884765625,0.000483268202515319,3.1702260971069336,0.15573549998225644
6524,89.03672790527344,1.2746320862788707e-05,1.5178800822468475e-05,38.45228576660156,0.0004779193550348282,3.165036678314209,0.15394150000065565
6525,104.64177703857422,1.1810800970124546e-05,0.00018443810404278338,37.90933609008789,0.0004710755019914359,3.159935235977173,0.15858895797282457
6526,118.73001098632812,1.358755434921477e-05,0.000332027324475348,37.08150863647461,0.00047087017446756363,3.1549296379089355,0.1642508750082925
6527,115.16519927978516,1.6601177776465192e-05,0.00031248718732967973,35.99277877807617,0.0004626358859241009,3.1499922275543213,0.15878720802720636
6528,98.22911071777344,2.0929663151036948e-05,0.00014728207315783948,35.10923767089844,0.0004629869945347309,3.1451141834259033,0.16923804196994752
6529,84.22731018066406,2.3180611606221646e-05,1.754983895807527e-05,34.29960632324219,0.0004585465940181166,3.1402885913848877,0.18238541699247435
6530,83.48100280761719,2.2163505491334945e-05,1.831305053201504e-05,33.823368072509766,0.0004560997767839581,3.1355390548706055,0.1514546669786796
6531,92.30015563964844,1.8204043954028748e-05,0.00011307065142318606,33.6513557434082,0.0004552133032120764,3.130915641784668,0.1618076249724254
6532,99.48841094970703,1.2790195796696935e-05,0.00019509144476614892,33.64069366455078,0.00045059554395265877,3.1264662742614746,0.14953016699291766
6533,97.651123046875,9.652408152760472e-06,0.0001785985368769616,33.67643737792969,0.00045149592915549874,3.122236728668213,0.1598613749956712
6534,88.80204772949219,7.785286470607389e-06,9.876387775875628e-05,33.37187957763672,0.00044775247806683183,3.1182374954223633,0.15679633297258988
6535,80.38861846923828,8.141854777932167e-06,1.8772989278659225e-05,32.91116714477539,0.0004478596383705735,3.1144638061523438,0.15950970799895003
6536,78.1341552734375,9.28741428651847e-06,2.241813490400091e-06,32.33139419555664,0.00044649842311628163,3.1108951568603516,0.1635899159591645
6537,81.69548797607422,1.0727428161771968e-05,4.358075238997117e-05,31.781757354736328,0.0004448291438166052,3.1075077056884766,0.1599230410065502
6538,86.27348327636719,1.2397198588587344e-05,9.145038347924128e-05,31.372962951660156,0.0004451576096471399,3.1042871475219727,0.16497041698312387
6539,87.3921127319336,1.2305866221140604e-05,0.00010890632984228432,31.01927375793457,0.0004425161750987172,3.101224184036255,0.1642002910375595
6540,84.18414306640625,1.1670290405163541e-05,7.911112334113568e-05,30.84288787841797,0.0004426311352290213,3.09833025932312,0.1791024999693036
6541,79.20887756347656,9.141584087046795e-06,3.494969860184938e-05,30.80061912536621,0.00043999130139127374,3.09562349319458,0.16710374999092892
6542,75.78367614746094,6.936641511856578e-06,3.617090442276094e-06,30.830705642700195,0.0004389760142657906,3.093127489089966,0.1574360000086017
6543,75.4888916015625,5.288739885145333e-06,3.659839421743527e-06,30.837535858154297,0.00043756497325375676,3.090855360031128,0.15965970797697082
6544,77.4571533203125,4.547197022475302e-06,2.683364800759591e-05,30.72492218017578,0.00043594144517555833,3.0888025760650635,0.1520576669718139
6545,79.52542114257812,4.991208697902039e-06,4.947804700350389e-05,30.475770950317383,0.0004360272432677448,3.086951732635498,0.14724637498147786
6546,79.96862030029297,5.464256901177578e-06,5.792061710963026e-05,30.187252044677734,0.00043442880269140005,3.085275173187256,0.15048258297611028
6547,78.46223449707031,6.583029517059913e-06,4.451432323548943e-05,29.85974884033203,0.0004349274968262762,3.083749294281006,0.15359599998919293
6548,76.00975036621094,6.839341040176805e-06,2.3348507966147736e-05,29.613239288330078,0.0004337772261351347,3.0823540687561035,0.1556938749854453
6549,73.98238372802734,6.973424206080381e-06,4.993872153136181e-06,29.40591812133789,0.0004337973368819803,3.0810794830322266,0.15432529099052772
6550,73.2273178100586,6.305543138296343e-06,1.0793905858008657e-07,29.26692771911621,0.00043319043470546603,3.079922914505005,0.15925220801727846
6551,73.69358825683594,5.251794391369913e-06,7.3343289841432124e-06,29.18935203552246,0.00043245626147836447,3.0788872241973877,0.17412912502186373
6552,74.65972137451172,4.407208052725764e-06,1.8721373635344207e-05,29.1168155670166,0.00043230046867392957,3.0779762268066406,0.16089558298699558
6553,75.3016357421875,3.5703117191587808e-06,2.774782115011476e-05,29.04338264465332,0.0004312644014135003,3.0771875381469727,0.1628410829580389
6554,75.15647888183594,3.605310666898731e-06,2.7634905563900247e-05,28.878456115722656,0.00043153995648026466,3.076509952545166,0.1671392080024816
6555,74.26263427734375,3.66714084520936e-06,2.141785626008641e-05,28.672889709472656,0.0004308124480303377,3.075924873352051,0.16337845800444484
6556,73.05481719970703,4.301241915527498e-06,1.0916446626652032e-05,28.421194076538086,0.0004311185621190816,3.075411558151245,0.16074145899619907
6557,72.05490112304688,4.593324320012471e-06,3.128750449832296e-06,28.213674545288086,0.00043069024104624987,3.0749526023864746,0.16438725002808496
6558,71.56676483154297,4.741924840345746e-06,1.4190391084412113e-09,28.043420791625977,0.0004304900940041989,3.074537754058838,0.16354608297115192
6559,71.59300231933594,4.55635290563805e-06,2.0463630789890885e-06,27.919414520263672,0.0004301331646274775,3.074162721633911,0.15065475000301376
6560,71.90269470214844,4.014692422060762e-06,7.246778750413796e-06,27.835670471191406,0.0004294087993912399,3.0738282203674316,0.14604695804882795
6561,72.19160461425781,3.592194389057113e-06,1.1648309737211093e-05,27.756439208984375,0.00042911115451715887,3.0735368728637695,0.14506908296607435
6562,72.2364273071289,2.935722932306817e-06,1.4183206985762808e-05,27.705852508544922,0.00042818678775802255,3.073291301727295,0.14428366703214124
6563,71.95994567871094,2.745481651800219e-06,1.2781244549842086e-05,27.605510711669922,0.000428017636295408,3.0730903148651123,0.15229383303085342
6564,71.44406127929688,2.5160265977319796e-06,9.677609341451898e-06,27.491962432861328,0.00042732732254080474,3.0729284286499023,0.15580870903795585
6565,70.8514404296875,2.722026692936197e-06,5.238689482212067e-06,27.323291778564453,0.000427320774178952,3.0727953910827637,0.15757566702086478
6566,70.34173583984375,2.880833562812768e-06,2.006315753533272e-06,27.153749465942383,0.00042699274490587413,3.0726797580718994,0.16850633296417072
6567,70.00181579589844,3.0980406791059067e-06,1.856079165918345e-07,26.983537673950195,0.0004268991469871253,3.0725719928741455,0.16502800001762807
6568,69.83617401123047,3.1355016290035564e-06,1.6543913261557464e-07,26.839250564575195,0.00042666829540394247,3.0724668502807617,0.16038579103769735
6569,69.79015350341797,2.9812420052621746e-06,1.4205170373315923e-06,26.718570709228516,0.00042631407268345356,3.0723631381988525,0.15669270796934143
6570,69.78440856933594,2.8234569526830455e-06,2.870321850423352e-06,26.603654861450195,0.0004261137801222503,3.0722615718841553,0.16105520795099437
6571,69.751953125,2.496776460247929e-06,4.30940463047591e-06,26.50739288330078,0.00042563947499729693,3.07216477394104,0.1569193340255879
6572,69.65592956542969,2.36592836699856e-06,4.7559528866258916e-06,26.394834518432617,0.000425489095505327,3.0720739364624023,0.1613583750440739
6573,69.48539733886719,2.1400085188361118e-06,4.7965950216166675e-06,26.288936614990234,0.00042502794531174004,3.0719895362854004,0.15989079198334366
6574,69.2470703125,2.2183148757903837e-06,3.8100420169939753e-06,26.148691177368164,0.0004249554476700723,3.0719079971313477,0.15530629199929535
6575,68.97052764892578,2.241813490400091e-06,2.755168907242478e-06,26.00788688659668,0.00042462939745746553,3.071824789047241,0.1453819170128554
6576,68.69351196289062,2.435375108689186e-06,1.4154068139760057e-06,25.853981018066406,0.00042454455979168415,3.0717344284057617,0.14668716699816287
6577,68.44889831542969,2.4753489924478345e-06,5.636707669509633e-07,25.722017288208008,0.00042422983096912503,3.07163405418396,0.1472564159776084
6578,68.25080871582031,2.473473841746454e-06,5.8908199207508005e-08,25.603029251098633,0.00042394542833790183,3.071523666381836,0.14866354200057685
6579,68.09606170654297,2.359515065109008e-06,2.5289011773566017e-08,25.501571655273438,0.00042356012272648513,3.0714054107666016,0.15904579201014712
6580,67.97868347167969,2.188586677220883e-06,3.7984051459716284e-07,25.409381866455078,0.0004231245256960392,3.0712828636169434,0.1592845000559464
6581,67.88936614990234,2.0696209048765013e-06,9.090400112654606e-07,25.315006256103516,0.0004227649187669158,3.0711591243743896,0.165699917008169
6582,67.81023406982422,1.920463773785741e-06,1.6630838217679411e-06,25.222122192382812,0.000422297598561272,3.0710363388061523,0.16146195802139118
6583,67.71917724609375,1.9237693322793348e-06,2.1102919163240585e-06,25.11216163635254,0.00042203604243695736,3.0709147453308105,0.15845112496754155
6584,67.60743713378906,1.8751388779492117e-06,2.553986632847227e-06,25.002717971801758,0.0004216180241201073,3.070793628692627,0.15544454101473093
6585,67.47403717041016,1.9993988189526135e-06,2.54256883636117e-06,24.87449836730957,0.00042145338375121355,3.0706703662872314,0.15702079195762053
6586,67.32125854492188,1.9955236894020345e-06,2.5608496798668057e-06,24.75653076171875,0.0004210909246467054,3.0705435276031494,0.1518721249885857
6587,67.1562728881836,2.090596353809815e-06,2.219735506514553e-06,24.633363723754883,0.0004209187754895538,3.0704116821289062,0.15774083300493658
6588,66.98067474365234,1.990475084312493e-06,1.9767076082644053e-06,24.532562255859375,0.0004205139121040702,3.0702764987945557,0.1620781250530854
6589,66.79959869384766,1.977713509404566e-06,1.4761790225747973e-06,24.427494049072266,0.00042026714072562754,3.0701394081115723,0.17173283296870068
6590,66.6183090209961,1.8445753084961325e-06,1.1408701539039612e-06,24.33441162109375,0.0004198535461910069,3.070003032684326,0.1513437500107102
6591,66.44206237792969,1.8226220390715753e-06,6.923585260665277e-07,24.232088088989258,0.00041958471410907805,3.069868564605713,0.17038787505589426
6592,66.27427673339844,1.7493423456471646e-06,4.361538685770938e-07,24.13394546508789,0.00041921783122234046,3.069736957550049,0.15714666596613824
6593,66.1167984008789,1.7718029994284734e-06,1.8787454791890923e-07,24.02579689025879,0.0004189503379166126,3.069607973098755,0.1513796669896692
6594,65.96907043457031,1.7760900163921178e-06,8.924467920223833e-08,23.918397903442383,0.0004186413425486535,3.0694806575775146,0.15967854199698195
6595,65.8283920288086,1.8219783441963955e-06,1.2933526249980787e-08,23.807266235351562,0.0004183763521723449,3.0693540573120117,0.15550654201069847
6596,65.69341278076172,1.8536530888013658e-06,9.555378710501827e-11,23.69904899597168,0.0004180898831691593,3.0692269802093506,0.16372400004183874
6597,65.56275939941406,1.855438881648297e-06,2.0123991362197557e-08,23.597436904907227,0.00041777765727601945,3.0690996646881104,0.16335024998988956
6598,65.43392944335938,1.8268087842443492e-06,3.953778104914818e-08,23.502117156982422,0.00041745181079022586,3.0689730644226074,0.16299341700505465
6599,65.30767822265625,1.7635613858146826e-06,1.000972247311438e-07,23.412992477416992,0.0004170831816736609,3.0688488483428955,0.3239553750026971
6600,65.18409729003906,1.7165446024591802e-06,1.4244329804569134e-07,23.32270050048828,0.00041675494867376983,3.06872820854187,0.17007604200625792
6601,65.0638427734375,1.6613932984910207e-06,2.566835632933362e-07,23.232545852661133,0.0004163948760833591,3.0686123371124268,0.168568791996222
6602,64.94532775878906,1.663698867560015e-06,3.182069576723734e-07,23.136512756347656,0.00041610622429288924,3.0685009956359863,0.16471525002270937
6603,64.82817077636719,1.6300432434945833e-06,4.581534653880226e-07,23.042747497558594,0.00041576605872251093,3.068394184112549,0.1619987910380587
6604,64.71266174316406,1.672012331255246e-06,5.225629138294607e-07,22.941434860229492,0.0004155177448410541,3.0682907104492188,0.14851729199290276
6605,64.6001968383789,1.6567868215133785e-06,7.007157023508626e-07,22.84525489807129,0.0004151918983552605,3.068189859390259,0.14627254102379084
6606,64.4924087524414,1.70251678355271e-06,8.126312991407758e-07,22.744482040405273,0.00041496410267427564,3.0680906772613525,0.14636929205153137
6607,64.39262390136719,1.650195372349117e-06,1.116050043492578e-06,22.65424156188965,0.0004146175633650273,3.067993402481079,0.14866458298638463
6608,64.30448913574219,1.674171016929904e-06,1.3888693501939997e-06,22.559101104736328,0.0004143908736295998,3.0678980350494385,0.15574133401969448
6609,64.23005676269531,1.578706587679335e-06,1.9459889699646737e-06,22.475889205932617,0.00041401697671972215,3.067805767059326,0.1548597090295516
6610,64.17274475097656,1.6100150332931662e-06,2.4888713596737944e-06,22.38175392150879,0.00041381100891157985,3.067716360092163,0.16880279197357595
6611,64.13658142089844,1.5044111023598816e-06,3.4362201404292136e-06,22.300365447998047,0.0004134215123485774,3.0676310062408447,0.162612457992509
6612,64.12657165527344,1.590411216056964e-06,4.4079588406020775e-06,22.199621200561523,0.00041327119106426835,3.0675480365753174,0.15769483399344608
6613,64.14772033691406,1.4848819773760624e-06,5.938366030022735e-06,22.118637084960938,0.0004128676082473248,3.0674681663513184,0.16769058298086748
6614,64.2114486694336,1.6142530512297526e-06,7.592248493892839e-06,22.015209197998047,0.0004127559077460319,3.0673890113830566,0.16074820898938924
6615,64.3488998413086,1.4776277339478838e-06,1.0315252438886091e-05,21.938512802124023,0.0004123109974898398,3.0673117637634277,0.16056537500116974
6616,64.59971618652344,1.6434642020612955e-06,1.3762564776698127e-05,21.833925247192383,0.0004122518585063517,3.0672338008880615,0.1719148749834858
6617,65.02906799316406,1.4319061847345438e-06,1.9442042685113847e-05,21.768627166748047,0.00041173043427988887,3.0671579837799072,0.16330395900877193
6618,65.72113037109375,1.6413254115832387e-06,2.719549047469627e-05,21.66366195678711,0.00041173791396431625,3.0670809745788574,0.15890745801152661
6619,66.80384063720703,1.3384781141212443e-06,3.947365621570498e-05,21.61175537109375,0.00041110868914984167,3.067007303237915,0.14702637499431148
6620,68.46849060058594,1.6515739389433293e-06,5.677952867699787e-05,21.500673294067383,0.000411247048759833,3.066932201385498,0.1461816669907421
6621,71.0427474975586,1.2395597650538548e-06,8.406367851421237e-05,21.464153289794922,0.0004104826948605478,3.066861629486084,0.14446583401877433
6622,75.05852508544922,1.7436708503737464e-06,0.00012460716243367642,21.33864974975586,0.0004108479479327798,3.0667874813079834,0.1513626659871079
6623,81.3280029296875,1.1567135516088456e-06,0.00018895315588451922,21.33001708984375,0.00040986997191794217,3.066718101501465,0.1518127080053091
6624,91.14200592041016,1.9466542653390206e-06,0.0002869594900403172,21.194957733154297,0.0004105643602088094,3.066641092300415,0.1547399580013007
6625,106.67620849609375,1.0426190328871598e-06,0.0004440857155714184,21.240009307861328,0.00040923358756117523,3.0665698051452637,0.15926191600738093
6626,131.51605224609375,2.330489678570302e-06,0.0006913113757036626,21.103681564331055,0.000410481879953295,3.0664849281311035,0.16511791700031608
6627,171.59527587890625,8.900456691662839e-07,0.0010938356863334775,21.262784957885742,0.0004085992695763707,3.066408157348633,0.1639105830108747
6628,236.43365478515625,3.138879947073292e-06,0.0017387811094522476,21.161352157592773,0.0004108030698262155,3.066307783126831,0.16267170902574435
6629,342.3083801269531,7.562593964394182e-07,0.0027986702043563128,21.555753707885742,0.0004080995568074286,3.0662174224853516,0.16266695800004527
6630,515.504150390625,5.19947298016632e-06,0.0045213778503239155,21.637338638305664,0.00041209053597413003,3.066082239151001,0.16643683396978304
6631,800.2599487304688,8.53759729579906e-07,0.0073679713532328606,22.54889488220215,0.0004082853556610644,3.0659520626068115,0.18619795801350847
6632,1264.0787353515625,1.1461503163445741e-05,0.011980473063886166,23.30808448791504,0.0004157718503847718,3.065730571746826,0.1661281669512391
6633,2015.2623291015625,2.1550322344410233e-06,0.01948610693216324,25.348342895507812,0.00041087763383984566,3.0654847621917725,0.1626676669693552
6634,3190.3115234375,3.387281685718335e-05,0.03116035833954811,28.31217384338379,0.0004257621185388416,3.0650453567504883,0.15006666700355709
6635,4957.654296875,1.2931272067362443e-05,0.04881737753748894,32.46798324584961,0.00042155582923442125,3.06447696685791,0.14748887496534735
6636,7329.810546875,0.0001208068206324242,0.07231485843658447,41.015750885009766,0.00045228670933283865,3.0635058879852295,0.14424454100662842
6637,10056.337890625,9.522080654278398e-05,0.09953183680772781,47.900386810302734,0.00045731058344244957,3.0621230602264404,0.14611487498041242
6638,11944.1455078125,0.000394269241951406,0.1179170086979866,61.883060455322266,0.0005113476072438061,3.0600368976593018,0.15512725000735372
6639,11622.45703125,0.0004399728786665946,0.11454207450151443,70.79969787597656,0.0005345310200937092,3.057138681411743,0.15728658298030496
6640,7897.5615234375,0.0007239271653816104,0.07700487971305847,67.44551849365234,0.0005723576177842915,3.053561210632324,0.15944125002715737
6641,2936.587890625,0.0006066667847335339,0.027506671845912933,70.01760864257812,0.0005523638101294637,3.0495822429656982,0.16665787500096485
6642,204.70175170898438,0.00032739079324528575,0.0005574938259087503,60.597747802734375,0.0005561553407460451,3.0460221767425537,0.1637987500289455
6643,1371.0152587890625,6.827703327871859e-05,0.012310800142586231,71.84159851074219,0.0006126597872935236,3.043787956237793,0.16028041701065376
6644,4218.2890625,1.4640377798968984e-08,0.04056341573596001,102.67149353027344,0.000592745142057538,3.043362855911255,0.15727974998299032
6645,5188.73046875,2.4068099264695775e-06,0.05010402575135231,101.07574462890625,0.0007701151189394295,3.044987916946411,0.15435299999080598
6646,3314.1962890625,2.937025601568166e-05,0.031731538474559784,77.419189453125,0.0006068635266274214,3.047849655151367,0.15378854202572256
6647,720.6071166992188,0.00017065944848582149,0.005835727788507938,52.758548736572266,0.0006720991223119199,3.0514423847198486,0.1568864590371959
6648,322.79107666015625,0.00043127956450916827,0.0016840421594679356,44.122371673583984,0.0006713653565384448,3.055158853530884,0.15332537499489263
6649,1898.3065185546875,0.0006217040354385972,0.017220843583345413,48.617576599121094,0.0006543424096889794,3.05863356590271,0.15610862500034273
6650,2791.802734375,0.000397093448555097,0.026185382157564163,56.180294036865234,0.0007737489067949355,3.0624125003814697,0.14799754100386053
6651,1796.9658203125,0.00035163224674761295,0.016354233026504517,57.300350189208984,0.0006907904171384871,3.0664334297180176,0.15028325002640486
6652,378.93170166015625,0.00013005750952288508,0.0021854352671653032,68.31192779541016,0.0007907049730420113,3.0712950229644775,0.1471517919562757
6653,361.5147399902344,4.4779568270314485e-05,0.0019211034523323178,81.51191711425781,0.0008341451757587492,3.0772464275360107,0.1626185000059195
6654,1367.314697265625,3.368229226907715e-05,0.011977237649261951,87.09561157226562,0.0007912702858448029,3.0841498374938965,0.1727960419957526
6655,1737.2607421875,1.6760874132160097e-05,0.015563667751848698,86.38089752197266,0.0009283689432777464,3.0921037197113037,0.1548544999677688
6656,992.1964111328125,0.00010404656495666131,0.008346536196768284,66.98146057128906,0.0008015667553991079,3.100412368774414,0.16885404201457277
6657,215.99032592773438,0.00018887287296820432,0.0005556714022532105,57.02555847167969,0.0008451033500023186,3.1087732315063477,0.16705983399879187
6658,382.640625,0.0002840428496710956,0.0021712584421038628,52.17923355102539,0.0008493126952089369,3.116889476776123,0.1610491249593906
6659,986.1014404296875,0.00035935951746068895,0.00818815641105175,52.42858123779297,0.0007892129360698164,3.124483346939087,0.1672328329877928
6660,1003.3963012695312,0.00023231252271216363,0.008405843749642372,52.940982818603516,0.0008663971675559878,3.131866216659546,0.1613387079560198
6661,455.66644287109375,0.00017957006639335304,0.003033851971849799,54.47761917114258,0.0007984661497175694,3.1390252113342285,0.16286104201572016
6662,151.41766357421875,9.402526484336704e-05,1.880693162092939e-06,59.573490142822266,0.0008225357159972191,3.146165609359741,0.15641070797573775
6663,415.0240783691406,4.7750931116752326e-05,0.00260802055709064,65.00308227539062,0.0008444383856840432,3.1533963680267334,0.16306783305481076
6664,726.9833984375,5.0333655963186175e-05,0.005803098902106285,64.63491821289062,0.0007700525457039475,3.160515308380127,0.15633008303120732
6665,603.048095703125,5.2185652748448774e-05,0.004571050871163607,59.642921447753906,0.0008108156034722924,3.16746187210083,0.14665254100691527
6666,251.28895568847656,0.00010602699330775067,0.0011631877860054374,50.63615036010742,0.0007373132393695414,3.173858404159546,0.14524520898703486
6667,143.61978149414062,0.0001574231282575056,0.00010286194446962327,45.309627532958984,0.0007228165050037205,3.17948055267334,0.1470283749513328
6668,341.38336181640625,0.0001780366146704182,0.0020807895343750715,43.1993408203125,0.0007230140035971999,3.184251546859741,0.15253087499877438
6669,494.111328125,0.00017896834469866008,0.0036634416319429874,42.92753601074219,0.0006694273324683309,3.1880977153778076,0.15452470898162574
6670,381.069580078125,0.00011216991697438061,0.002556578489020467,45.038841247558594,0.0006915589328855276,3.1912643909454346,0.15582691598683596
6671,173.99603271484375,7.005261431913823e-05,0.0005559074925258756,46.16850280761719,0.000652315269690007,3.1938600540161133,0.16312174999620765
6672,126.63391876220703,3.765561996260658e-05,9.879704884951934e-05,48.533382415771484,0.000644552696030587,3.1960272789001465,0.1642058749566786
6673,246.7538604736328,2.2861455363454297e-05,0.0012993848649784923,49.87541198730469,0.0006465381011366844,3.1978492736816406,0.1614031660137698
6674,341.05072021484375,2.6755897124530748e-05,0.0022992510348558426,48.16751480102539,0.0006028249044902623,3.199223756790161,0.16540295799495652
6675,286.5654602050781,3.491587995085865e-05,0.001766508910804987,45.23208236694336,0.0006119089666754007,3.2001142501831055,0.16337387502426282
6676,159.62518310546875,5.953021900495514e-05,0.0005488917813636363,41.2167854309082,0.0005756620084866881,3.200348377227783,0.1664547499967739
6677,103.7899169921875,8.025611896300688e-05,2.1443704554258147e-06,38.86836624145508,0.0005668150261044502,3.199855327606201,0.16134237503865734
6678,155.2702178955078,8.492056804243475e-05,0.0005305695813149214,37.719688415527344,0.000560015148948878,3.1986515522003174,0.1625047079869546
6679,225.09320068359375,7.258138066390529e-05,0.001263573532924056,37.82645034790039,0.0005365125834941864,3.1967954635620117,0.16573754197452217
6680,223.69659423828125,4.581695975502953e-05,0.0012624890077859163,38.638328552246094,0.0005422765389084816,3.194478988647461,0.14868337498046458
6681,158.09274291992188,2.776289329631254e-05,0.0006401033606380224,39.19347381591797,0.0005211264942772686,3.1918065547943115,0.14611333300126716
6682,100.28561401367188,1.8122755136573687e-05,6.820810085628182e-05,39.63842010498047,0.0005201410385780036,3.1888785362243652,0.14882945897988975
6683,100.11524963378906,1.6408426745329052e-05,8.174958929885179e-05,39.09907531738281,0.0005120036657899618,3.185715675354004,0.14959683298366144
6684,140.18373107910156,2.003093686653301e-05,0.0005066165467724204,37.7368049621582,0.0004978217766620219,3.1822805404663086,0.15593000000808388
6685,168.65664672851562,2.7191761546419002e-05,0.0007988562574610114,36.25485610961914,0.0004979697987437248,3.178555727005005,0.1566357080009766
6686,156.0665283203125,3.6204641219228506e-05,0.0006980099715292454,34.38926315307617,0.0004825580690521747,3.174483060836792,0.1642219999921508
6687,116.91163635253906,4.231518687447533e-05,0.000309225230012089,33.48992156982422,0.0004826767253689468,3.170078992843628,0.16758645902154967
6688,87.32544708251953,4.066133624291979e-05,3.08094167849049e-05,32.776180267333984,0.0004740219155792147,3.165381908416748,0.16635912499623373
6689,87.5635986328125,3.125100556644611e-05,4.793068001163192e-05,32.80622863769531,0.00046839198330417275,3.1604902744293213,0.16325033304747194
6690,108.40565490722656,1.9955248717451468e-05,0.00026445440016686916,33.34988021850586,0.0004661480779759586,3.155532121658325,0.16278533299919218
6691,125.84959411621094,1.1850163900817279e-05,0.0004538354987744242,33.5661506652832,0.0004571487952489406,3.1505939960479736,0.17690720898099244
6692,123.83731079101562,9.063896868610755e-06,0.00043405426549725235,33.69136047363281,0.00045834132470190525,3.1457436084747314,0.30220562499016523
6693,105.4456787109375,9.068204235518351e-06,0.00026570435147732496,32.914676666259766,0.00045053751091472805,3.1409783363342285,0.16108962503494695
6694,85.54115295410156,1.1839496437460184e-05,7.381648174487054e-05,31.9730281829834,0.0004500252543948591,3.1362903118133545,0.1505696250242181
6695,77.23193359375,1.5067539607116487e-05,2.1290361473802477e-08,31.07809829711914,0.00044644949957728386,3.1316583156585693,0.14417124999454245
6696,82.48440551757812,1.7627831766731106e-05,5.960566340945661e-05,30.397897720336914,0.00044363163760863245,3.127072811126709,0.14418616698822007
6697,93.32307434082031,1.8695593098527752e-05,0.00017151392239611596,29.939714431762695,0.00044362415792420506,3.122551202774048,0.14353862503776327
6698,99.88670349121094,1.617266570974607e-05,0.0002470625040587038,29.631240844726562,0.0004393194103613496,3.1181201934814453,0.15521333296783268
6699,97.48770141601562,1.2873038031102624e-05,0.00022693131177220494,29.507780075073242,0.00043999491026625037,3.113837957382202,0.15323445800459012
6700,88.49246215820312,8.526584679202642e-06,0.00014530385669786483,29.507375717163086,0.000436020374763757,3.109750509262085,0.15728829201543704
6701,78.78358459472656,6.517738256661687e-06,5.051650441600941e-05,29.456575393676758,0.0004362358304206282,3.1058943271636963,0.17116295802406967
6702,73.4631576538086,5.7951529015554115e-06,2.9557736525021028e-06,29.134170532226562,0.0004345389606896788,3.1022722721099854,0.1616508339648135
6703,73.96932983398438,6.56041538604768e-06,1.285123380512232e-05,28.651952743530273,0.00043376217945478857,3.0988659858703613,0.15718645800370723
6704,78.18031311035156,8.256546607299242e-06,5.8229492424288765e-05,28.125782012939453,0.00043405924225226045,3.0956506729125977,0.16256166598759592
6705,82.45862579345703,9.253658390662167e-06,0.00010605890565784648,27.69554328918457,0.00043231825111433864,3.092602491378784,0.16201887500938028
6706,83.95558166503906,1.033670469041681e-05,0.0001220547710545361,27.414289474487305,0.0004330214287620038,3.089714527130127,0.15970600000582635
6707,81.95928192138672,9.308133485319559e-06,0.00010766088962554932,27.186967849731445,0.0004307541239541024,3.0869877338409424,0.15566745796240866
6708,77.74373626708984,8.19466367829591e-06,6.745407881680876e-05,27.106842041015625,0.0004307202179916203,3.084439992904663,0.15398845804156736
6709,73.45294189453125,5.912249889661325e-06,2.880512511183042e-05,27.12293815612793,0.00042858265805989504,3.082092046737671,0.1548818330047652
6710,70.75946044921875,4.395953510538675e-06,3.956623004341964e-06,27.149948120117188,0.0004277425177861005,3.0799624919891357,0.1477661660173908
6711,70.25203704833984,3.547597771103028e-06,1.3178705557947978e-06,27.100414276123047,0.00042665074579417706,3.078054189682007,0.14803604100598022
6712,71.42893981933594,3.4916870390588883e-06,1.5936708223307505e-05,26.92147445678711,0.00042564625618979335,3.0763509273529053,0.14705150004010648
6713,73.24266052246094,4.311879820306785e-06,3.5857592592947185e-05,26.644502639770508,0.00042581214802339673,3.0748257637023926,0.1558087920420803
6714,74.64314270019531,4.887881914328318e-06,5.284392318571918e-05,26.38933563232422,0.0004248062032274902,3.07344913482666,0.162954457977321
6715,74.974365234375,5.736187176808016e-06,5.7243982155341655e-05,26.147266387939453,0.0004252908693160862,3.0722010135650635,0.16911308298585936
6716,74.1581039428711,5.377936759032309e-06,5.207032154430635e-05,25.99699592590332,0.00042416283395141363,3.0710699558258057,0.18596029200125486
6717,72.55093383789062,5.139303084433777e-06,3.727910007000901e-05,25.872112274169922,0.000424369762185961,3.070054531097412,0.19399766699643806
6718,70.72445678710938,4.08570485888049e-06,2.1723473764723167e-05,25.808883666992188,0.0004233465006109327,3.069157361984253,0.16332208301173523
6719,69.20828247070312,3.427386673138244e-06,8.084809451247565e-06,25.73700714111328,0.0004232005449011922,3.0683815479278564,0.17141358403023332
6720,68.31878662109375,2.7829405553347897e-06,1.1140359674755018e-06,25.67067527770996,0.0004225840966682881,3.067725658416748,0.16268720902735367
6721,68.09013366699219,2.635208375068032e-06,5.43449459655676e-07,25.539670944213867,0.0004223259165883064,3.06717848777771,0.1650859159999527
6722,68.35753631591797,2.9308228022273397e-06,4.833216280530905e-06,25.34435272216797,0.0004223678261041641,3.0667200088500977,0.16522937500849366
6723,68.8697738647461,3.288245807198109e-06,1.1936497685383074e-05,25.134431838989258,0.00042212867992930114,3.0663275718688965,0.16097404202446342
6724,69.36703491210938,3.85063731300761e-06,1.8150169125874527e-05,24.928220748901367,0.00042238732567057014,3.0659823417663574,0.15905820799525827
6725,69.65621185302734,3.7391721434687497e-06,2.303162546013482e-05,24.79714584350586,0.00042181985918432474,3.065674066543579,0.15100429201265797
6726,69.64205932617188,3.709724524014746e-06,2.40261488215765e-05,24.68800163269043,0.00042180472519248724,3.065399646759033,0.1509849579888396
6727,69.33621215820312,3.0664382393297274e-06,2.3077416699379683e-05,24.627073287963867,0.000420947588281706,3.0651612281799316,0.1475934999762103
6728,68.81062316894531,2.7789646992459893e-06,1.9023811546503566e-05,24.555269241333008,0.0004207507590763271,3.0649616718292236,0.14762716594850644
6729,68.17021179199219,2.230048721685307e-06,1.4453855328611098e-05,24.508346557617188,0.0004199347458779812,3.064803123474121,0.1564795000012964
6730,67.52002716064453,2.129731910827104e-06,9.21164064493496e-06,24.412160873413086,0.00041973727638833225,3.064682960510254,0.1536434160079807
6731,66.94699096679688,2.006315753533272e-06,5.215795226831688e-06,24.30232048034668,0.00041922464151866734,3.0645945072174072,0.15709912503371015
6732,66.49894714355469,2.2200908915692708e-06,2.1033706616435666e-06,24.149885177612305,0.0004191671614535153,3.0645265579223633,0.1644480830291286
6733,66.18710327148438,2.3975719614099944e-06,5.399399469752098e-07,23.99659538269043,0.000418967567384243,3.064467430114746,0.16517362499143928
6734,65.99203491210938,2.5488454866717802e-06,1.4210854715202004e-10,23.853424072265625,0.00041883712401613593,3.064409017562866,0.16394516703439876
6735,65.8834457397461,2.521702526792069e-06,3.3620744943618774e-07,23.736366271972656,0.0004186128790024668,3.0643484592437744,0.16006704204482958
6736,65.83720397949219,2.2985705072642304e-06,1.3905557807447622e-06,23.644290924072266,0.0004182400298304856,3.0642874240875244,0.16228674998274073
6737,65.82975769042969,2.1335611108952435e-06,2.645474751261645e-06,23.551210403442383,0.0004180063842795789,3.064228057861328,0.15666400000918657
6738,65.83570861816406,1.8751388779492117e-06,4.23450273956405e-06,23.46522331237793,0.00041759517625905573,3.0641725063323975,0.16560337494593114
6739,65.84016418457031,1.8261644072481431e-06,5.524052539840341e-06,23.35808753967285,0.00041747058276087046,3.0641207695007324,0.165341374988202
6740,65.83938598632812,1.6902508832572494e-06,7.061846190481447e-06,23.254549026489258,0.00041709630750119686,3.0640718936920166,0.16032154200365767
6741,65.82658386230469,1.846680675043899e-06,8.128254194161855e-06,23.120086669921875,0.00041708999196998775,3.064020872116089,0.14873524999711663
6742,65.79624938964844,1.858200334936555e-06,9.394894732395187e-06,22.992923736572266,0.0004167801816947758,3.063962697982788,0.14616095804376528
6743,65.74401092529297,2.098360027957824e-06,1.0011231097450946e-05,22.853435516357422,0.00041679615969769657,3.063892364501953,0.14589054201496765
6744,65.67556762695312,1.992830220842734e-06,1.0867662240343634e-05,22.752147674560547,0.0004163737175986171,3.063809394836426,0.15223304100800306
6745,65.60362243652344,2.043976337517961e-06,1.1275406905042473e-05,22.649810791015625,0.0004162187688052654,3.0637152194976807,0.15647799998987466
6746,65.5413589477539,1.7632447679716279e-06,1.2209871783852577e-05,22.57976531982422,0.00041564280400052667,3.063615083694458,0.15610233298502862
6747,65.4931869506836,1.767521325746202e-06,1.2811948181479238e-05,22.490568161010742,0.00041544673149473965,3.063511610031128,0.16320474998792633
6748,65.4619369506836,1.5305499800888356e-06,1.4020260096003767e-05,22.418458938598633,0.0004148839507251978,3.063408136367798,0.16127537499414757
6749,65.45925903320312,1.6391879853472346e-06,1.5071242160047404e-05,22.312355041503906,0.00041475865873508155,3.0633041858673096,0.16180249996250495
6750,65.49773406982422,1.4930278666724917e-06,1.6969424905255437e-05,22.227344512939453,0.00041424145456403494,3.0632004737854004,0.1595340829808265
6751,65.59424591064453,1.7142026536021149e-06,1.894693741633091e-05,22.108436584472656,0.00041419698391109705,3.063093423843384,0.16074324998771772
6752,65.77786254882812,1.5985397112672217e-06,2.2327683836920187e-05,22.013689041137695,0.00041371549014002085,3.0629825592041016,0.16217179194791242
6753,66.07194519042969,1.849759883043589e-06,2.6212357624899596e-05,21.893749237060547,0.0004137198266107589,3.0628647804260254,0.15792287496151403
6754,66.49905395507812,1.5991427062544972e-06,3.202545121894218e-05,21.821401596069336,0.00041315198177471757,3.0627434253692627,0.1625464159878902
6755,67.10429382324219,1.7721204130793922e-06,3.895409463439137e-05,21.719091415405273,0.0004131257883273065,3.0626187324523926,0.16042737499810755
6756,67.96066284179688,1.411013727192767e-06,4.912315125693567e-05,21.66213607788086,0.0004124511033296585,3.0624966621398926,0.151791249983944
6757,69.18606567382812,1.6632376400593785e-06,6.211275467649102e-05,21.555871963500977,0.0004125259001739323,3.06237530708313,0.15013449999969453
6758,70.9455795288086,1.3154084399502608e-06,8.133622031891719e-05,21.49798583984375,0.00041182429413311183,3.0622589588165283,0.14572337496792898
6759,73.46746826171875,1.733610929477436e-06,0.00010715188545873389,21.373619079589844,0.00041205305024050176,3.0621418952941895,0.14317624998511747
6760,77.11396026611328,1.309126673731953e-06,0.00014533259673044086,21.32508087158203,0.00041124707786366343,3.062028646469116,0.1518980420078151
6761,82.36615753173828,1.9224466996092815e-06,0.00019807992794085294,21.199434280395508,0.0004116648342460394,3.061911106109619,0.15495945804286748
6762,90.02574157714844,1.3181443137000315e-06,0.0002765467797871679,21.171138763427734,0.0004106810374651104,3.061795949935913,0.1531467919703573
6763,101.29335021972656,2.1771386400359916e-06,0.00038895668694749475,21.04574203491211,0.0004113423347007483,3.061673164367676,0.15960929199354723
6764,117.97505187988281,1.2160477353972965e-06,0.000557651452254504,21.085845947265625,0.00041002457146532834,3.0615553855895996,0.1512592500075698
6765,142.86012268066406,2.4320274860656355e-06,0.0008053249912336469,20.97752571105957,0.0004110689042136073,3.061429262161255,0.1555340419872664
6766,180.42410278320312,1.0566641321929637e-06,0.0011828833958134055,21.098527908325195,0.00040931571857072413,3.061312437057495,0.1575145840179175
6767,237.360107421875,3.059970367758069e-06,0.0017490959726274014,21.032527923583984,0.0004111197486054152,3.0611813068389893,0.1573511669994332
6768,324.6096496582031,1.0320559340470936e-06,0.002623042557388544,21.318410873413086,0.0004088376881554723,3.061058521270752,0.15394824999384582
6769,458.2181091308594,4.729472493636422e-06,0.003951800987124443,21.37148094177246,0.0004119357618037611,3.0609045028686523,0.16164579195901752
6770,664.2949829101562,1.2944374248036183e-06,0.006012808997184038,21.995201110839844,0.0004088948480784893,3.0607504844665527,0.16284541599452496
6771,979.578369140625,9.073589353647549e-06,0.009147318080067635,22.50434112548828,0.000414349022321403,3.0605320930480957,0.163233749975916
6772,1461.136474609375,2.594726765892119e-06,0.01396043598651886,23.788619995117188,0.0004104484978597611,3.060288906097412,0.18972445797408
6773,2175.521728515625,2.18492241401691e-05,0.021058334037661552,25.462278366088867,0.00042041376582346857,3.059915781021118,0.14505412499420345
6774,3209.992919921875,9.198620318784378e-06,0.03139488399028778,27.971288681030273,0.00041613500798121095,3.0594499111175537,0.14324025000678375
6775,4586.3046875,6.265792035264894e-05,0.04504226893186569,32.31411361694336,0.0004349787486717105,3.058732032775879,0.14795558399055153
6776,6257.6513671875,4.459070987650193e-05,0.06173725798726082,36.2053108215332,0.00043261927203275263,3.057757616043091,0.16580062499269843
6777,7795.34814453125,0.00018015361274592578,0.07687314599752426,43.47947311401367,0.0004653923097066581,3.056352138519287,0.15721829095855355
6778,8613.544921875,0.00018120316963177174,0.08500413596630096,48.251319885253906,0.0004675965174101293,3.0544426441192627,0.16124479100108147
6779,7727.625,0.00036536616971716285,0.0759107917547226,49.54327392578125,0.0005046596052125096,3.052055597305298,0.16800841595977545
6780,5213.16064453125,0.0003456358681432903,0.0507635623216629,53.074947357177734,0.0004916595062240958,3.0492453575134277,0.16178416699403897
6781,2065.799560546875,0.00029943883419036865,0.01941116340458393,43.53226089477539,0.0005120724090375006,3.0465071201324463,0.16262524999910966
6782,229.96966552734375,0.00014160592400003225,0.001182211097329855,47.85170364379883,0.0004973626346327364,3.0443472862243652,0.1623906249878928
6783,562.9537353515625,2.825752380886115e-05,0.004505520686507225,58.35456466674805,0.0005122136208228767,3.0433478355407715,0.16482704202644527
6784,2188.62060546875,6.26834037120716e-07,0.02061835490167141,67.01332092285156,0.0005970902275294065,3.043945789337158,0.16178329102694988
6785,3384.0048828125,1.5895093383733183e-06,0.032630715519189835,68.81526184082031,0.0005195928388275206,3.0458712577819824,0.1576612499775365
6786,2973.57275390625,2.770262653939426e-05,0.028560485690832138,53.95783996582031,0.0006079602753743529,3.048893451690674,0.15344070800347254
6787,1462.9764404296875,0.00019094276649411768,0.013511521741747856,40.03485870361328,0.0005269506946206093,3.052147626876831,0.29250562499510124
6788,253.0451202392578,0.0003247173153795302,0.0012645567767322063,36.33428955078125,0.0005778342019766569,3.055386781692505,0.1488821250386536
6789,357.7904968261719,0.0003603545483201742,0.0022351574152708054,38.285560607910156,0.0005995372775942087,3.058561325073242,0.15122858301037923
6790,1287.9229736328125,0.00029516351060010493,0.011584168300032616,42.60268783569336,0.0005738704348914325,3.0617525577545166,0.1510985410423018
6791,1802.51953125,9.79965043370612e-05,0.016742635518312454,51.826866149902344,0.0006662936066277325,3.0656368732452393,0.153846750035882
6792,1370.64697265625,5.7720288168638945e-05,0.012471630237996578,57.38228988647461,0.0006032976671122015,3.0702064037323,0.15553270798409358
6793,512.347412109375,1.5010215065558441e-05,0.0037822588346898556,63.4246940612793,0.0006919584120623767,3.0757477283477783,0.16578533401479945
6794,129.92373657226562,2.1428892068797722e-05,1.0359349289501552e-06,60.026668548583984,0.0006765059079043567,3.082047939300537,0.1687927910243161
6795,455.91107177734375,5.2738250815309584e-05,0.0033236152958124876,52.97666549682617,0.0006529905367642641,3.088756561279297,0.16314924997277558
6796,940.3740844726562,8.231102401623502e-05,0.008136933669447899,47.69859313964844,0.0007075104513205588,3.0957064628601074,0.16077820805367082
6797,974.23828125,0.00018483334861230105,0.008490607142448425,42.868839263916016,0.000638253812212497,3.102372884750366,0.1634687500190921
6798,538.0391845703125,0.00019022852939087898,0.0040953452698886395,40.474884033203125,0.0006900689331814647,3.108769655227661,0.1640680000418797
6799,159.0267333984375,0.00019323104061186314,0.0003394011000636965,39.835235595703125,0.0006592827849090099,3.1147961616516113,0.1593413749942556
6800,202.64430236816406,0.00013344678154680878,0.0008246958605013788,41.416446685791016,0.0006541358889080584,3.1205782890319824,0.16261300002224743
6801,502.50537109375,6.030533040757291e-05,0.0038156756199896336,46.03040313720703,0.0006887689814902842,3.1263809204101562,0.15205274999607354
6802,651.876708984375,4.0075105061987415e-05,0.005350491963326931,49.1290283203125,0.0006369099719449878,3.1321511268615723,0.14888887503184378
6803,484.595703125,2.4766848582657985e-05,0.0036454254295676947,49.74936294555664,0.0006782712880522013,3.137953519821167,0.14710562501568347
6804,211.81105041503906,4.346278728917241e-05,0.0009976710425689816,44.8817253112793,0.0006281594978645444,3.143509864807129,0.14726987504400313
6805,110.88004302978516,6.931324605830014e-05,1.8503315004636534e-05,40.01791763305664,0.0006208046688698232,3.148613929748535,0.15259524999419227
6806,230.14837646484375,9.556776785757393e-05,0.001217008219100535,37.017398834228516,0.0006187338149175048,3.1531100273132324,0.18656658299732953
6807,384.0035095214844,0.00012112149124732241,0.0027828507591038942,35.4384651184082,0.0005816781194880605,3.1568222045898438,0.16056349995778874
6808,389.7331237792969,9.944506746251136e-05,0.0028400919400155544,35.809120178222656,0.0005997029948048294,3.1598641872406006,0.1701741660363041
6809,255.36224365234375,8.029243326745927e-05,0.001551879453472793,35.78839111328125,0.0005635665147565305,3.162255048751831,0.16011683299439028
6810,123.36004638671875,4.510242797550745e-05,0.0002454985224176198,37.42689895629883,0.0005687305820174515,3.1641833782196045,0.16062633303226903
6811,105.99394226074219,2.4394503270741552e-05,8.721422636881471e-05,38.98202133178711,0.000558510422706604,3.1657612323760986,0.16648716595955193
6812,185.40621948242188,1.7080588804674335e-05,0.0009047681814990938,39.33366775512695,0.0005388766876421869,3.167003870010376,0.1609654999920167
6813,261.67755126953125,1.64113243954489e-05,0.0016671388875693083,38.693748474121094,0.0005462877452373505,3.1679227352142334,0.18463370797690004
6814,260.5169982910156,2.888579729187768e-05,0.0017017191275954247,35.9564208984375,0.0005150010110810399,3.1683547496795654,0.16387845802819356
6815,188.7791748046875,4.201020783511922e-05,0.0009870810899883509,33.81982421875,0.0005205023917369545,3.1682450771331787,0.16775366698857397
6816,112.36309814453125,5.6274035159731284e-05,0.00024423748254776,32.09779739379883,0.000502141541801393,3.16750431060791,0.16086304100463167
6817,87.36692810058594,5.596326445811428e-05,6.251478225749452e-06,31.455217361450195,0.0004969023284502327,3.1661667823791504,0.14952108298894018
6818,117.67160034179688,4.316779086366296e-05,0.0003239959478378296,31.613027572631836,0.0004934220341965556,3.164342164993286,0.14919599995482713
6819,163.7536163330078,2.8320293495198712e-05,0.0008078303071670234,32.18049240112305,0.00047958071809262037,3.1621315479278564,0.150622375018429
6820,182.94967651367188,1.610322760825511e-05,0.0009992229752242565,33.007747650146484,0.0004840932379011065,3.159682273864746,0.15173962502740324
6821,162.58590698242188,1.1585331776586827e-05,0.0008154649403877556,32.961612701416016,0.0004691925714723766,3.157022714614868,0.15274749998934567
6822,120.48019409179688,1.181940569949802e-05,0.0003987604286521673,32.3303337097168,0.0004709187778644264,3.154179334640503,0.15518233395414427
6823,86.51299285888672,1.650369267736096e-05,7.824828935554251e-05,30.899486541748047,0.00046138305333442986,3.1510987281799316,0.16515987500315532
6824,78.64835357666016,2.327943548152689e-05,9.396356290380936e-06,29.632461547851562,0.00045748314005322754,3.1477410793304443,0.16373916598968208
6825,94.07469177246094,2.8353291781968437e-05,0.00016888254322111607,28.82390022277832,0.00045527206384576857,3.1441004276275635,0.1679315830115229
6826,115.99447631835938,2.8414897315087728e-05,0.00040026631904765964,28.313426971435547,0.0004481292562559247,3.1401941776275635,0.16478366701630875
6827,127.51529693603516,2.3526259610662237e-05,0.0005191430100239813,28.395923614501953,0.0004485243989620358,3.1361143589019775,0.1594739580177702
6828,122.3914794921875,1.6453848729724996e-05,0.0004831015248782933,28.390796661376953,0.00044045140384696424,3.131934404373169,0.16252187499776483
6829,105.24026489257812,1.0950740033877082e-05,0.00031361772562377155,28.69775390625,0.00044085661647841334,3.1277568340301514,0.16413220902904868
6830,86.32071685791016,7.588307198602706e-06,0.00013440004840958863,28.604948043823242,0.00043516934965737164,3.1236307621002197,0.16200275003211573
6831,74.26068878173828,6.865553586976603e-06,1.8209129848401062e-05,28.338207244873047,0.0004341501335147768,3.1195883750915527,0.1571080000139773
6832,72.44334411621094,7.873345566622447e-06,7.0036776378401555e-06,27.757614135742188,0.00043198023922741413,3.115626096725464,0.14778958301758394
6833,78.7080078125,9.914904694596771e-06,7.665365410503e-05,27.094863891601562,0.0004295628168620169,3.1117236614227295,0.14854083402315155
6834,87.7527084350586,1.2251562111487146e-05,0.00016948416305240244,26.576950073242188,0.0004300218424759805,3.107877254486084,0.15241858299123123
6835,94.29045104980469,1.2614726074389182e-05,0.0002417177747702226,26.161985397338867,0.000426952145062387,3.1040852069854736,0.15637779101962224
6836,95.32522583007812,1.1849342627101578e-05,0.000254104845225811,25.94416618347168,0.00042785637197084725,3.100384473800659,0.15983874996891245
6837,91.06864929199219,9.042375495482702e-06,0.00021913387172389776,25.790929794311523,0.0004246009048074484,3.0968070030212402,0.16087266599060968
6838,83.71931457519531,6.976572421990568e-06,0.00014738625031895936,25.762733459472656,0.0004252029466442764,3.093400478363037,0.16678712499560788
6839,76.14068603515625,5.073573902336648e-06,7.685835589654744e-05,25.6494197845459,0.000422980694565922,3.0901875495910645,0.16358366701751947
6840,70.5245361328125,4.599202384270029e-06,2.283296453242656e-05,25.460594177246094,0.00042320729698985815,3.0871801376342773,0.1806304170168005
6841,67.9432373046875,4.7882440412649885e-06,9.02686281278875e-07,25.12470054626465,0.00042249439866282046,3.0843665599823,0.16386495804181322
6842,68.26438903808594,5.653121206705691e-06,7.383483080047881e-06,24.738828659057617,0.0004222189891152084,3.0817253589630127,0.1648361660190858
6843,70.54370880126953,6.765963917132467e-06,3.2163221476366743e-05,24.401227951049805,0.00042249562102369964,3.079237461090088,0.16267125000013039
6844,73.50726318359375,6.994846899033291e-06,6.514401320600882e-05,24.145179748535156,0.0004214819928165525,3.076889753341675,0.16269208397716284
6845,76.01956176757812,6.839652996859513e-06,9.145493822870776e-05,24.02322006225586,0.00042166883940808475,3.074688673019409,0.16017283301334828
6846,77.4000244140625,5.373790827434277e-06,0.00010916524479398504,23.961076736450195,0.0004198503738734871,3.0726449489593506,0.16298912494676188
6847,77.42546081542969,4.405206254887162e-06,0.00011027407163055614,23.975481033325195,0.0004198205133434385,3.0707783699035645,0.15434379200451076
6848,76.29681396484375,3.157917035423452e-06,0.00010233066132059321,23.952308654785156,0.0004179564712103456,3.0690958499908447,0.1458044580067508
6849,74.3713607788086,2.968083435916924e-06,8.384959073737264e-05,23.879396438598633,0.00041810196125879884,3.067598342895508,0.14570187497884035
6850,72.08326721191406,2.7924943424295634e-06,6.393351941369474e-05,23.728221893310547,0.0004168244486209005,3.0662691593170166,0.14922941598342732
6851,69.81291198730469,3.3728729249560274e-06,4.237414395902306e-05,23.525251388549805,0.00041712960228323936,3.0650880336761475,0.15198233403498307
6852,67.86408996582031,3.701463356264867e-06,2.5273686333093792e-05,23.321487426757812,0.0004164508718531579,3.064030647277832,0.1523470829706639
6853,66.38489532470703,4.12531790061621e-06,1.1705338692991063e-05,23.1449031829834,0.00041656926623545587,3.0630810260772705,0.1611545829800889
6854,65.4112319946289,3.903214746969752e-06,3.904628101736307e-06,23.024625778198242,0.0004160582029726356,3.0622310638427734,0.1649207920418121
6855,64.89231872558594,3.456802005530335e-06,2.870029334189894e-07,22.943321228027344,0.000415746180806309,3.061480760574341,0.16073712502839044
6856,64.75151824951172,2.8529791507025948e-06,4.7213711695803795e-07,22.88694190979004,0.0004153206537012011,3.060832977294922,0.1626648330129683
6857,64.88961791992188,2.3454363144992385e-06,3.435336338952766e-06,22.82489776611328,0.00041486643021926284,3.0602872371673584,0.16357925004558638
6858,65.2028579711914,2.1907035261392593e-06,7.818583981133997e-06,22.724760055541992,0.00041477169725112617,3.0598368644714355,0.16017312498297542
6859,65.61088562011719,2.1391367681644624e-06,1.3605576896225102e-05,22.59317398071289,0.0004144324630033225,3.059467315673828,0.15976549999322742
6860,66.06723022460938,2.486615130692371e-06,1.929514473886229e-05,22.423851013183594,0.0004146520223002881,3.0591611862182617,0.164626625017263
6861,66.56079864501953,2.6149284622078994e-06,2.5993100280174986e-05,22.265949249267578,0.0004143404948990792,3.0589003562927246,0.16133954201359302
6862,67.08329010009766,2.9635668852279196e-06,3.213618401787244e-05,22.11795997619629,0.00041455356404185295,3.0586726665496826,0.15723991696722806
6863,67.63279724121094,2.70592295237293e-06,3.942274270229973e-05,22.021366119384766,0.0004139856609981507,3.058471441268921,0.1468215830391273
6864,68.22074890136719,2.666067302925512e-06,4.6193748858058825e-05,21.938556671142578,0.0004139620577916503,3.0582971572875977,0.14437245798762888
6865,68.88167572021484,2.084395873680478e-06,5.4644147894578055e-05,21.896390914916992,0.0004131243040319532,3.058152198791504,0.1457905420102179
6866,69.66084289550781,2.0284965103201102e-06,6.3211155065801e-05,21.8289737701416,0.00041307901847176254,3.0580384731292725,0.14931450004223734
6867,70.64712524414062,1.615161977497337e-06,7.487724360544235e-05,21.771650314331055,0.0004122623067814857,3.0579540729522705,0.1566829169751145
6868,71.91432189941406,1.8452229824106325e-06,8.824592805467546e-05,21.661516189575195,0.0004124369297642261,3.0578935146331787,0.1547192910220474
6869,73.55873107910156,1.6280653198919026e-06,0.00010653577919583768,21.568645477294922,0.0004117370117455721,3.0578489303588867,0.16077470796881244
6870,75.74220275878906,2.0871505057584727e-06,0.000128923449665308,21.430065155029297,0.000412110734032467,3.0578107833862305,0.16279625002061948
6871,78.70741271972656,1.8088076103595085e-06,0.00016043326468206942,21.344512939453125,0.0004113868926651776,3.0577731132507324,0.16877566697075963
6872,82.7290267944336,2.2697440726915374e-06,0.0002009964664466679,21.221757888793945,0.0004118064825888723,3.0577311515808105,0.161999250005465
6873,88.27857971191406,1.6879270106073818e-06,0.0002584482717793435,21.178150177001953,0.0004108681168872863,3.0576863288879395,0.16385291697224602
6874,96.0673828125,2.11895962820563e-06,0.00033635093132033944,21.083600997924805,0.0004113679751753807,3.057638645172119,0.16354199999477714
6875,107.18141174316406,1.3699682313017547e-06,0.00044952851021662354,21.06819725036621,0.0004102337406948209,3.0575923919677734,0.16151941701536998
6876,123.06053161621094,2.0634515749407e-06,0.0006077448488213122,20.973623275756836,0.00041106081334874034,3.057544469833374,0.16417729202657938
6877,145.99400329589844,1.264771071873838e-06,0.0008391229202970862,20.97716522216797,0.00040978071046993136,3.057495594024658,0.1558553749928251
6878,179.2781219482422,2.501676362953731e-06,0.0011703218333423138,20.8853702545166,0.00041110400343313813,3.0574355125427246,0.14417766698170453
6879,228.1798858642578,1.4232178955353447e-06,0.0016612642211839557,20.954092025756836,0.0004095706099178642,3.0573644638061523,0.14743095898302272
6880,300.04296875,3.4890144888777286e-06,0.002376043703407049,20.93996238708496,0.0004114970797672868,3.057269334793091,0.2901174580329098
6881,407.0303955078125,1.678029434515338e-06,0.003447379684075713,21.176055908203125,0.00040948556852526963,3.057154655456543,0.1586231660330668
6882,565.3821411132812,5.245239663054235e-06,0.00502247828990221,21.367753982543945,0.000412419845815748,3.0570032596588135,0.15351804101374
6883,802.0490112304688,2.2161848391988315e-06,0.007389065343886614,21.940176010131836,0.0004098063800483942,3.0568227767944336,0.15968483296455815
6884,1149.7677001953125,9.378824870509561e-06,0.010847482830286026,22.603363037109375,0.0004147816216573119,3.0565831661224365,0.1632595420232974
6885,1660.956298828125,4.490181254368508e-06,0.01595550961792469,23.78176498413086,0.0004117472853977233,3.056283473968506,0.16203020798275247
6886,2380.420654296875,2.2052525309845805e-05,0.023106520995497704,25.491313934326172,0.0004207202000543475,3.0558688640594482,0.1581457499996759
6887,3368.84814453125,1.493364561611088e-05,0.032977987080812454,27.7357234954834,0.00041820097249001265,3.0553088188171387,0.1667432080139406
6888,4582.7197265625,6.119917816249654e-05,0.045018792152404785,31.298620223999023,0.00043421483132988214,3.0545260906219482,0.16644241701578721
6889,5931.33154296875,5.8183108194498345e-05,0.05847153812646866,34.935306549072266,0.00043423945317044854,3.053433895111084,0.16323504102183506
6890,6957.72900390625,0.0001578646624693647,0.06856822967529297,39.19035339355469,0.00045929299085401,3.051994800567627,0.17044000001624227
6891,7230.30712890625,0.0001755117846187204,0.07123029977083206,43.73163604736328,0.00045994631364010274,3.050083875656128,0.16764829098246992
6892,6099.513671875,0.00027056876569986343,0.05982184037566185,41.62171936035156,0.00048651499673724174,3.0478851795196533,0.15575541695579886
6893,3887.2861328125,0.000248496129643172,0.03770717233419418,44.85265350341797,0.00046866812044754624,3.0454564094543457,0.15493995801080018
6894,1469.6241455078125,0.00018216887838207185,0.013638636097311974,38.459529876708984,0.000490841455757618,3.043321132659912,0.15012066601775587
6895,169.7238006591797,7.981034286785871e-05,0.0007004308863542974,43.54914474487305,0.00048150529619306326,3.041905403137207,0.1528720409842208
6896,459.1436462402344,1.6571077139815316e-05,0.0035619281698018312,52.01084899902344,0.0004928285488858819,3.041637420654297,0.15657224995084107
6897,1684.2384033203125,1.6704711924830917e-06,0.015717823058366776,56.75957107543945,0.0005552954389713705,3.042799472808838,0.17026608297601342
6898,2665.367431640625,9.686511475592852e-06,0.0256093367934227,54.756134033203125,0.00048709067050367594,3.0450215339660645,0.16133041703142226
6899,2532.70751953125,4.6035085688345134e-05,0.024276718497276306,44.34541320800781,0.0005608662613667548,3.0480873584747314,0.15196516696596518
6900,1487.853515625,0.00019889952091034502,0.013820556923747063,35.88907241821289,0.0005001893150620162,3.0512173175811768,0.16065112501382828
6901,403.7698669433594,0.00027574648265726864,0.0028720477130264044,33.941017150878906,0.0005504944710992277,3.054306745529175,0.15545633400324732
6902,149.4287872314453,0.000277685874607414,0.0003084961499553174,35.23558044433594,0.0005557500990107656,3.057349681854248,0.1521334580029361
6903,704.72119140625,0.000186039469554089,0.005924616474658251,39.3838005065918,0.0005427179858088493,3.0605533123016357,0.16476008400786668
6904,1332.9000244140625,5.029645035392605e-05,0.012174731120467186,48.7067756652832,0.0006169045809656382,3.064518928527832,0.15788412501569837
6905,1397.070068359375,2.6640098440111615e-05,0.012842744588851929,53.914451599121094,0.0005621713935397565,3.0692062377929688,0.1616377080208622
6906,863.6116943359375,8.110590897558723e-06,0.007418072782456875,56.33891296386719,0.0006465446786023676,3.074803113937378,0.16486050002276897
6907,276.600341796875,3.092863335041329e-05,0.0016481326892971992,48.71150588989258,0.0005998271517455578,3.080901622772217,0.14924504200462252
6908,123.0504150390625,7.018138421699405e-05,0.00013433925050776452,41.90330505371094,0.0006069504888728261,3.0871877670288086,0.14699637499870732
6909,414.5330810546875,0.00011320506018819287,0.003022726159542799,38.16078567504883,0.0006277918582782149,3.0934300422668457,0.1726373330457136
6910,744.4320068359375,0.0001721420994726941,0.006312588229775429,37.235511779785156,0.0005872340989299119,3.0992963314056396,0.15330537501722574
6911,741.3861694335938,0.00013860751641914248,0.006275024265050888,36.555233001708984,0.0006346768932417035,3.104933261871338,0.15436899999622256
6912,441.2919921875,0.0001224792213179171,0.0033277401234954596,37.21127700805664,0.000590587907936424,3.110274076461792,0.1621581669896841
6913,156.3966827392578,6.73992617521435e-05,0.000491987681016326,39.01752471923828,0.0006144045619294047,3.1155309677124023,0.16417183296289295
6914,130.14288330078125,3.632668449427001e-05,0.000233675425988622,42.00105667114258,0.0006114161224104464,3.120792865753174,0.1617024170118384
6915,312.63983154296875,2.6927593353320844e-05,0.0020813769660890102,43.1435661315918,0.0005866580759175122,3.1259989738464355,0.16160675004357472
6916,473.99371337890625,2.525630952732172e-05,0.003683643415570259,41.979103088378906,0.0006112463306635618,3.1311147212982178,0.1610662080347538
6917,455.3115234375,5.103381408844143e-05,0.003567223437130451,37.42349624633789,0.0005606228369288146,3.1358160972595215,0.1645653749583289
6918,287.4543151855469,7.269009074661881e-05,0.0018829434411600232,34.10737228393555,0.0005778357735835016,3.139979124069214,0.16057833400554955
6919,130.98043823242188,9.894403046928346e-05,0.00034055288415402174,31.910417556762695,0.0005512033239938319,3.1434168815612793,0.16480320796836168
6920,103.21926879882812,9.367995517095551e-05,7.832422852516174e-05,31.571626663208008,0.0005444722482934594,3.14613938331604,0.1608118750154972
6921,189.96832275390625,6.430580106098205e-05,0.0009630199056118727,32.69622802734375,0.0005453952471725643,3.1482906341552734,0.1637255839887075
6922,287.3759765625,3.9222402847371995e-05,0.0019744925666600466,34.02899169921875,0.0005197549471631646,3.1499621868133545,0.15561575000174344
6923,305.55419921875,1.8046712284558453e-05,0.002141763688996434,36.102108001708984,0.0005347104743123055,3.1513423919677734,0.14996058295946568
6924,238.050537109375,1.4076111256144941e-05,0.0015028140041977167,35.71882247924805,0.0005064270808361471,3.152400493621826,0.15128304105019197
6925,142.806884765625,1.53684159158729e-05,0.0005556826363317668,34.565521240234375,0.0005113626248203218,3.153127908706665,0.14864758297335356
6926,87.62548065185547,2.5196435672114603e-05,3.2041643862612545e-05,32.327247619628906,0.0004957442288286984,3.15340256690979,0.15297266701236367
6927,97.27778625488281,3.7651960155926645e-05,0.00014246688806451857,30.588499069213867,0.0004867740790359676,3.1531291007995605,0.15596704196650535
6928,146.27708435058594,4.443402940523811e-05,0.0006348061724565923,29.700969696044922,0.00048652099212631583,3.1522960662841797,0.1640121249947697
6929,188.15841674804688,4.399252065923065e-05,0.0010739456629380584,29.252702713012695,0.00047111898311413825,3.1509017944335938,0.1688657920458354
6930,191.69979858398438,3.298030060250312e-05,0.0011140991700813174,29.444990158081055,0.000475468608783558,3.1490790843963623,0.1620052499929443
6931,158.98561096191406,2.2246644221013412e-05,0.0008097694953903556,29.67458724975586,0.00046109402319416404,3.146904945373535,0.16642133303685114
6932,113.81333923339844,1.3964075151307043e-05,0.0003600242198444903,30.0849552154541,0.00046329552424140275,3.1445000171661377,0.16549637500429526
6933,82.460205078125,1.0624987226037774e-05,5.940703340456821e-05,29.94170570373535,0.0004551529127638787,3.1419007778167725,0.16403049998916686
6934,77.09774780273438,1.11691806523595e-05,1.5350195099017583e-05,29.311132431030273,0.00045134680112823844,3.139111042022705,0.1673084159847349
6935,93.15449523925781,1.4706025467603467e-05,0.00018359720706939697,28.39134407043457,0.0004493282758630812,3.1361095905303955,0.16407279198756441
6936,115.98568725585938,1.9566816263250075e-05,0.0004245794552844018,27.34963607788086,0.00044221425196155906,3.13284969329834,0.1577712080325
6937,130.6839599609375,2.3232296371133998e-05,0.0005721008055843413,26.804277420043945,0.00044346367940306664,3.1293461322784424,0.15665441600140184
6938,129.96420288085938,2.263856731588021e-05,0.0005779208149760962,26.295705795288086,0.00043612573063001037,3.125612497329712,0.1478888330166228
6939,115.6695327758789,1.8798824385157786e-05,0.00043780761188827455,26.33209800720215,0.00043676787754520774,3.1217381954193115,0.14344987500226125
6940,95.94035339355469,1.2967735528945923e-05,0.0002526929893065244,26.315265655517578,0.00043059009476564825,3.117795944213867,0.14577316597569734
6941,79.15706634521484,8.729674846108537e-06,8.777175389695913e-05,26.514179229736328,0.00042992745875380933,3.113874912261963,0.14992795803118497
6942,70.48587799072266,6.286997631832492e-06,7.4627314461395144e-06,26.445470809936523,0.0004266543546691537,3.1100237369537354,0.1563521249918267
6943,70.59294128417969,5.878674073755974e-06,1.3900889825890772e-05,26.139671325683594,0.0004247531178407371,3.1062614917755127,0.1525348339928314
6944,76.9118423461914,7.074840596033027e-06,8.115140371955931e-05,25.658803939819336,0.0004243041039444506,3.102585792541504,0.1697857910185121
6945,85.51324462890625,8.737777534406632e-06,0.00017379457131028175,25.0748233795166,0.00042185187339782715,3.098973035812378,0.15697670803638175
6946,92.60973358154297,1.0713376468629576e-05,0.0002459096140228212,24.652769088745117,0.00042294664308428764,3.095423936843872,0.15897866699378937
6947,95.79920196533203,1.0484402992005926e-05,0.00028418752481229603,24.30236053466797,0.00042029647738672793,3.09194016456604,0.16693216701969504
6948,94.5372314453125,9.589918590791058e-06,0.00027305298135615885,24.145357131958008,0.00042127587948925793,3.088561773300171,0.16848062502685934
6949,89.88497924804688,6.93695528752869e-06,0.0002329980197828263,24.036548614501953,0.0004185493162367493,3.0853219032287598,0.16118516598362476
6950,83.42564392089844,5.404785952123348e-06,0.00016945932293310761,24.013633728027344,0.00041925592813640833,3.082263231277466,0.16853566700592637
6951,76.81934356689453,3.9998972169996705e-06,0.00010802237375173718,23.879920959472656,0.0004173719498794526,3.0794014930725098,0.16054645797703415
6952,71.24555969238281,4.01755914936075e-06,5.383993629948236e-05,23.66533851623535,0.000417944771470502,3.07673978805542,0.16699191700899974
6953,67.40922546386719,4.3398968045949005e-06,1.9240724213887006e-05,23.329917907714844,0.0004172124608885497,3.0742599964141846,0.15022358403075486
6954,65.47126007080078,5.282710390019929e-06,2.0347833924461156e-06,22.994335174560547,0.0004174517816863954,3.0719406604766846,0.1483399579883553
6955,65.17877197265625,5.961919669061899e-06,1.3249964467831887e-06,22.717191696166992,0.0004173289053142071,3.069765090942383,0.14524037501541898
6956,66.06236267089844,5.879830496269278e-06,1.2572421837830916e-05,22.53947639465332,0.00041677666013129056,3.067728042602539,0.14762916701147333
6957,67.62213134765625,5.295595656207297e-06,2.9788432584609836e-05,22.46617889404297,0.00041647552279755473,3.0658392906188965,0.15491754200775176
6958,69.45722198486328,3.977992946602171e-06,5.096145468996838e-05,22.449613571166992,0.00041513663018122315,3.064112424850464,0.15058250003494322
6959,71.28521728515625,3.224785359634552e-06,7.01394455973059e-05,22.46092414855957,0.00041487874113954604,3.0625619888305664,0.15680533403065056
6960,72.95561218261719,2.4231121642515063e-06,8.946401067078114e-05,22.420026779174805,0.0004134687769692391,3.061188220977783,0.16732712503289804
6961,74.35543823242188,2.585709353297716e-06,0.00010409398964839056,22.315210342407227,0.00041372262057848275,3.0599822998046875,0.16181558300741017
6962,75.48587036132812,2.5732645099196816e-06,0.0001181305487989448,22.14909553527832,0.0004126639978494495,3.0589213371276855,0.16400333400815725
6963,76.3956298828125,3.3449077818659134e-06,0.00012773508206009865,21.95904541015625,0.00041328585939481854,3.057983875274658,0.16028062504483387
6964,77.18833923339844,3.329228547954699e-06,0.00013817417493555695,21.79884147644043,0.00041239161510020494,3.0571482181549072,0.16517029196256772
6965,77.95567321777344,3.7574047837551916e-06,0.00014623074093833566,21.665103912353516,0.0004129175504203886,3.056405544281006,0.16150620800908655
6966,78.80274963378906,3.0264891393017024e-06,0.0001572302426211536,21.593921661376953,0.0004118315991945565,3.0557518005371094,0.16102537501137704
6967,79.7940673828125,2.9242958135000663e-06,0.00016758991114329547,21.524328231811523,0.00041218314436264336,3.0551908016204834,0.16340120800305158
6968,81.11366271972656,2.065164380837814e-06,0.00018311294843442738,21.49212646484375,0.00041103721014223993,3.054722309112549,0.15535208297660574
6969,82.92424774169922,2.2051956420909846e-06,0.00020146997121628374,21.4010009765625,0.0004115573246963322,3.0543432235717773,0.1489402080187574
6970,85.42848205566406,1.7813365502661327e-06,0.00022881721088197082,21.30695915222168,0.0004106166888959706,3.0540406703948975,0.14812837500358
6971,88.90503692626953,2.4506537101842696e-06,0.00026371050626039505,21.14619255065918,0.00041142728878185153,3.053797960281372,0.14774462499190122
6972,93.80673217773438,2.206966200901661e-06,0.00031500414479523897,21.026845932006836,0.00041058778879232705,3.0535967350006104,0.15230133302975446
6973,100.618408203125,3.0537178190570557e-06,0.0003828866465482861,20.88287353515625,0.0004114150069653988,3.0534236431121826,0.1630790830240585
6974,110.06976318359375,2.3648283331567654e-06,0.00047976395580917597,20.828630447387695,0.00041028251871466637,3.053271532058716,0.3297136669862084
6975,123.08140563964844,3.0337521366163855e-06,0.000609179784078151,20.75822639465332,0.0004110182053409517,3.0531387329101562,0.1587151670246385
6976,141.3267822265625,1.8803661987476517e-06,0.0007940789801068604,20.783451080322266,0.00040947398520074785,3.053028106689453,0.16474595799809322
6977,167.11390686035156,2.677563770703273e-06,0.0010505102109164,20.749847412109375,0.0004104528925381601,3.0529401302337646,0.17867270804708824
6978,204.10665893554688,1.4813977031735703e-06,0.001422705827280879,20.822980880737305,0.00040864950278773904,3.0528743267059326,0.16344700002809986
6979,257.1944274902344,2.994017222590628e-06,0.0019506012322381139,20.80126190185547,0.00041033641900867224,3.052821636199951,0.16303283296292648
6980,334.35845947265625,1.6942829006438842e-06,0.002724101534113288,20.94226837158203,0.00040836617699824274,3.0527729988098145,0.16900958301266655
6981,445.80126953125,4.567046744341496e-06,0.0038323947228491306,21.003921508789062,0.0004110119480174035,3.052710771560669,0.17378658399684355
6982,608.5786743164062,2.474786469974788e-06,0.0054608904756605625,21.37277603149414,0.0004086932458449155,3.0526256561279297,0.16060945799108595
6983,843.172607421875,7.730169272690546e-06,0.00779381487518549,21.748497009277344,0.0004126962448935956,3.0524988174438477,0.14814083301462233
6984,1183.39892578125,4.056360921822488e-06,0.011194680817425251,22.54084014892578,0.0004098425852134824,3.0523219108581543,0.17104233300779015
6985,1661.5196533203125,1.4793470654694829e-05,0.0159481018781662,23.584550857543945,0.0004164552374277264,3.0520687103271484,0.14605029101949185
6986,2327.6162109375,9.326327017333824e-06,0.022602425888180733,25.107776641845703,0.000413331639720127,3.051713705062866,0.14712029095971957
6987,3187.92041015625,3.48912290064618e-05,0.031145883724093437,27.356094360351562,0.000424869213020429,3.0512149333953857,0.151669499988202
6988,4244.9951171875,3.038739123439882e-05,0.041698236018419266,29.877513885498047,0.0004225545562803745,3.05049991607666,0.15554762503597885
6989,5306.6953125,8.915307989809662e-05,0.05220315605401993,33.3093376159668,0.0004415466682985425,3.0495364665985107,0.16300412500277162
6990,6146.693359375,9.726738790050149e-05,0.06056131422519684,36.792572021484375,0.0004404319915920496,3.0481956005096436,0.17251925001619384
6991,6212.6591796875,0.0001821753103286028,0.06110089272260666,37.842926025390625,0.00046509498497471213,3.0465707778930664,0.15870458399876952
6992,5311.34326171875,0.0001931515143951401,0.05205215513706207,41.26008605957031,0.00045552963274531066,3.044584274291992,0.1589864999987185
6993,3433.13671875,0.0001994345075218007,0.03329280763864517,36.023738861083984,0.00047888883273117244,3.042614459991455,0.16613770904950798
6994,1436.88818359375,0.00014003287651576102,0.013385333120822906,38.851417541503906,0.00045500113628804684,3.040869951248169,0.16717787500238046
6995,227.1213836669922,6.353665958158672e-05,0.001337963156402111,39.17873001098633,0.0004779268056154251,3.0398690700531006,0.2237845420022495
6996,262.85638427734375,1.707615410850849e-05,0.001665815245360136,45.128177642822266,0.0004943906678818166,3.039973258972168,0.1755997920408845
6997,1167.593994140625,5.363846867112443e-06,0.010689586400985718,50.45802688598633,0.00047641011769883335,3.0412304401397705,0.17374608298996463
6998,2071.364990234375,8.309381883009337e-06,0.019695207476615906,47.41337966918945,0.0005360000068321824,3.043642282485962,0.17143170797498897
6999,2279.688720703125,6.491329986602068e-05,0.021866120398044586,39.843177795410156,0.00046742160338908434,3.0465426445007324,0.1665257919812575
7000,1620.48828125,0.0001299922587350011,0.01519867591559887,34.525360107421875,0.0005309609696269035,3.049755811691284,0.17007945803925395
7001,671.6875,0.00025444698985666037,0.0056324126198887825,32.7021484375,0.0005029939929954708,3.0527830123901367,0.15463179198559374
7002,129.28443908691406,0.00022308676852844656,0.00020820558711420745,33.15946960449219,0.0005299572949297726,3.0557820796966553,0.16101375001017004
7003,293.1979064941406,0.00012633236474357545,0.00189427868463099,36.50230407714844,0.0005463448469527066,3.059082269668579,0.16132849996211007
7004,842.2716064453125,5.7834458857541904e-05,0.007410435937345028,42.899845123291016,0.0005254473071545362,3.062886953353882,0.16520166699774563
7005,1203.576171875,7.778968210914172e-06,0.010911044664680958,51.3073616027832,0.0006038637366145849,3.0676283836364746,0.1648202920332551
7006,1081.9495849609375,1.369277924823109e-05,0.009767554700374603,49.32242965698242,0.0005450238240882754,3.073004722595215,0.15887049998855218
7007,603.5507202148438,2.1531655875151046e-05,0.004971176851540804,44.3194580078125,0.0005996040999889374,3.0789153575897217,0.16243074997328222
7008,187.831787109375,7.601415563840419e-05,0.0008708132081665099,36.80350112915039,0.0005634555709548295,3.08486008644104,0.15983620897168294
7009,124.7598876953125,0.00012811394117306918,0.0002166913473047316,33.50730514526367,0.0005677204462699592,3.090559482574463,0.15541362500516698
7010,362.88177490234375,0.00013713219959754497,0.002576387021690607,32.8575325012207,0.0005867231520824134,3.0959653854370117,0.16710487502859905
7011,608.7151489257812,0.00013197324005886912,0.0050631118938326836,33.881690979003906,0.0005532493814826012,3.100987434387207,0.1548122499953024
7012,620.2836303710938,6.973568815737963e-05,0.005185926798731089,35.43443298339844,0.0005928293685428798,3.1059179306030273,0.14613045897567645
7013,414.8236083984375,4.598818486556411e-05,0.003172581549733877,37.54684829711914,0.0005541978753171861,3.1107494831085205,0.1467872079811059
7014,181.13528442382812,2.3946746296132915e-05,0.0008182178717106581,39.225467681884766,0.0005769335548393428,3.1156015396118164,0.1455470829969272
7015,97.41059875488281,2.2948173864278942e-05,5.250701633485733e-06,38.392181396484375,0.0005619853036478162,3.120371103286743,0.148051124997437
7016,184.27906799316406,3.3897104003699496e-05,0.0009088461520150304,35.71540832519531,0.0005428934236988425,3.1248624324798584,0.15165291697485372
7017,325.4400634765625,4.782839823747054e-05,0.0023205182515084743,33.22385787963867,0.0005538155674003065,3.1289479732513428,0.1524566249572672
7018,388.36737060546875,7.506510155508295e-05,0.0029799104668200016,30.90396499633789,0.0005196584388613701,3.132373094558716,0.16467016603564844
7019,325.62371826171875,7.534318865509704e-05,0.0023429682478308678,30.24807357788086,0.0005354448803700507,3.1351635456085205,0.1698402080219239
7020,198.2831268310547,7.066656689858064e-05,0.0011048236628994346,29.79529571533203,0.0005093879299238324,3.1372852325439453,0.16296612500445917
7021,102.0281982421875,4.505200558924116e-05,0.00015686573169659823,30.676210403442383,0.0005116021493449807,3.1388988494873047,0.16218945902073756
7022,91.52774810791016,2.4305090846610256e-05,6.658746860921383e-05,32.017555236816406,0.000504209368955344,3.140139102935791,0.1639281670213677
7023,149.8032684326172,1.3721908544539474e-05,0.0006640411447733641,32.938621520996094,0.0004908834234811366,3.141071319580078,0.16856583300977945
7024,218.28567504882812,1.003840679913992e-05,0.0013440747279673815,33.15281295776367,0.0004972154856659472,3.1417465209960938,0.16420504200505093
7025,246.37368774414062,1.600101859366987e-05,0.001659787492826581,31.36895179748535,0.00047425879165530205,3.142031192779541,0.16424216597806662
7026,219.22853088378906,2.512229184503667e-05,0.0013888448011130095,29.70944595336914,0.00048122392036020756,3.1418702602386475,0.1705085000139661
7027,159.37733459472656,3.861703953589313e-05,0.0008107060566544533,28.003755569458008,0.00046441282029263675,3.141134738922119,0.148890666954685
7028,102.80201721191406,4.20542637584731e-05,0.0002476999943610281,27.26030731201172,0.00046566282981075346,3.139847993850708,0.14852087502367795
7029,76.8925552368164,3.57313547283411e-05,4.3979534893878736e-06,27.07271957397461,0.00045806902926415205,3.1380746364593506,0.15435066598001868
7030,86.6305923461914,2.3309930838877335e-05,0.00011581500439206138,27.490039825439453,0.00045228059752844274,3.135937213897705,0.152762999990955
7031,117.15634155273438,1.2703796528512612e-05,0.00042378396028652787,28.265674591064453,0.0004524189862422645,3.133579969406128,0.16670495801372454
7032,146.6285400390625,7.938371709315106e-06,0.0007303368765860796,28.518199920654297,0.0004428281099535525,3.1310536861419678,0.162406874995213
7033,158.58163452148438,7.716255822742824e-06,0.0008496813243255019,28.24748992919922,0.0004459439078345895,3.1283957958221436,0.16121741698589176
7034,149.37371826171875,1.133472778747091e-05,0.0007762419409118593,27.001747131347656,0.0004361430765129626,3.125535488128662,0.1548370830132626
7035,125.60456085205078,1.762482861522585e-05,0.0005402236711233854,25.993358612060547,0.00043826355249620974,3.122443437576294,0.158654083032161
7036,98.70376586914062,2.2726000679540448e-05,0.00028170106816105545,25.025508880615234,0.0004323555331211537,3.119077205657959,0.15738458302803338
7037,78.27252197265625,2.3052225515129976e-05,8.080812403932214e-05,24.696046829223633,0.0004319043946452439,3.115480661392212,0.16513129201484844
7038,69.4460220336914,1.7977399693336338e-05,1.6520334611414e-06,24.656005859375,0.00042827072320505977,3.111731767654419,0.17509491695091128
7039,72.1087646484375,1.1237410944886506e-05,3.5649456549435854e-05,24.917444229125977,0.0004250263737048954,3.1079354286193848,0.1638778339838609
7040,82.22966003417969,6.465800197474891e-06,0.00013899935584049672,25.29664421081543,0.0004238649853505194,3.1041922569274902,0.16744925000239164
7041,94.321044921875,4.206583980703726e-06,0.0002663420746102929,25.281978607177734,0.00041984202107414603,3.1005451679229736,0.15823358303168789
7042,103.7185287475586,4.60073670183192e-06,0.00036139172152616084,25.030330657958984,0.00042088949703611434,3.097012519836426,0.14913908403832465
7043,108.10572052001953,6.194381967361551e-06,0.00041443223017267883,24.306074142456055,0.0004173698544036597,3.0935542583465576,0.14526366704376414
7044,107.05412292480469,9.415367458132096e-06,0.0004042639338877052,23.75350570678711,0.0004193269123788923,3.0901520252227783,0.14368104096502066
7045,101.64949798583984,1.1009597983502317e-05,0.00035627023316919804,23.232248306274414,0.00041689269710332155,3.086780548095703,0.15389262500684708
7046,93.49772644042969,1.1247403563174885e-05,0.00027581772883422673,22.986743927001953,0.00041804462671279907,3.0834710597991943,0.152730125002563
7047,84.55406951904297,8.446017091046087e-06,0.00019291962962597609,22.860477447509766,0.0004155702772550285,3.0802621841430664,0.15554937504930422
7048,76.4700927734375,5.823885658173822e-06,0.00011406154953874648,22.911842346191406,0.00041569711174815893,3.0772178173065186,0.16684316599275917
7049,70.32614135742188,3.518915946187917e-06,5.6410044635413215e-05,22.937162399291992,0.000413960893638432,3.07437801361084,0.15861220797523856
7050,66.35960388183594,2.8048589229001664e-06,1.8131890101358294e-05,22.857994079589844,0.00041407934622839093,3.0717618465423584,0.16204324999125674
7051,64.40765380859375,3.0043395327084e-06,1.8024002201855183e-06,22.555557250976562,0.00041371426777914166,3.0693533420562744,0.1672098750132136
7052,64.15775299072266,4.076553977938602e-06,2.084740117425099e-06,22.15081787109375,0.0004139080992899835,3.0671188831329346,0.15507187496405095
7053,65.22148132324219,5.5470513871114235e-06,1.4473804185399786e-05,21.7806453704834,0.0004143875266890973,3.0650253295898438,0.1599029169883579
7054,67.12918853759766,6.219924216566142e-06,3.5809069231618196e-05,21.518306732177734,0.00041407981188967824,3.063051462173462,0.16239012504229322
7055,69.44093322753906,6.130461770226248e-06,6.00778148509562e-05,21.40590476989746,0.00041414203587919474,3.06120228767395,0.16487291699741036
7056,71.92051696777344,4.5507567847380415e-06,8.802210504654795e-05,21.389150619506836,0.0004127408319618553,3.059495449066162,0.15901687496807426
7057,74.51554870605469,3.355817852934706e-06,0.00011469391029095277,21.466938018798828,0.00041243640589527786,3.05795955657959,0.14662445802241564
7058,77.2445068359375,2.0682491594925523e-06,0.00014462065882980824,21.497020721435547,0.0004107859276700765,3.056607484817505,0.2942468330147676
7059,80.12578582763672,1.9945134681620402e-06,0.00017358090553898364,21.462339401245117,0.0004110590380150825,3.0554394721984863,0.1491837920038961
7060,83.27613067626953,1.906611942104064e-06,0.00020799234334845096,21.298898696899414,0.00040987334796227515,3.054429769515991,0.15262791700661182
7061,86.86935424804688,2.9238881324999966e-06,0.0002441108226776123,21.088512420654297,0.00041077364585362375,3.0535497665405273,0.15280149999307469
7062,91.25300598144531,3.1857291560299927e-06,0.00029055713093839586,20.890911102294922,0.0004098780918866396,3.052765369415283,0.1583390409941785
7063,96.76133728027344,4.136220923101064e-06,0.0003452503588050604,20.74763298034668,0.0004107504209969193,3.0520620346069336,0.16880400001537055
7064,103.90113830566406,3.2759357964096125e-06,0.00041945630800910294,20.682401657104492,0.00040945506771095097,3.0514326095581055,0.16298508300678805
7065,113.2757568359375,3.3187961889780127e-06,0.0005127742770127952,20.659500122070312,0.00041006950777955353,3.0508882999420166,0.15868654201040044
7066,125.92356872558594,1.949649231391959e-06,0.0006419625715352595,20.692176818847656,0.0004084017709828913,3.050434112548828,0.16016958298860118
7067,143.1331787109375,2.27621421799995e-06,0.0008129613706842065,20.66750717163086,0.000409419066272676,3.050075054168701,0.15836533304536715
7068,167.02923583984375,1.47444143294706e-06,0.0010544549440965056,20.651960372924805,0.00040784323937259614,3.0497963428497314,0.16033237503143027
7069,200.19541931152344,2.8164504328742623e-06,0.0013840864412486553,20.545516967773438,0.0004095961048733443,3.0495800971984863,0.15922191698336974
7070,246.98255920410156,2.2286249077296816e-06,0.0018543744226917624,20.508007049560547,0.0004081423394382,3.04939603805542,0.16041308303829283
7071,312.9301452636719,4.640711722458946e-06,0.0025095888413488865,20.473926544189453,0.0004103325481992215,3.0492260456085205,0.1493979159859009
7072,407.2500915527344,3.103078370259027e-06,0.003454830963164568,20.608427047729492,0.00040848267963156104,3.0490520000457764,0.17870562500320375
7073,541.0926513671875,6.200317329785321e-06,0.004785445053130388,20.822269439697266,0.00041105871787294745,3.0488734245300293,0.14966512500541285
7074,733.6713256835938,3.31488831761817e-06,0.006712355650961399,21.260730743408203,0.0004084355023223907,3.0486834049224854,0.1512599159614183
7075,1005.8992309570312,8.384462489630096e-06,0.009419896639883518,21.823381423950195,0.0004124775296077132,3.048483371734619,0.15453212498687208
7076,1393.177734375,4.879451807937585e-06,0.013290722854435444,22.68239974975586,0.0004093521274626255,3.048248052597046,0.1580455420189537
7077,1922.2015380859375,1.6617210349068046e-05,0.01854984275996685,23.895776748657227,0.0004165982536505908,3.047959327697754,0.16367783403256908
7078,2634.76220703125,1.3373527508520056e-05,0.025666140019893646,25.432708740234375,0.0004137814976274967,3.0475504398345947,0.160363708040677
7079,3503.958984375,4.22423254349269e-05,0.03429417312145233,27.7182559967041,0.00042599395965225995,3.046996593475342,0.16208258300321177
7080,4494.1123046875,4.335754056228325e-05,0.04417023807764053,30.318143844604492,0.0004243424627929926,3.0461807250976562,0.16418541700113565
7081,5346.4912109375,9.990685066441074e-05,0.05259271338582039,32.947265625,0.0004428157117217779,3.0451321601867676,0.16306195798097178
7082,5821.09765625,0.00011385285324649885,0.05729370936751366,36.34819030761719,0.0004399338213261217,3.0437023639678955,0.16343458398478106
7083,5437.7939453125,0.00017025790293700993,0.05339005962014198,35.48845672607422,0.00046273740008473396,3.0420916080474854,0.1581042500329204
7084,4204.1513671875,0.0001724894973449409,0.04103681072592735,38.48600387573242,0.00044735346455127,3.0402536392211914,0.16305999999167398
7085,2368.319580078125,0.00014566908066626638,0.02272683195769787,33.89094924926758,0.0004717866249848157,3.038640022277832,0.16588045901153237
7086,778.4387817382812,9.08676374820061e-05,0.006870322860777378,37.18354797363281,0.0004513617022894323,3.037482261657715,0.15462541702436283
7087,98.0517578125,3.54994299414102e-05,7.518289203289896e-05,39.801002502441406,0.0004718252457678318,3.0372164249420166,0.1459076669998467
7088,447.73828125,1.0432358067191672e-05,0.003531032707542181,44.135032653808594,0.000494567328132689,3.0381057262420654,0.14852149999933317
7089,1325.62158203125,1.0329040378564969e-05,0.012323977425694466,45.69758987426758,0.00046493345871567726,3.0400047302246094,0.14609587501036003
7090,1983.15771484375,2.1897172700846568e-05,0.018874935805797577,41.409400939941406,0.0005206501809880137,3.0428404808044434,0.1528479169937782
7091,1965.407470703125,0.00010442019993206486,0.01873369701206684,35.227420806884766,0.0004636826924979687,3.045912027359009,0.16008804203011096
7092,1279.5325927734375,0.00015285745030269027,0.011795802973210812,32.508079528808594,0.0005215842393226922,3.049147129058838,0.15967770799761638
7093,479.1649475097656,0.00022625300334766507,0.003747208509594202,31.911226272583008,0.000499075569678098,3.052215576171875,0.16152495803544298
7094,103.92668151855469,0.00016050273552536964,2.9622104193549603e-05,33.01057434082031,0.0005190361989662051,3.0553784370422363,0.15674383303849027
7095,309.40106201171875,6.943834887351841e-05,0.0021080675069242716,37.66849136352539,0.0005398201174102724,3.0590200424194336,0.1518999999971129
7096,786.8533935546875,2.8285412554396316e-05,0.006884637754410505,43.6650505065918,0.0005189605872146785,3.063272714614868,0.15551783301634714
7097,1078.7666015625,4.276307663531043e-06,0.009704789146780968,48.93524169921875,0.000589248666074127,3.068423271179199,0.1593872499652207
7098,968.308837890625,1.917489498737268e-05,0.008694768883287907,43.88657760620117,0.0005302788922563195,3.0740389823913574,0.1649440000182949
7099,562.4193725585938,3.9232108974829316e-05,0.004629329778254032,37.977481842041016,0.000575857178773731,3.0799379348754883,0.1596796250087209
7100,195.25228881835938,0.00010473471775185317,0.0009767264127731323,32.62593460083008,0.0005448023439384997,3.085630178451538,0.18745725002372637
7101,108.19747161865234,0.00013985659461468458,8.171078661689535e-05,30.913911819458008,0.0005512682255357504,3.0909371376037598,0.16303016699384898
7102,285.77386474609375,0.0001204245345434174,0.0018619386246427894,31.079824447631836,0.0005645771743729711,3.0959208011627197,0.14857758401194587
7103,511.80865478515625,8.989525667857379e-05,0.0041631534695625305,32.945743560791016,0.000535580504219979,3.100606679916382,0.14870462502585724
7104,576.5341796875,3.7306763260858133e-05,0.004796501714736223,35.89915466308594,0.0005725415539927781,3.105301856994629,0.14498737500980496
7105,446.4924011230469,2.477871566952672e-05,0.003531486028805375,37.470184326171875,0.0005339575000107288,3.1099486351013184,0.14641416602535173
7106,236.2880096435547,1.774112752173096e-05,0.0014158794656395912,37.346046447753906,0.0005557991098612547,3.114572048187256,0.1544288329896517
7107,102.31466674804688,2.910404327849392e-05,0.00011915373033843935,34.238162994384766,0.0005325071979314089,3.1189463138580322,0.15570295799989253
7108,113.19566345214844,4.815708234673366e-05,0.00024979820591397583,31.208721160888672,0.0005219141021370888,3.1228573322296143,0.16438049997668713
7109,220.7317352294922,6.303498958004639e-05,0.0013222075067460537,29.587831497192383,0.0005261965561658144,3.126192092895508,0.1605552079854533
7110,319.1192626953125,7.479680789401755e-05,0.002327598398551345,28.787181854248047,0.0005009254673495889,3.128812074661255,0.16721808299189433
7111,331.2685546875,5.718987813452259e-05,0.0024485497269779444,29.285253524780273,0.0005140932044014335,3.1308517456054688,0.16634170798351988
7112,259.34552001953125,4.246575917932205e-05,0.0017673508264124393,29.535572052001953,0.0004882828798145056,3.13234281539917,0.16079175000777468
7113,158.72372436523438,2.2553002054337412e-05,0.0007606576546095312,30.799997329711914,0.0004960266523994505,3.1334664821624756,0.1677823329810053
7114,91.63349914550781,1.4127592294244096e-05,0.00010833481792360544,31.165510177612305,0.0004822174378205091,3.1342694759368896,0.1693175840191543
7115,84.84919738769531,1.180424715130357e-05,5.1254617574159056e-05,30.893627166748047,0.0004764969053212553,3.1347601413726807,0.16318858304293826
7116,125.13667297363281,1.4619296052842401e-05,0.00046272645704448223,29.89518165588379,0.00047506921691820025,3.1349000930786133,0.16705874999752268
7117,176.6654052734375,2.339461207157001e-05,0.0009997205343097448,28.348033905029297,0.00046005850890651345,3.134563446044922,0.1503435829654336
7118,205.25660705566406,3.0550581868737936e-05,0.0012832778738811612,27.366676330566406,0.0004650710034184158,3.1337318420410156,0.14606120804091915
7119,196.8297119140625,3.571354318410158e-05,0.0012169915717095137,26.506458282470703,0.0004505272663664073,3.1323485374450684,0.14586833299836144
7120,159.0725555419922,3.057166759390384e-05,0.0008424828411079943,26.358436584472656,0.0004540866648312658,3.130516290664673,0.1530637500109151
7121,113.9621810913086,2.2167434508446604e-05,0.00041007547406479716,26.368989944458008,0.0004436889721546322,3.1283109188079834,0.15444366697920486
7122,81.67291259765625,1.3566032066592015e-05,9.177899482892826e-05,26.793319702148438,0.0004434509319253266,3.1258623600006104,0.15374637499917299
7123,71.85147094726562,8.830344995658379e-06,7.790279141772771e-07,26.98253631591797,0.0004390800022520125,3.123244524002075,0.16260216699447483
7124,81.88803100585938,7.908171937742736e-06,0.00010955918696708977,26.671367645263672,0.0004346993227954954,3.1204757690429688,0.1621962909703143
7125,102.09519958496094,1.0112192285305355e-05,0.0003162748762406409,26.00255012512207,0.00043453939724713564,3.1175479888916016,0.16290183301316574
7126,121.64051055908203,1.4309191101347096e-05,0.0005238144076429307,24.988584518432617,0.000428395695053041,3.1144022941589355,0.17389170901151374
7127,132.397705078125,1.8522805476095527e-05,0.0006310034077614546,24.434791564941406,0.000430102925747633,3.1110410690307617,0.16332679096376523
7128,131.40145874023438,1.9170196537743323e-05,0.0006317462539300323,23.872058868408203,0.0004243775038048625,3.1074631214141846,0.16359883296536282
7129,120.34140014648438,1.643161340325605e-05,0.0005227454239502549,23.901460647583008,0.000425222358899191,3.1037559509277344,0.16732087498530746
7130,104.24431610107422,1.1141310096718371e-05,0.0003725814167410135,23.877674102783203,0.0004199436807539314,3.0999929904937744,0.1668514169869013
7131,88.03599548339844,7.191048098320607e-06,0.00021209729311522096,24.118751525878906,0.0004198841343168169,3.0962753295898438,0.1627432499662973
7132,75.35824584960938,4.797117526322836e-06,9.164656512439251e-05,24.06658935546875,0.0004164729325566441,3.092651844024658,0.14941004198044538
7133,67.77571105957031,4.528912540990859e-06,1.8826745872502215e-05,23.838699340820312,0.00041601445991545916,3.089146852493286,0.14669933303957805
7134,65.41509246826172,5.507814421434887e-06,1.8499213183531538e-07,23.354103088378906,0.00041491707088425756,3.0857484340667725,0.14656387496506795
7135,67.34588623046875,7.195204489107709e-06,2.371861774008721e-05,22.83231544494629,0.00041422192589379847,3.0824337005615234,0.14902700000675395
7136,72.0274658203125,8.747999345359858e-06,7.245854794746265e-05,22.442415237426758,0.000414643989643082,3.0791966915130615,0.15659724996658042
7137,77.83743286132812,8.485905709676445e-06,0.00013485373347066343,22.165725708007812,0.0004133774491492659,3.0760438442230225,0.155434750020504
7138,83.50712585449219,7.448084488714812e-06,0.00019308524497319013,22.06414031982422,0.00041389657417312264,3.0730154514312744,0.1597240000264719
7139,88.36749267578125,5.153365236765239e-06,0.0002465456200297922,22.00495147705078,0.00041192644857801497,3.0701444149017334,0.1692495840252377
7140,92.0401382446289,4.045324203616474e-06,0.0002833842590916902,22.023855209350586,0.0004127332358621061,3.067471504211426,0.16530054196482524
7141,94.51199340820312,2.9847421956219478e-06,0.0003124787472188473,21.870012283325195,0.0004109563014935702,3.0650012493133545,0.1602672500303015
7142,95.87632751464844,3.4919096378871473e-06,0.0003260161029174924,21.692420959472656,0.0004123310500290245,3.062732219696045,0.15991133300121874
7143,96.48255920410156,3.7410163713502698e-06,0.0003365870798006654,21.337749481201172,0.0004111199814360589,3.0606327056884766,0.15871033404255286
7144,96.59923553466797,5.126878932060208e-06,0.0003374712250661105,21.084678649902344,0.0004125474370084703,3.058684825897217,0.1632240409962833
7145,96.5123062133789,5.032841727370396e-06,0.00034029773087240756,20.84467315673828,0.00041134573984891176,3.0568671226501465,0.16484549996675923
7146,96.42639923095703,5.324989160726545e-06,0.00033928692573681474,20.761903762817383,0.00041203308501280844,3.055187940597534,0.16494845796842128
7147,96.70745849609375,3.839884357148549e-06,0.00034591517760418355,20.708295822143555,0.00041023653466254473,3.053654909133911,0.16101066704140976
7148,97.58938598632812,3.3632468330324627e-06,0.0003544993815012276,20.753421783447266,0.00041049698484130204,3.052290201187134,0.1507689580321312
7149,99.43035888671875,2.1510090846277308e-06,0.0003761611587833613,20.736103057861328,0.0004086304106749594,3.0510973930358887,0.1462830000091344
7150,102.49998474121094,2.371799610045855e-06,0.0004063855158165097,20.6981143951416,0.0004092613817192614,3.0500762462615967,0.29846408299636096
7151,107.19998168945312,2.046192548732506e-06,0.00045649067033082247,20.56499481201172,0.0004078129422850907,3.0492022037506104,0.15535487502347678
7152,114.03800964355469,3.1034983294375706e-06,0.0005242510233074427,20.411733627319336,0.0004089081776328385,3.0484535694122314,0.1511927910032682
7153,123.88514709472656,2.9242958135000663e-06,0.0006255055777728558,20.273174285888672,0.0004076897748745978,3.047799825668335,0.16213233297457919
7154,137.63079833984375,4.003951289632823e-06,0.0007617627852596343,20.17365837097168,0.00040880462620407343,3.0472307205200195,0.15396595804486424
7155,156.97032165527344,2.9031334634055384e-06,0.0009580838959664106,20.147443771362305,0.00040724175050854683,3.046736001968384,0.15094795799814165
7156,184.1249237060547,3.548945187503705e-06,0.001227727858349681,20.158708572387695,0.00040838526911102235,3.046323537826538,0.15204883401747793
7157,222.83023071289062,2.0436355043784715e-06,0.0016175351338461041,20.22403907775879,0.0004064831300638616,3.0459892749786377,0.1483144999947399
7158,277.77838134765625,3.227140496164793e-06,0.0021636441815644503,20.262571334838867,0.0004082866944372654,3.045734167098999,0.15392525005154312
7159,356.81689453125,1.983417405426735e-06,0.002956140786409378,20.371978759765625,0.00040632521267980337,3.0455360412597656,0.16119324997998774
7160,469.6394958496094,4.744780653709313e-06,0.004077817779034376,20.4679012298584,0.00040915352292358875,3.0453784465789795,0.17019041703315452
7161,632.5371704101562,3.279388920418569e-06,0.005707778502255678,20.71540641784668,0.00040716028888709843,3.0452256202697754,0.15682654199190438
7162,864.0310668945312,8.667092515679542e-06,0.008009216748178005,21.131885528564453,0.0004111076705157757,3.0450615882873535,0.20611149998148903
7163,1195.1964111328125,5.842312020831741e-06,0.011319339275360107,21.79716682434082,0.0004088107671122998,3.0448503494262695,0.14973366702906787
7164,1652.008056640625,1.5850213458179496e-05,0.015860844403505325,22.869054794311523,0.0004146965220570564,3.0445876121520996,0.15029533399501815
7165,2277.27783203125,1.174044064100599e-05,0.022106654942035675,24.232864379882812,0.0004120539815630764,3.0442216396331787,0.1473741250229068
7166,3068.689453125,3.3393029298167676e-05,0.029968395829200745,26.29299545288086,0.00042217414011247456,3.043750047683716,0.1493916250183247
7167,4023.789306640625,3.257762364228256e-05,0.03949958086013794,28.57448959350586,0.0004199913237243891,3.0430638790130615,0.15621958300471306
7168,4960.6767578125,7.938173075672239e-05,0.04877735301852226,31.32048225402832,0.0004368311492726207,3.042185068130493,0.15496825001901016
7169,5685.990234375,9.44534403970465e-05,0.05598494037985802,34.54003143310547,0.00043510785326361656,3.0409371852874756,0.16072191699640825
7170,5719.75927734375,0.00015526925562880933,0.05623546615242958,34.93721389770508,0.0004574912309180945,3.0394835472106934,0.1649005829822272
7171,4913.95703125,0.00017422859673388302,0.04813580587506294,38.25570297241211,0.00044697639532387257,3.0377020835876465,0.16377541603287682
7172,3250.95849609375,0.0001647684839554131,0.03153512254357338,33.8865852355957,0.000470830244012177,3.0360307693481445,0.1703925000037998
7173,1451.93603515625,0.00012194153532618657,0.013581616804003716,36.81917953491211,0.0004476102185435593,3.034632682800293,0.16189091705018654
7174,280.22479248046875,5.5772583436919376e-05,0.0018981200410053134,37.5771598815918,0.00047258363338187337,3.034029960632324,0.15881266701035202
7175,176.81253051757812,1.8495111362426542e-05,0.0008401316008530557,42.598899841308594,0.00048350944416597486,3.0345306396484375,0.16638862498803064
7176,896.8946533203125,9.648704690334853e-06,0.008030781522393227,45.999000549316406,0.000468526704935357,3.0361416339874268,0.16609733301447704
7177,1743.6029052734375,1.2908561984659173e-05,0.016466690227389336,43.6368293762207,0.0005200606537982821,3.038860321044922,0.16249966598115861
7178,2083.9248046875,7.528525748057291e-05,0.019932005554437637,37.15435028076172,0.00046041281893849373,3.0419931411743164,0.15268816699972376
7179,1657.0267333984375,0.00012284361582715064,0.015590270049870014,33.48612594604492,0.0005222934996709228,3.0454349517822266,0.14795650000451133
7180,838.51904296875,0.00023351509298663586,0.007339021191000938,32.03662872314453,0.0004922884400002658,3.048670530319214,0.14514691702788696
7181,206.62567138671875,0.00018310650193598121,0.0010370765812695026,32.30854415893555,0.0005229880334809422,3.051945686340332,0.14937129197642207
7182,150.49948120117188,0.00010208721505478024,0.0005185456248000264,35.42488479614258,0.000530113116838038,3.0555574893951416,0.1535425410256721
7183,556.6375122070312,4.212773637846112e-05,0.00459047919139266,41.399993896484375,0.0005197683349251747,3.0597357749938965,0.15546479198383167
7184,986.58154296875,5.259446425043279e-06,0.008787989616394043,48.62385559082031,0.000586327922064811,3.0648610591888428,0.15835162496659905
7185,1081.05615234375,1.4504659702652134e-05,0.009810156188905239,45.57312774658203,0.0005301696946844459,3.0705554485321045,0.17007729201577604
7186,779.9789428710938,2.589534233266022e-05,0.00678608100861311,40.361873626708984,0.0005841946112923324,3.0766866207122803,0.16397254198091105
7187,353.1482849121094,9.419757407158613e-05,0.002561982022598386,33.44973373413086,0.0005408055731095374,3.082655668258667,0.16417633299715817
7188,111.36011505126953,0.00013653676433023065,0.00011274131975369528,30.711894989013672,0.000557204126380384,3.088257074356079,0.17295908299274743
7189,176.31890869140625,0.00013617900549434125,0.0007613153429701924,30.421663284301758,0.000561478198505938,3.0934560298919678,0.16221795795718208
7190,410.4071960449219,0.00010498985648155212,0.003140754299238324,31.957128524780273,0.0005387563724070787,3.098289966583252,0.1623158339643851
7191,574.326171875,4.305586116970517e-05,0.004774631932377815,35.20979309082031,0.0005734757287427783,3.103104829788208,0.16901795897865668
7192,540.0230102539062,2.5923860448529013e-05,0.004466365557163954,37.44038391113281,0.0005335371824912727,3.1078684329986572,0.1597510419669561
7193,349.07208251953125,1.499313202657504e-05,0.0025321173015981913,38.12063980102539,0.0005624037003144622,3.112656593322754,0.14928670797962695
7194,157.4877471923828,2.6801546482602134e-05,0.0006706559797748923,34.6833610534668,0.0005305863451212645,3.1172025203704834,0.14687062497250736
7195,88.86322021484375,4.5967975893290713e-05,3.2179386835196055e-06,31.28870391845703,0.0005265593063086271,3.1212892532348633,0.14665145898470655
7196,155.80160522460938,6.565496005350724e-05,0.0006758276140317321,29.21234130859375,0.0005244101048447192,3.1247520446777344,0.1503661249880679
7197,272.90191650390625,7.882722275098786e-05,0.0018643878865987062,28.356340408325195,0.0005022406694479287,3.127448558807373,0.1506179169518873
7198,338.4157409667969,5.962591239949688e-05,0.002520349808037281,28.987655639648438,0.0005143051384948194,3.129521369934082,0.15654195798560977
7199,311.5564270019531,4.352882751845755e-05,0.002291301032528281,29.375350952148438,0.00048698100727051497,3.1310064792633057,0.1633087499649264
7200,219.73463439941406,2.1621361156576313e-05,0.0013690838823094964,30.893495559692383,0.0004977061180397868,3.1321160793304443,0.1629351670271717
7201,126.81658172607422,1.3930240129411686e-05,0.0004641533305402845,31.06812858581543,0.00047940094373188913,3.1328794956207275,0.1583493750076741
7202,81.08564758300781,1.1713905223587062e-05,1.4136554455035366e-05,30.741003036499023,0.0004775959241669625,3.1333162784576416,0.161982083984185
7203,93.73439025878906,1.5570494724670425e-05,0.00015482395247090608,29.487831115722656,0.0004720711731351912,3.1333634853363037,0.15949016599915922
7204,141.79835510253906,2.4670833226991817e-05,0.0006543693598359823,27.94011688232422,0.0004595421487465501,3.1329004764556885,0.16253083402989432
7205,188.32266235351562,3.145325536024757e-05,0.0011184005998075008,27.03495979309082,0.00046302325790748,3.131910562515259,0.16044591699028388
7206,205.51348876953125,3.5518609365681186e-05,0.0013080623466521502,26.284976959228516,0.00044870423153042793,3.1303465366363525,0.16138662496814504
7207,186.560791015625,2.907704038079828e-05,0.0011211771052330732,26.261096954345703,0.0004527426790446043,3.1283299922943115,0.16435454197926447
7208,145.65359497070312,2.0809853594982997e-05,0.0007321808370761573,26.255287170410156,0.0004409922694321722,3.125934600830078,0.15355545794591308
7209,103.50885009765625,1.2867478289990686e-05,0.00031315346132032573,26.66815185546875,0.0004423860809765756,3.1232988834381104,0.14975974999833852
7210,76.76988983154297,9.013720955408644e-06,5.6091754231601954e-05,26.65082550048828,0.0004360851598903537,3.1204798221588135,0.150696208991576
7211,71.21565246582031,8.68710867507616e-06,7.725529940216802e-06,26.235708236694336,0.0004333867982495576,3.1174979209899902,0.1464068329660222
7212,83.02481079101562,1.1210652701265644e-05,0.000132450251840055,25.479188919067383,0.00043179531348869205,3.114337205886841,0.1545727500342764
7213,103.01378631591797,1.5232722944347188e-05,0.0003426945477258414,24.540386199951172,0.0004268067132215947,3.110950231552124,0.15474604099290445
7214,121.21505737304688,1.8480759536032565e-05,0.0005252122064121068,24.064008712768555,0.00042781754746101797,3.1073501110076904,0.1623773750034161
7215,130.7838134765625,1.8017857655650005e-05,0.0006315665086731315,23.591949462890625,0.00042233424028381705,3.1035497188568115,0.1646220000111498
7216,129.4994659423828,1.4778343938814942e-05,0.0006200198549777269,23.70269775390625,0.0004231696075294167,3.0996475219726562,0.1679017500136979
7217,119.56344604492188,9.873657290881965e-06,0.0005315475282259285,23.647743225097656,0.0004177357768639922,3.0957143306732178,0.15546350000659004
7218,104.85460662841797,6.7740288614004385e-06,0.00038495147600769997,23.851953506469727,0.00041830100235529244,3.0918471813201904,0.15237629099283367
7219,89.70051574707031,4.967799668520456e-06,0.00024113246763590723,23.64531135559082,0.00041445178794674575,3.0880801677703857,0.15959749999456108
7220,77.02741241455078,5.221241735853255e-06,0.00011663751502055675,23.36130142211914,0.00041480237268842757,3.0844357013702393,0.15478399995481595
7221,68.575927734375,6.236881745280698e-06,3.811052374658175e-05,22.828571319580078,0.000413126137573272,3.0808966159820557,0.15488912496948615
7222,64.71297454833984,7.769993317197077e-06,2.4911287255235948e-06,22.37436294555664,0.0004131250025238842,3.077453136444092,0.15677616698667407
7223,64.77493286132812,8.430780326307286e-06,6.180148830026155e-06,22.02971649169922,0.000412841240176931,3.0741078853607178,0.16012058296473697
7224,67.6226806640625,7.6455535236164e-06,3.8417285395553336e-05,21.81464195251465,0.00041201754356734455,3.0708816051483154,0.15163570799631998
7225,72.06546020507812,6.222897354746237e-06,8.497110684402287e-05,21.740867614746094,0.0004120519442949444,3.067816734313965,0.18222349998541176
7226,77.15116119384766,4.340642135503003e-06,0.00013978188508190215,21.677125930786133,0.0004106178239453584,3.06494402885437,0.1502251669880934
7227,82.12631225585938,3.6325238852441544e-06,0.00018999019812326878,21.63733673095703,0.0004112670139875263,3.0622916221618652,0.1523053749697283
7228,86.61422729492188,3.0670646538055735e-06,0.00023890148440841585,21.416519165039062,0.0004100085352547467,3.0598526000976562,0.15626679098932073
7229,90.47711181640625,3.852976988127921e-06,0.00027766599669121206,21.19644546508789,0.0004112877359148115,3.0576157569885254,0.15768754202872515
7230,93.77801513671875,4.149808773945551e-06,0.00031470798421651125,20.856029510498047,0.0004103620594833046,3.0555481910705566,0.16999475000193343
7231,96.61119842529297,5.301632427290315e-06,0.0003426680632401258,20.65659523010254,0.00041157630039379,3.0536372661590576,0.1585740419686772
7232,99.24932861328125,4.7095313675526995e-06,0.0003727286821231246,20.472984313964844,0.0004103251558262855,3.051870107650757,0.16057762503623962
7233,101.90843200683594,4.680601705331355e-06,0.0003990556579083204,20.45020866394043,0.0004108459979761392,3.0502614974975586,0.16020129201933742
7234,105.05743408203125,3.140569788229186e-06,0.0004343125910963863,20.410200119018555,0.00040901917964220047,3.048819065093994,0.16267599997809157
7235,109.11326599121094,2.9443076527968515e-06,0.00047421324416063726,20.455198287963867,0.0004094231699127704,3.0475592613220215,0.16565220901975408
7236,114.68942260742188,1.997545041376725e-06,0.0005332969594746828,20.394142150878906,0.00040765831363387406,3.0464744567871094,0.16115724999690428
7237,122.32785034179688,2.628053152875509e-06,0.0006088268128223717,20.328840255737305,0.0004085352411493659,3.045555353164673,0.1627172920270823
7238,132.8646240234375,2.3253969629877247e-06,0.0007173540652729571,20.183818817138672,0.0004071285075042397,3.0447702407836914,0.16080874996259809
7239,147.1407470703125,3.6322967389423866e-06,0.0008587679476477206,20.06562614440918,0.0004083509847987443,3.0440995693206787,0.14657612500013784
7240,166.7780303955078,3.012196430063341e-06,0.001057988265529275,19.982593536376953,0.0004069538554176688,3.0435171127319336,0.14594054099870846
7241,193.63458251953125,4.153938334638951e-06,0.0013244798174127936,19.95604705810547,0.0004081515653524548,3.043020725250244,0.14578325004549697
7242,231.03001403808594,2.6295995212421985e-06,0.0017013846663758159,19.99297523498535,0.0004063560627400875,3.0426015853881836,0.297258457983844
7243,282.9841003417969,3.7789257021358935e-06,0.0022174955811351538,20.06923484802246,0.0004078741476405412,3.042267084121704,0.15601304202573374
7244,356.0843200683594,2.1332127744244644e-06,0.002950906055048108,20.19298553466797,0.00040587407420389354,3.042003631591797,0.16015900002093986
7245,458.3275451660156,4.457654085854301e-06,0.003967253491282463,20.324134826660156,0.0004083231324329972,3.041804313659668,0.16684479196555912
7246,603.2127075195312,2.9067905416013673e-06,0.005417353939265013,20.54954719543457,0.0004063709930051118,3.041635036468506,0.1662152080098167
7247,804.9151611328125,7.83359064371325e-06,0.007422344759106636,20.897409439086914,0.00040999872726388276,3.041477680206299,0.17003500001737848
7248,1087.57275390625,5.5700979828543495e-06,0.010247928090393543,21.418861389160156,0.0004080404178239405,3.041287660598755,0.16806783300125971
7249,1470.2493896484375,1.4940095752535854e-05,0.014051234349608421,22.3110408782959,0.00041320957825519145,3.0410566329956055,0.16757216601399705
7250,1984.7598876953125,1.1253801858401857e-05,0.019191423431038857,23.396203994750977,0.00041095903725363314,3.040731430053711,0.17230779101373628
7251,2627.5869140625,2.9310203899513e-05,0.025576381012797356,25.091386795043945,0.00041926532867364585,3.0403196811676025,0.16546145803295076
7252,3398.623046875,2.7051455617765896e-05,0.033273495733737946,26.897281646728516,0.0004167126608081162,3.0397279262542725,0.15887820796342567
7253,4170.318359375,6.240057700779289e-05,0.040919627994298935,29.05858039855957,0.00043056419235654175,3.0389935970306396,0.14912612503394485
7254,4812.9931640625,7.064753299346194e-05,0.04731671139597893,31.544498443603516,0.00042712694266811013,3.037961721420288,0.16758258297340944
7255,4976.63916015625,0.0001173195632873103,0.04888156056404114,32.07572937011719,0.000446753459982574,3.0367848873138428,0.14638166595250368
7256,4518.59130859375,0.00013238989049568772,0.044270411133766174,34.69849395751953,0.0004361258470453322,3.0353288650512695,0.14659841696266085
7257,3322.8017578125,0.00013410032261162996,0.03231947869062424,31.554534912109375,0.0004588953743223101,3.03397536277771,0.1522192910197191
7258,1828.6654052734375,0.00011098626418970525,0.017400270327925682,33.90022277832031,0.00043639534851536155,3.032799243927002,0.1553724579862319
7259,585.353515625,6.04896922595799e-05,0.004999087192118168,33.291751861572266,0.00046104041393846273,3.0322868824005127,0.16627129103289917
7260,88.67072296142578,2.7597317966865376e-05,3.157907121931203e-05,36.924163818359375,0.00045828919974155724,3.0326755046844482,0.16244250000454485
7261,377.1824645996094,1.3310825124790426e-05,0.002902666572481394,39.880287170410156,0.00045704448712058365,3.0340726375579834,0.16608629102120176
7262,1066.42138671875,1.1760054803744424e-05,0.009764491580426693,39.53525161743164,0.0004926096880808473,3.036519765853882,0.16521050001028925
7263,1629.785888671875,4.775752313435078e-05,0.015444564633071423,35.7250862121582,0.00044828589307144284,3.039480686187744,0.1701205419958569
7264,1669.1595458984375,7.664530130568892e-05,0.015783291310071945,32.87140655517578,0.0005029446911066771,3.0428740978240967,0.16572720900876448
7265,1207.105224609375,0.0001728717325022444,0.011119432747364044,30.96575164794922,0.00046909021330066025,3.046119451522827,0.16191054100636393
7266,550.513916015625,0.00014586914039682597,0.004544492810964584,30.649307250976562,0.0005082842544652522,3.0494275093078613,0.16226762504084036
7267,135.34573364257812,0.00011366467515472323,0.00042561173904687166,31.745807647705078,0.0004967228160239756,3.052870273590088,0.15253200003644451
7268,155.94171142578125,5.044874342274852e-05,0.0006503137992694974,35.485416412353516,0.0005038004019297659,3.056750535964966,0.14671254198765382
7269,480.8719177246094,1.0815457244461868e-05,0.0038454236928373575,41.158485412597656,0.0005408954457379878,3.0614025592803955,0.1437770840129815
7270,805.1478271484375,1.1419971997383982e-05,0.007119567133486271,41.38014602661133,0.0005066899466328323,3.0666162967681885,0.14559345797169954
7271,877.5626831054688,1.3514270904124714e-05,0.007815593853592873,38.942440032958984,0.0005570938810706139,3.072345018386841,0.15303508297074586
7272,674.611572265625,6.341413973132148e-05,0.005848265253007412,32.605892181396484,0.000508377212099731,3.077977180480957,0.15741074999095872
7273,349.27252197265625,9.684225369710475e-05,0.0025641305837780237,29.258098602294922,0.0005391715676523745,3.083341121673584,0.1603469999972731
7274,124.85745239257812,0.00012812609202228487,0.0003163427172694355,28.15266227722168,0.0005225790664553642,3.088207483291626,0.16606083296937868
7275,114.4762191772461,0.00010063859372166917,0.0002370845031691715,28.574140548706055,0.0005212976830080152,3.0926647186279297,0.1595236660214141
7276,266.81732177734375,4.8084311856655404e-05,0.0017752377316355705,31.037538528442383,0.0005344757810235023,3.0969882011413574,0.165422290971037
7277,433.5087890625,2.357022458454594e-05,0.0034640859812498093,33.91619873046875,0.0005082696443423629,3.1012399196624756,0.1653920829994604
7278,485.232421875,9.433665582037065e-06,0.003945987671613693,35.93901824951172,0.0005375129403546453,3.105563163757324,0.1726560840033926
7279,399.8755187988281,1.8196922610513866e-05,0.003151452634483576,33.039527893066406,0.0004987102001905441,3.109672784805298,0.15571866603568196
7280,244.00112915039062,3.243421815568581e-05,0.0015960321761667728,29.930429458618164,0.0005122406291775405,3.113405227661133,0.15869437501532957
7281,118.68927001953125,6.109105015639216e-05,0.00036454404471442103,26.95564842224121,0.000491701124701649,3.1164679527282715,0.1557615419733338
7282,83.12838745117188,7.187422306742519e-05,1.0094383469549939e-05,26.043994903564453,0.0004888753173872828,3.1187832355499268,0.1595509999897331
7283,131.37814331054688,5.785168468719348e-05,0.0005046650767326355,26.408842086791992,0.0004871762066613883,3.1204402446746826,0.1490219589904882
7284,212.63937377929688,3.651157021522522e-05,0.0013458934845402837,27.370084762573242,0.00047028769040480256,3.121548891067505,0.15032712498214096
7285,270.51666259765625,1.4753607501916122e-05,0.001916549983434379,29.400318145751953,0.0004798599984496832,3.122352123260498,0.15302495897049084
7286,275.4464416503906,8.896711733541451e-06,0.0019902668427675962,29.67751693725586,0.0004585258138831705,3.1228580474853516,0.1501837499672547
7287,229.53616333007812,7.908842235337943e-06,0.001525692641735077,29.435266494750977,0.00046740754623897374,3.123106002807617,0.17597275000298396
7288,161.22389221191406,1.5772475308040157e-05,0.0008735874434933066,27.288238525390625,0.00044999661622568965,3.122929096221924,0.15304920804919675
7289,102.5405044555664,2.5817145797191188e-05,0.00028995596221648157,25.78094482421875,0.00045182250323705375,3.1222493648529053,0.162635084008798
7290,74.26029968261719,3.4219214285258204e-05,1.585685822647065e-05,24.75550651550293,0.00044497186900116503,3.121000051498413,0.16049229202326387
7291,78.8713150024414,3.247768108849414e-05,7.129830191843212e-05,24.445817947387695,0.00044047896517440677,3.119225025177002,0.1644432499888353
7292,105.1400146484375,2.229164783784654e-05,0.00034211218007840216,24.7627010345459,0.0004393692361190915,3.1170654296875,0.16599529201630503
7293,136.6483612060547,1.2765905921696685e-05,0.0006701991078443825,25.24774169921875,0.0004310411459300667,3.1146328449249268,0.16330949997063726
7294,158.85006713867188,7.082770025590435e-06,0.0008885195129550993,25.890045166015625,0.00043399794958531857,3.1120619773864746,0.16354804200818762
7295,164.53614807128906,6.2538629208575e-06,0.00095970812253654,25.430570602416992,0.00042509371996857226,3.109344005584717,0.16060245799599215
7296,153.64797973632812,8.902401532395743e-06,0.0008519623661413789,24.7497501373291,0.000428117549745366,3.106476306915283,0.16356587503105402
7297,132.2859649658203,1.4203416867530905e-05,0.0006517738220281899,23.51531982421875,0.00042172917164862156,3.1033709049224854,0.1663929580245167
7298,107.66059875488281,1.9107093976344913e-05,0.0004055784665979445,22.85753059387207,0.00042334513273090124,3.1000235080718994,0.14628683298360556
7299,86.08111572265625,1.9434684872976504e-05,0.00019831488316413015,22.370492935180664,0.0004193566564936191,3.096446990966797,0.14790633303346112
7300,71.4287109375,1.5018529666122049e-05,5.6966520787682384e-05,22.40929412841797,0.0004182090924587101,3.0927422046661377,0.14699145895428956
7301,65.25354766845703,8.983682164398488e-06,1.989465999940876e-06,22.634336471557617,0.00041521896491758525,3.089020013809204,0.1503896249923855
7302,66.5970458984375,4.844754585064948e-06,1.9042534404434264e-05,22.908824920654297,0.0004129949666094035,3.0853781700134277,0.15954387496458367
7303,72.9358139038086,3.3807591535151005e-06,8.41380242491141e-05,22.954774856567383,0.0004122916143387556,3.0818724632263184,0.15562512498581782
7304,81.67987060546875,3.7170755149418255e-06,0.00017785374075174332,22.50982093811035,0.00041012975270859897,3.0784902572631836,0.1643617910449393
7305,90.92134094238281,5.961628630757332e-06,0.00027198242605663836,22.0004825592041,0.00041126448195427656,3.075206995010376,0.16159245802555233
7306,99.389404296875,8.243877346103545e-06,0.0003618541522882879,21.406301498413086,0.00040973303839564323,3.0719738006591797,0.16219666600227356
7307,106.1225357055664,1.0003688657889143e-05,0.0004286865296307951,21.133682250976562,0.00041119835805147886,3.068800449371338,0.16193083301186562
7308,110.77722930908203,8.425243322562892e-06,0.0004810494720004499,20.915687561035156,0.0004091407172381878,3.0657055377960205,0.16217487503308803
7309,113.49160766601562,6.378192665579263e-06,0.000508840661495924,20.981416702270508,0.0004098830686416477,3.062763214111328,0.1637971670133993
7310,115.00862121582031,3.536828444339335e-06,0.000529307231772691,20.9818058013916,0.00040742408600635827,3.0600171089172363,0.16345495800487697
7311,115.81085968017578,2.759523795248242e-06,0.0005362190422601998,21.04483413696289,0.00040868172072805464,3.057512044906616,0.15956462500616908
7312,116.45562744140625,2.278372903674608e-06,0.0005475185462273657,20.779052734375,0.00040696884389035404,3.0552306175231934,0.1560780830332078
7313,117.26119232177734,3.6252570225769887e-06,0.0005550645873881876,20.50619125366211,0.00040886018541641533,3.0531513690948486,0.14875887497328222
7314,118.8670654296875,4.438044015842024e-06,0.0005754703306593001,20.081031799316406,0.00040795200038701296,3.0512213706970215,0.1457783340010792
7315,121.49542236328125,6.211007985257311e-06,0.0006003849557600915,19.882476806640625,0.0004095335607416928,3.0494251251220703,0.14736170799005777
7316,125.57019805908203,5.37544929102296e-06,0.000645083433482796,19.704620361328125,0.0004081968800164759,3.0477497577667236,0.14869912498397753
7317,131.49302673339844,5.034981768403668e-06,0.000703589350450784,19.75617790222168,0.00040874414844438434,3.046227216720581,0.15743374999146909
7318,140.17385864257812,2.897651938837953e-06,0.000794441846664995,19.783504486083984,0.0004065640678163618,3.0448741912841797,0.15492416598135605
7319,152.47314453125,2.656343895068858e-06,0.0009157449821941555,19.914167404174805,0.00040718840318731964,3.0437185764312744,0.1606484159710817
7320,170.0950927734375,1.7149831137430738e-06,0.0010955710895359516,19.853639602661133,0.0004051284631714225,3.042743682861328,0.1668703340110369
7321,194.94032287597656,2.879215116990963e-06,0.0013416983420029283,19.819931030273438,0.00040662643732503057,3.0419347286224365,0.15808554203249514
7322,230.1822509765625,2.747259713942185e-06,0.0016974728787317872,19.6563663482666,0.00040503867785446346,3.041240692138672,0.16526241699466482
7323,279.4158935546875,5.037389200879261e-06,0.00218576961196959,19.633913040161133,0.00040701290708966553,3.040642499923706,0.164968500030227
7324,348.8668518066406,4.032626748085022e-06,0.0028828419744968414,19.653671264648438,0.0004052573931403458,3.0401036739349365,0.1625455419998616
7325,446.0060119628906,6.14700184087269e-06,0.0038481445517390966,19.84697151184082,0.00040729896863922477,3.0396382808685303,0.16150479100178927
7326,583.861572265625,3.680393319882569e-06,0.005228869616985321,20.126399993896484,0.0004048019472975284,3.0392284393310547,0.1660951250232756
7327,776.3002319335938,6.652643151028315e-06,0.007142398040741682,20.594654083251953,0.0004080045619048178,3.038896322250366,0.16737350000767037
7328,1047.79296875,4.326992893766146e-06,0.00985734723508358,21.101757049560547,0.000405238097300753,3.038597345352173,0.15324241697089747
7329,1419.2701416015625,1.1764552255044691e-05,0.013550570234656334,21.938182830810547,0.00041098412475548685,3.0383288860321045,0.14620091597316787
7330,1925.287109375,1.0661933629307896e-05,0.018604565411806107,22.883928298950195,0.00040880535379983485,3.0379951000213623,0.14497691701399162
7331,2565.73779296875,2.866709473892115e-05,0.0249664094299078,24.451000213623047,0.0004177939845249057,3.0375940799713135,0.14417370897717774
7332,3344.855712890625,3.059803930227645e-05,0.03273916617035866,26.226144790649414,0.0004165324498899281,3.0369873046875,0.1543963750009425
7333,4140.04833984375,6.390301859937608e-05,0.04062298312783241,28.390098571777344,0.0004296949482522905,3.0362355709075928,0.15310766699258238
7334,4828.43115234375,7.476587779819965e-05,0.04747221991419792,30.982637405395508,0.00042750019929371774,3.0351624488830566,0.31564200000138953
7335,5059.3505859375,0.00011378671479178593,0.04971764609217644,31.604564666748047,0.00044602531124837697,3.0339670181274414,0.1607399170170538
7336,4678.21337890625,0.00013222260167822242,0.04586939141154289,34.4530143737793,0.00043599019409157336,3.0324902534484863,0.15910079202149063
7337,3526.90234375,0.00013046023377683014,0.03436229005455971,31.672216415405273,0.0004595516948029399,3.0311474800109863,0.16630254097981378
7338,2018.2264404296875,0.00011553293734323233,0.019288651645183563,34.106605529785156,0.0004370140959508717,3.0299735069274902,0.16820587503025308
7339,695.3524780273438,6.484128243755549e-05,0.0060905213467776775,33.48326110839844,0.0004633295175153762,3.02947735786438,0.15776049997657537
7340,100.99537658691406,3.288931475253776e-05,0.00015047620399855077,36.8368034362793,0.0004582202236633748,3.0298807621002197,0.1618188749998808
7341,325.8808288574219,1.668579898250755e-05,0.002387423301115632,39.591712951660156,0.000458782073110342,3.031311273574829,0.15746600000420585
7342,1012.3058471679688,1.3363938705879264e-05,0.009220569394528866,39.579586029052734,0.000493329600431025,3.033830165863037,0.15618016599910334
7343,1621.1866455078125,5.001784666092135e-05,0.0153538528829813,35.878841400146484,0.00044920723303221166,3.036890983581543,0.14562891697278246
7344,1718.5496826171875,7.442611240549013e-05,0.016272805631160736,33.29007339477539,0.0005053650238551199,3.040435791015625,0.14660458400612697
7345,1288.69091796875,0.00017402409866917878,0.011930420994758606,31.293798446655273,0.00046952470438554883,3.043839693069458,0.148709874949418
7346,618.0751342773438,0.00014317779277916998,0.005216257646679878,30.9974422454834,0.0005113411461934447,3.047337055206299,0.1556028330232948
7347,158.50955200195312,0.00011562521103769541,0.0006514330161735415,32.014015197753906,0.0004978971555829048,3.0509722232818604,0.15822233399376273
7348,137.5240478515625,5.141262954566628e-05,0.00045977707486599684,35.65800857543945,0.0005074707441963255,3.055063486099243,0.15720391599461436
7349,450.1356201171875,1.1571945833566133e-05,0.0035345186479389668,41.190650939941406,0.0005433590849861503,3.059943437576294,0.22328120801830664
7350,792.9475708007812,1.2874321328126825e-05,0.0069948285818099976,41.2267951965332,0.0005095049855299294,3.065385103225708,0.16517445800127462
7351,896.671630859375,1.4849921171844471e-05,0.008003158494830132,38.822532653808594,0.0005604825564660132,3.071340560913086,0.16299258300568908
7352,713.99072265625,6.840514834038913e-05,0.006237270776182413,32.401119232177734,0.0005102204740978777,3.0771610736846924,0.16067237500101328
7353,384.6710510253906,0.00010039836342912167,0.002912437077611685,29.124250411987305,0.0005426328280009329,3.0826845169067383,0.16428545804228634
7354,138.5573272705078,0.0001309726940235123,0.0004503477830439806,28.033451080322266,0.0005239183083176613,3.0876736640930176,0.1648952080286108
7355,106.57127380371094,9.869991481537e-05,0.00015745752898510545,28.57404899597168,0.0005238147568888962,3.0922434329986572,0.17063475004397333
7356,252.33706665039062,4.5249056711327285e-05,0.001628581085242331,31.336490631103516,0.0005361756193451583,3.09668231010437,0.1693703749915585
7357,428.58929443359375,2.1752932298113592e-05,0.003412109799683094,34.209171295166016,0.0005099387490190566,3.1010499000549316,0.15658524999162182
7358,496.26849365234375,9.17260695132427e-06,0.004054253455251455,36.03571701049805,0.0005389017751440406,3.1054749488830566,0.15106004098197445
7359,421.7380065917969,2.0154908270342276e-05,0.0033726999536156654,32.62423324584961,0.0004982828395441175,3.109633684158325,0.14577883400488645
7360,265.4266052246094,3.663268580567092e-05,0.0018111186800524592,29.419883728027344,0.0005123160663060844,3.1133477687835693,0.14754058298422024
7361,130.16006469726562,6.70064109726809e-05,0.0004784280026797205,26.55046272277832,0.0004906616522930562,3.11631441116333,0.14706516702426597
7362,82.12101745605469,7.401326001854613e-05,4.803637807526684e-07,25.826658248901367,0.0004884499358013272,3.1184849739074707,0.16152487503131852
7363,123.13674926757812,5.534962110687047e-05,0.00042680290061980486,26.36731719970703,0.00048554185195825994,3.1199800968170166,0.15778074995614588
7364,205.91192626953125,3.171587741235271e-05,0.001282714307308197,27.568994522094727,0.0004689992347266525,3.120938777923584,0.15435724996495992
7365,271.84063720703125,1.1688215636240784e-05,0.0019305618479847908,29.75486946105957,0.0004786076897289604,3.121610164642334,0.17162279196782038
7366,285.8907775878906,7.664683835173491e-06,0.0020969167817384005,29.756397247314453,0.0004567623545881361,3.121978759765625,0.16329112503444776
7367,245.32156372070312,8.53842357173562e-06,0.0016878796741366386,29.12581443786621,0.00046553954598493874,3.1220555305480957,0.16135637502884492
7368,176.63006591796875,1.8959912267746404e-05,0.0010325209004804492,26.716754913330078,0.00044765224447473884,3.1216423511505127,0.16438633401412517
7369,112.55747985839844,3.0328277716762386e-05,0.0003926613135263324,25.250381469726562,0.0004500812792684883,3.1206648349761963,0.16125199996167794
7370,76.71987915039062,3.7215806514723226e-05,4.373198316898197e-05,24.357561111450195,0.0004426753439474851,3.1190762519836426,0.15807808295357972
7371,75.13540649414062,3.1591131119057536e-05,3.91209359804634e-05,24.2180233001709,0.0004384617495816201,3.1169626712799072,0.1584498329902999
7372,99.14796447753906,1.908886042656377e-05,0.00028812381788156927,24.747623443603516,0.0004367906949482858,3.114496946334839,0.16251120896777138
7373,132.65957641601562,9.748942829901353e-06,0.0006342656561173499,25.36571502685547,0.0004289239877834916,3.111804246902466,0.15380566602107137
7374,159.47483825683594,5.632449301629094e-06,0.0008980967104434967,25.924007415771484,0.0004317791317589581,3.109004259109497,0.14790700003504753
7375,170.1952362060547,6.2398594309343025e-06,0.0010213813511654735,25.135406494140625,0.0004229770274832845,3.106058359146118,0.14833683299366385
7376,163.25299072265625,1.0703233783715405e-05,0.0009534255950711668,24.235511779785156,0.0004260459099896252,3.102938413619995,0.14587158302310854
7377,143.77305603027344,1.7292104530497454e-05,0.0007708707125857472,22.95281219482422,0.00042003957787528634,3.099546194076538,0.15254970802925527
7378,118.39176177978516,2.165407749998849e-05,0.0005163978785276413,22.414684295654297,0.00042171881068497896,3.0958971977233887,0.15302812500158325
7379,94.01101684570312,1.948095996340271e-05,0.0002827825373969972,22.048519134521484,0.0004173614433966577,3.092034101486206,0.14896162500372157
7380,75.7309341430664,1.3041246347711422e-05,0.00010549492435529828,22.2602596282959,0.0004161705728620291,3.088092565536499,0.16892595798708498
7381,66.13253784179688,6.67818767396966e-06,1.5938612705213018e-05,22.579940795898438,0.0004129091394133866,3.084197521209717,0.15792012499878183
7382,64.71404266357422,3.456580316196778e-06,4.1943676478695124e-06,22.833303451538086,0.00041115644853562117,3.080441474914551,0.15926033403957263
7383,69.22683715820312,2.9381744752754457e-06,5.213227268541232e-05,22.676252365112305,0.00041043543023988605,3.0768544673919678,0.1641507080057636
7384,77.28975677490234,4.238428573444253e-06,0.00013928621774539351,22.049909591674805,0.0004088738060090691,3.0733983516693115,0.15732708398718387
7385,86.98507690429688,7.361796178884106e-06,0.0002377384080318734,21.466266632080078,0.00041008787229657173,3.070033073425293,0.16594716598046944
7386,96.69094848632812,9.61245041253278e-06,0.0003390058991499245,20.93205451965332,0.00040897054714150727,3.066715955734253,0.1622712499811314
7387,105.03616333007812,1.0341304005123675e-05,0.00042243042844347656,20.74754524230957,0.00041011444409377873,3.0634753704071045,0.15995129197835922
7388,111.57972717285156,7.41428766559693e-06,0.0004941158695146441,20.63240623474121,0.0004079430364072323,3.0603530406951904,0.16327170899603516
7389,116.43191528320312,4.932789124723058e-06,0.0005428979638963938,20.792930603027344,0.0004085591062903404,3.0574347972869873,0.14674100000411272
7390,120.2125244140625,2.481354385963641e-06,0.0005854189512319863,20.799190521240234,0.0004062330408487469,3.054760217666626,0.1480534579604864
7391,123.31484985351562,2.3681293441768503e-06,0.0006151258712634444,20.789344787597656,0.00040776105015538633,3.052353858947754,0.1482640000176616
7392,126.3572998046875,2.4669163849466713e-06,0.0006508124643005431,20.391357421875,0.00040638013160787523,3.0501739978790283,0.14447354100411758
7393,129.77505493164062,4.573672413243912e-06,0.0006840213900431991,20.066787719726562,0.00040848759817890823,3.048182964324951,0.15571854199515656
7394,134.20394897460938,5.378766218200326e-06,0.0007322711171582341,19.6669979095459,0.00040771951898932457,3.0463263988494873,0.15175395796541125
7395,139.88302612304688,6.849944838904776e-06,0.0007873345748521388,19.558795928955078,0.0004090577131137252,3.0446019172668457,0.15927962498972192
7396,147.6058807373047,4.9616901378612965e-06,0.0008690552203916013,19.468114852905273,0.0004073606396559626,3.04301381111145,0.1628254999523051
7397,158.1754608154297,4.277540483599296e-06,0.0009735696366988122,19.616741180419922,0.00040773997898213565,3.041606903076172,0.16943212499609217
7398,173.0902557373047,2.133909219992347e-06,0.0011266442015767097,19.67439079284668,0.00040538058965466917,3.040396213531494,0.15972404199419543
7399,193.7481231689453,2.4309122181875864e-06,0.0013307345798239112,19.7962703704834,0.00040635315235704184,3.0393970012664795,0.16708316700533032
7400,222.56529235839844,1.825520030251937e-06,0.0016227364540100098,19.668495178222656,0.000404406018787995,3.03857159614563,0.16662637499393895
7401,262.3267822265625,3.882047167280689e-06,0.0020168612245470285,19.620622634887695,0.00040631843148730695,3.037890911102295,0.16250129096442834
7402,317.7699279785156,3.6781066228286363e-06,0.0025741609279066324,19.501646041870117,0.00040484368219040334,3.037296772003174,0.16250770899932832
7403,393.957763671875,6.599862899747677e-06,0.0033301610965281725,19.590646743774414,0.000406910345191136,3.036778688430786,0.16148599999723956
7404,500.0964660644531,4.599969543050975e-06,0.0043939403258264065,19.751083374023438,0.00040491370600648224,3.036309242248535,0.14502162497956306
7405,645.9494018554688,7.210881449282169e-06,0.005843744147568941,20.13112449645996,0.00040722836274653673,3.0359153747558594,0.1464147079968825
7406,848.8452758789062,4.167555289313896e-06,0.00787413027137518,20.566097259521484,0.00040449429070577025,3.0355746746063232,0.1455751660396345
7407,1123.811767578125,9.149514880846255e-06,0.01060756016522646,21.262866973876953,0.0004087802954018116,3.0353031158447266,0.15145166701404378
7408,1496.9681396484375,7.11294160282705e-06,0.014337041415274143,21.93880844116211,0.000406139122787863,3.0350282192230225,0.1578508749953471
7409,1975.8189697265625,1.9767179765040055e-05,0.019093915820121765,23.099336624145508,0.0004135131894145161,3.034743309020996,0.1653516250080429
7410,2575.131103515625,2.0335130102466792e-05,0.02507607825100422,24.319860458374023,0.00041169868200086057,3.0343215465545654,0.16385862499009818
7411,3234.997314453125,4.558164800982922e-05,0.0316212959587574,26.06305694580078,0.0004224651784170419,3.0337960720062256,0.16748208401259035
7412,3894.361328125,5.115907697472721e-05,0.03819252923130989,27.972034454345703,0.0004202045383863151,3.033008337020874,0.18173220800235868
7413,4329.11572265625,8.34385646157898e-05,0.042481232434511185,29.127473831176758,0.0004352159157861024,3.0321109294891357,0.16006216598907486
7414,4395.791015625,9.592704009264708e-05,0.04312087595462799,31.36312484741211,0.0004274776147212833,3.0309414863586426,0.15790145797654986
7415,3848.3564453125,0.00010775244300020859,0.037628140300512314,29.97594451904297,0.0004479142662603408,3.0298361778259277,0.157361084013246
7416,2810.15673828125,0.00010884413495659828,0.027244187891483307,31.985057830810547,0.0004286836483515799,3.028731107711792,0.1717530419700779
7417,1527.2337646484375,7.660564733669162e-05,0.014439653605222702,30.211463928222656,0.00045396460336633027,3.028101682662964,0.16081395803485066
7418,507.0164489746094,5.321198841556907e-05,0.004255934152752161,32.443214416503906,0.0004365863569546491,3.028066396713257,0.16387658298481256
7419,86.87391662597656,2.617331119836308e-05,4.849353354074992e-05,34.210994720458984,0.0004519623762462288,3.0289204120635986,0.14851074997568503
7420,297.4761962890625,1.5844518202356994e-05,0.0021375727374106646,35.65119552612305,0.0004648325848393142,3.0307705402374268,0.14882945804856718
7421,854.4459228515625,2.6361489290138707e-05,0.0077268993481993675,34.87226867675781,0.00044247531332075596,3.0333526134490967,0.146293458994478
7422,1341.32470703125,3.558257958502509e-05,0.012559863738715649,33.299156188964844,0.00048481018166057765,3.0366322994232178,0.14968508295714855
7423,1467.9381103515625,0.00010355103586334735,0.013819715939462185,30.77702522277832,0.00044834488653577864,3.03998064994812,0.15282424999168143
7424,1155.3587646484375,0.00010161560931010172,0.010653430595993996,30.239274978637695,0.0004961483064107597,3.0435221195220947,0.15537491696886718
7425,633.7776489257812,0.00013362447498366237,0.005434740800410509,29.897369384765625,0.0004704375169239938,3.046976327896118,0.16210195899475366
7426,207.6344757080078,7.41836047382094e-05,0.001196138677187264,30.945999145507812,0.0004965625121258199,3.0506961345672607,0.3127629999653436
7427,90.81285858154297,3.560036202543415e-05,3.853855741908774e-05,33.57938766479492,0.0004981958190910518,3.0548789501190186,0.16802591702435166
7428,266.04949951171875,1.6798963770270348e-05,0.0017871514428406954,36.20112228393555,0.0004945332184433937,3.059598207473755,0.171774499991443
7429,544.9650268554688,7.77265177021036e-06,0.004538226872682571,37.402626037597656,0.0005296244635246694,3.06493878364563,0.1648488329956308
7430,721.5997924804688,2.927536297647748e-05,0.006362696643918753,33.38185501098633,0.0004902073997072875,3.070420503616333,0.16163962497375906
7431,683.3756713867188,4.6914392441976815e-05,0.005957842338830233,30.15027618408203,0.0005274967406876385,3.0758962631225586,0.1618231669999659
7432,476.24017333984375,0.00010071395081467927,0.0038926720153540373,27.45200538635254,0.0004944959655404091,3.0808815956115723,0.16082995798205957
7433,232.6663818359375,9.60309844231233e-05,0.0014510471373796463,26.493268966674805,0.0005146528710611165,3.0854198932647705,0.15940870897611603
7434,94.51127624511719,7.509815623052418e-05,9.79221731540747e-05,27.029335021972656,0.0005017990479245782,3.089552640914917,0.1504828329780139
7435,112.96627807617188,3.830505738733336e-05,0.00030290198628790677,29.052339553833008,0.0004979323712177575,3.0934722423553467,0.14601858402602375
7436,235.087890625,1.3436377230391372e-05,0.0015084202168509364,31.91196632385254,0.0005099025438539684,3.097388505935669,0.14348825003253296
7437,359.796630859375,1.1076545888499822e-05,0.0027844610158354044,31.869892120361328,0.00048372955643571913,3.1011810302734375,0.15441545797511935
7438,406.76629638671875,1.4141934116196353e-05,0.0032472789753228426,30.502473831176758,0.0005012172041460872,3.104776382446289,0.15332804201170802
7439,360.0955810546875,3.785118678933941e-05,0.002824485069140792,26.83065414428711,0.0004703128070104867,3.107788324356079,0.150262915994972
7440,252.9368438720703,5.4085132433101535e-05,0.0017404516693204641,25.29092788696289,0.0004819224704988301,3.1101133823394775,0.1661423749756068
7441,144.72576904296875,6.460344593506306e-05,0.00067367241717875,24.385169982910156,0.00046513008419424295,3.111629009246826,0.15905012498842552
7442,82.20565795898438,4.572502075461671e-05,6.418540579034016e-05,24.790435791015625,0.00046424177708104253,3.112492322921753,0.16686520900111645
7443,82.10620880126953,2.226182732556481e-05,7.954431930556893e-05,26.05769157409668,0.0004586790455505252,3.1129138469696045,0.16024075000314042
7444,128.26806640625,8.733901267987676e-06,0.0005506583256646991,27.434547424316406,0.00044894302845932543,3.1130435466766357,0.16208033298607916
7445,187.05929565429688,3.970388206653297e-06,0.0011296392185613513,28.322526931762695,0.0004537580825854093,3.1129910945892334,0.18377962498925626
7446,228.88937377929688,7.32432454242371e-06,0.0015759789384901524,26.804279327392578,0.0004375475982669741,3.1126155853271484,0.1677548749721609
7447,238.4417724609375,1.5398340110550635e-05,0.001671873382292688,25.3349666595459,0.00044379642349667847,3.111832618713379,0.15819866600213572
7448,216.8005828857422,3.0012670322321355e-05,0.0014702186454087496,23.633365631103516,0.0004314409161452204,3.1104490756988525,0.15728354098973796
7449,173.9510955810547,3.483281034277752e-05,0.001038628164678812,23.0483341217041,0.0004355665878392756,3.1085002422332764,0.15304733300581574
7450,126.21745300292969,2.9642869776580483e-05,0.0005777718033641577,22.786579132080078,0.00042689411202445626,3.1060447692871094,0.14830624999012798
7451,88.42929077148438,1.6464973668917082e-05,0.00020846712868660688,23.28742027282715,0.0004264866001904011,3.103290557861328,0.14619187504285946
7452,69.27711486816406,7.048231054795906e-06,2.393974682490807e-05,23.998567581176758,0.0004217974783387035,3.100398063659668,0.14783829101361334
7453,68.50726318359375,3.4930235415231436e-06,1.8337546862312593e-05,24.37148094177246,0.000419527234043926,3.0974628925323486,0.156761666003149
7454,80.67986297607422,4.039092800667277e-06,0.00014497640950139612,23.9072322845459,0.00041871078428812325,3.0944862365722656,0.1515819170163013
7455,99.45689392089844,8.169089596776757e-06,0.00034485175274312496,22.666637420654297,0.00041488168062642217,3.091371774673462,0.15862437500618398
7456,119.09751892089844,1.4957609892007895e-05,0.0005414656479842961,21.79632568359375,0.00041658864938654006,3.0880608558654785,0.16539333399850875
7457,134.81268310546875,1.9316095858812332e-05,0.0007043990772217512,21.09824562072754,0.0004134291084483266,3.084503412246704,0.15908683300949633
7458,143.5616455078125,1.7732592823449522e-05,0.0007924404926598072,21.116943359375,0.0004142738180235028,3.0807912349700928,0.1602223339723423
7459,145.61756896972656,1.1144493328174576e-05,0.0008240934112109244,21.13852310180664,0.0004095526528544724,3.077019691467285,0.16719916695728898
7460,142.429931640625,5.6849103202694096e-06,0.000791608530562371,21.707691192626953,0.0004099290235899389,3.073350667953491,0.1590088339871727
7461,136.13751220703125,2.612615617181291e-06,0.000735513458494097,21.748016357421875,0.00040576886385679245,3.0698487758636475,0.16228762501850724
7462,127.91256713867188,2.5610404463805025e-06,0.0006522730109281838,21.693254470825195,0.00040735903894528747,3.0665552616119385,0.16849254199769348
7463,119.12818908691406,3.809111376540386e-06,0.0005727625102736056,20.966516494750977,0.0004050450515933335,3.063411235809326,0.16111054201610386
7464,110.67047119140625,7.11198754288489e-06,0.00048816640628501773,20.42837142944336,0.0004071426810696721,3.0603785514831543,0.1584392079967074
7465,103.130615234375,9.056002454599366e-06,0.0004169112944509834,19.912425994873047,0.00040621464722789824,3.057410955429077,0.14666566695086658
7466,96.48210144042969,9.306678293796722e-06,0.0003508100926410407,19.753135681152344,0.0004071728326380253,3.0545430183410645,0.14734716597013175
7467,90.943603515625,6.2562480707129e-06,0.0003008059866260737,19.694608688354492,0.0004054277087561786,3.051823616027832,0.14525704202242196
7468,86.6734619140625,3.782170551858144e-06,0.0002587319759186357,19.869234085083008,0.00040552805876359344,3.049334764480591,0.15458066703286022
7469,83.69745635986328,1.9023345885216258e-06,0.00023203097225632519,19.9023380279541,0.0004040178610011935,3.047111988067627,0.15809766598977149
7470,81.75772857666016,1.8445753084961325e-06,0.0002126462641172111,19.82436752319336,0.0004048427508678287,3.0451622009277344,0.15534400002798066
7471,80.78982543945312,2.3370457711280324e-06,0.00020682491594925523,19.434476852416992,0.00040439149597659707,3.0434348583221436,0.1676363330334425
7472,80.85133361816406,4.14034320783685e-06,0.0002077998360618949,19.086204528808594,0.00040571115096099675,3.041879892349243,0.15859850001288578
7473,82.07391357421875,5.09992241859436e-06,0.00022247825108934194,18.756093978881836,0.0004056000034324825,3.0404469966888428,0.15137333300663158
7474,84.48455810546875,5.650853836414171e-06,0.0002464782155584544,18.665416717529297,0.00040606240509077907,3.0391342639923096,0.1957903750007972
7475,88.46407318115234,3.95282995668822e-06,0.0002894284261856228,18.6451473236084,0.0004048080008942634,3.0379559993743896,0.15908345900243148
7476,94.75016784667969,2.8439253583201207e-06,0.00035222264705225825,18.79640007019043,0.0004044711240567267,3.036954164505005,0.15755825000815094
7477,104.42232513427734,1.4250672393245623e-06,0.00045137040433473885,18.856182098388672,0.0004028659895993769,3.0361413955688477,0.1589226660435088
7478,118.78485107421875,1.5862045756875887e-06,0.0005939877009950578,18.898027420043945,0.00040329439798370004,3.0355184078216553,0.1612298329710029
7479,140.1522979736328,1.4818331237620441e-06,0.0008103802683763206,18.73334312438965,0.0004023274523206055,3.035039186477661,0.16024166700663045
7480,172.029541015625,3.118005906799226e-06,0.0011273325653746724,18.62264060974121,0.0004036184400320053,3.03466534614563,0.14805566699942574
7481,220.01763916015625,3.1085405680641998e-06,0.0016090505523607135,18.50049591064453,0.00040301246917806566,3.034341812133789,0.14397458295570686
7482,291.959228515625,5.083513769932324e-06,0.002324401866644621,18.586563110351562,0.00040424149483442307,3.0340611934661865,0.14725229202304035
7483,400.9491271972656,3.2331395232176874e-06,0.0034156201872974634,18.75577163696289,0.00040308042662218213,3.0338053703308105,0.14770720899105072
7484,565.6739501953125,5.106116077513434e-06,0.005055141635239124,19.1939754486084,0.00040455174166709185,3.033599853515625,0.15481695800554007
7485,817.9111328125,2.6949528546538204e-06,0.0075765335932374,19.669857025146484,0.00040318441460840404,3.033419370651245,0.15476070897420868
7486,1198.3863525390625,7.837928933440708e-06,0.011363010853528976,20.627059936523438,0.00040674491901881993,3.033262252807617,0.1593887080089189
7487,1771.4073486328125,6.466709237429313e-06,0.017084887251257896,21.59246826171875,0.00040679299854673445,3.033036708831787,0.16305741696851328
7488,2595.5419921875,2.3265634808922186e-05,0.025280822068452835,23.762636184692383,0.00041370297549292445,3.0327107906341553,0.16493779100710526
7489,3746.215576171875,2.657921868376434e-05,0.03675820678472519,25.957809448242188,0.000417793111409992,3.0321130752563477,0.16009970800951123
7490,5165.17138671875,7.106899283826351e-05,0.05084976181387901,30.140308380126953,0.0004294836544431746,3.03125262260437,0.1593543749768287
7491,6720.64599609375,9.72227135207504e-05,0.06632500141859055,34.381195068359375,0.00044042416266165674,3.0298516750335693,0.1665217080153525
7492,7799.1396484375,0.00017444108380004764,0.07698000222444534,37.866455078125,0.0004582908586598933,3.028096914291382,0.162733166012913
7493,7868.3115234375,0.00025170479784719646,0.07751993834972382,44.17799758911133,0.00046969173126854,3.0256450176239014,0.15857104200404137
7494,6211.71142578125,0.0002604990731924772,0.06096329912543297,40.24637222290039,0.0004908497212454677,3.0231025218963623,0.16435383300995454
7495,3488.361328125,0.00026352470740675926,0.033687934279441833,45.75967788696289,0.00047455474850721657,3.020487070083618,0.14564800000516698
7496,979.7418212890625,0.000129606545669958,0.008707801811397076,45.01140213012695,0.0005098961992189288,3.0187246799468994,0.15012829203624278
7497,113.55659484863281,4.691194408223964e-05,3.3199052268173546e-05,53.56480026245117,0.0005198069266043603,3.018354654312134,0.14752858295105398
7498,994.3340454101562,1.4337163520394824e-05,0.00879720039665699,61.289405822753906,0.0005189088988117874,3.019641637802124,0.1463642500457354
7499,2452.4267578125,7.258336154336575e-06,0.023305043578147888,61.6633186340332,0.0005953317740932107,3.0227653980255127,0.15483004099223763
7500,3123.87109375,0.00010209925676463172,0.030168989673256874,47.090728759765625,0.0004967132699675858,3.0266330242156982,0.15604295895900577
7501,2377.23046875,0.00016502260405104607,0.022624798119068146,39.89874267578125,0.0005834992043673992,3.0311200618743896,0.16375066700857133
7502,994.2345581054688,0.00040713566704653203,0.008628866635262966,36.39851379394531,0.0005423581460490823,3.035287380218506,0.16211854200810194
7503,156.13282775878906,0.00031780952122062445,0.00029071970493532717,37.275936126708984,0.0005800396320410073,3.0394883155822754,0.16339441697346047
7504,434.43121337890625,0.0001473891461500898,0.003148267976939678,43.771034240722656,0.0006109443493187428,3.044322967529297,0.1624120830092579
7505,1279.2852783203125,6.538284651469439e-05,0.011604911647737026,53.68343734741211,0.0005857230862602592,3.0500221252441406,0.16118716599885374
7506,1715.763427734375,2.4686016786290566e-06,0.01577119342982769,67.38787841796875,0.0007100921939127147,3.0572643280029297,0.1607140420237556
7507,1355.13232421875,2.9234741305117495e-05,0.012335837818682194,57.0624885559082,0.0006156257586553693,3.065294027328491,0.15960162499686703
7508,577.7833251953125,5.724037328036502e-05,0.004570212680846453,47.238914489746094,0.0006779912509955466,3.0738348960876465,0.1561844169627875
7509,131.17108154296875,0.00017118622781708837,0.00011848841677419841,37.95881271362305,0.0006424480816349387,3.082122564315796,0.16610662499442697
7510,310.5256652832031,0.0002453173801768571,0.0018724675755947828,35.48111343383789,0.0006326605216600001,3.089780330657959,0.15091124997707084
7511,755.9271240234375,0.00017258031584788114,0.006346731446683407,36.58316421508789,0.0006741274846717715,3.0970749855041504,0.14642070804256946
7512,931.0371704101562,0.00013360794400796294,0.008169225417077541,39.15400314331055,0.0006159985205158591,3.1039676666259766,0.1462412080145441
7513,665.8944091796875,4.410407564137131e-05,0.005486855749040842,45.041255950927734,0.0006775716901756823,3.110957622528076,0.15271195897366852
7514,271.3760681152344,3.052752435905859e-05,0.0015926430933177471,46.05598831176758,0.0006300301174633205,3.117929458618164,0.1551462080096826
7515,110.85076904296875,2.9765014915028587e-05,5.703685019398108e-06,44.2414436340332,0.0006306245923042297,3.1247475147247314,0.15081866696709767
7516,260.7245178222656,4.863475987804122e-05,0.0015349447494372725,39.809844970703125,0.0006255670450627804,3.131120443344116,0.15669158298987895
7517,494.43731689453125,9.681644587544724e-05,0.003924570046365261,34.75959014892578,0.0005753909354098141,3.136563539505005,0.16882291703950614
7518,551.8311157226562,0.00010876206943066791,0.004479632247239351,33.26155090332031,0.0005973008810542524,3.141019821166992,0.16036924999207258
7519,392.1993103027344,0.0001196122175315395,0.0029356172308325768,31.578847885131836,0.0005509749753400683,3.144315004348755,0.16453245899174362
7520,178.25599670410156,7.49009705032222e-05,0.0008225473575294018,32.633487701416016,0.0005587767227552831,3.146716833114624,0.15835450001759455
7521,92.4632797241211,3.7885663914494216e-05,5.967194738332182e-07,34.528480529785156,0.0005408655852079391,3.1484384536743164,0.32598433300154284
7522,167.30209350585938,1.7115093214670196e-05,0.000766336394008249,36.532371520996094,0.0005242457846179605,3.14963436126709,0.16053579200524837
7523,296.82720947265625,1.0535803085076623e-05,0.0020521553233265877,37.44932174682617,0.0005310876294970512,3.1503958702087402,0.1625179999973625
7524,358.0403137207031,2.0352335923234932e-05,0.0027204195503145456,34.41301345825195,0.0004955007461830974,3.1504926681518555,0.1619744169875048
7525,306.7294616699219,3.6887096939608455e-05,0.0022090384736657143,31.858959197998047,0.0005027796723879874,3.1498148441314697,0.14820975001202896
7526,192.9784698486328,5.9183053963351995e-05,0.001100089750252664,29.24310302734375,0.0004780808521900326,3.148167848587036,0.14425820898031816
7527,100.8075180053711,6.0003920225426555e-05,0.0001884029625216499,28.32522201538086,0.000476416083984077,3.1456282138824463,0.15093612496275455
7528,83.1889877319336,4.240829366608523e-05,3.8378871977329254e-05,28.40949821472168,0.0004670077469199896,3.14237904548645,0.15232116600964218
7529,131.4578857421875,2.1491847292054445e-05,0.0005426313728094101,29.427906036376953,0.00045617661089636385,3.1386492252349854,0.15308770799310878
7530,195.0453643798828,9.724392839416396e-06,0.0011737499153241515,30.81404685974121,0.00045883882557973266,3.1346654891967773,0.15558025002246723
7531,225.46823120117188,7.184016794781201e-06,0.0015002272557467222,30.357711791992188,0.0004436940071173012,3.1304500102996826,0.15194120799424127
7532,205.67640686035156,1.2629972843569703e-05,0.0013064761878922582,29.087839126586914,0.00044677950791083276,3.125976324081421,0.1490394999855198
7533,153.82086181640625,2.3057949874782935e-05,0.0008130021742545068,26.68023681640625,0.00043534612632356584,3.121108293533325,0.1591109170112759
7534,101.44867706298828,3.40339720423799e-05,0.00029063026886433363,25.39374351501465,0.00043588507105596364,3.1158175468444824,0.1644804590032436
7535,73.14151000976562,3.366637974977493e-05,2.0154908270342276e-05,24.671255111694336,0.0004308813076931983,3.110159397125244,0.16527941700769588
7536,75.61785888671875,2.3277134459931403e-05,5.909871106268838e-05,24.712810516357422,0.00042667464003898203,3.104299783706665,0.1654558329610154
7537,99.46580505371094,1.2009507372567896e-05,0.00030413977219723165,25.391094207763672,0.0004245978780090809,3.098450183868408,0.19147904100827873
7538,127.59551239013672,4.916916168440366e-06,0.0005944875301793218,25.778942108154297,0.00041876122122630477,3.09275484085083,0.1574249580153264
7539,144.78720092773438,4.094384166819509e-06,0.0007652147905901074,25.863157272338867,0.0004199312534183264,3.087289571762085,0.16166808299021795
7540,144.9093017578125,5.319488991517574e-06,0.000781578419264406,24.741140365600586,0.00041478354251012206,3.0820112228393555,0.17890950001310557
7541,130.19383239746094,1.118193358706776e-05,0.0006358758546411991,23.7963809967041,0.00041691676597110927,3.0768649578094482,0.15386458300054073
7542,107.92156219482422,1.4815028407610953e-05,0.00042093227966688573,22.893657684326172,0.0004145317943766713,3.07180118560791,0.14798291702754796
7543,85.8738021850586,1.6065458112279885e-05,0.00020259506709408015,22.48649787902832,0.0004152125329710543,3.0668578147888184,0.14773712499300018
7544,70.32589721679688,1.0848806596186478e-05,5.603462705039419e-05,22.35196304321289,0.00041285596671514213,3.0621275901794434,0.1544291659956798
7545,64.30178833007812,5.685762971552322e-06,4.119365257793106e-07,22.524442672729492,0.0004116757772862911,3.057729721069336,0.15948129200842232
7546,67.03082275390625,2.6742486625153106e-06,2.9420021746773273e-05,22.720611572265625,0.00041100778616964817,3.053748607635498,0.16036799998255447
7547,75.14793395996094,1.7419397408957593e-06,0.00011401063238736242,22.557790756225586,0.0004101488448213786,3.0501973628997803,0.1662367500248365
7548,84.90594482421875,3.197868636561907e-06,0.00021370449394453317,22.05364990234375,0.00041162065463140607,3.0470237731933594,0.1612113329465501
7549,93.55540466308594,5.1436277317407075e-06,0.00030525511829182506,21.360610961914062,0.00041154917562380433,3.0441412925720215,0.16212516702944413
7550,99.22706604003906,8.980824532045517e-06,0.00036063973675481975,20.903907775878906,0.0004136109782848507,3.0414822101593018,0.16967195901088417
7551,100.94143676757812,8.40864231577143e-06,0.00038195415982045233,20.609838485717773,0.00041295314440503716,3.039026975631714,0.16365741699701175
7552,98.8497314453125,7.4532904363877606e-06,0.0003616274334490299,20.631893157958984,0.0004130976158194244,3.036808729171753,0.16298016597284004
7553,94.19055938720703,3.4997108286916045e-06,0.0003201962972525507,20.72336769104004,0.00041097585926763713,3.034884452819824,0.16408524999860674
7554,88.2309341430664,2.235748979728669e-06,0.00026031440938822925,20.911243438720703,0.0004106467531528324,3.033292293548584,0.16742666700156406
7555,81.94578552246094,1.169312326965155e-06,0.0002005370333790779,20.857669830322266,0.00040917476871982217,3.0320301055908203,0.15056170901516452
7556,75.98512268066406,1.977042984435684e-06,0.00014217676653061062,20.612756729125977,0.00040956991142593324,3.0310468673706055,0.14820924995001405
7557,70.92760467529297,2.778368525468977e-06,9.45589054026641e-05,20.26446533203125,0.00040929412352852523,3.0302727222442627,0.14411533303791657
7558,67.02781677246094,4.503579020820325e-06,5.607033017440699e-05,19.989885330200195,0.0004098053614143282,3.02964448928833,0.15144579199841246
7559,64.19686126708984,4.519277808867628e-06,2.955985110020265e-05,19.844331741333008,0.0004094461619388312,3.0291340351104736,0.1529602920054458
7560,62.278114318847656,3.814697265625e-06,1.1860835911647882e-05,19.821670532226562,0.00040888891089707613,3.0287468433380127,0.1569206669810228
7561,61.18999481201172,2.2870181055623107e-06,2.8574106636369834e-06,19.88525390625,0.0004079029895365238,3.0285067558288574,0.15716879197862
7562,60.79084014892578,1.363696583212004e-06,3.219838617951609e-09,19.934293746948242,0.00040719856042414904,3.028427839279175,0.16085683298297226
7563,60.85932922363281,1.0983636684613884e-06,1.8669857126951683e-06,19.87115478515625,0.000406916398787871,3.0284969806671143,0.16142458299873397
7564,61.240081787109375,1.3325543477549218e-06,7.322711098822765e-06,19.672504425048828,0.0004070204740855843,3.0286731719970703,0.15637679101200774
7565,61.889678955078125,2.2059039110899903e-06,1.5145379620662425e-05,19.401172637939453,0.00040753374923951924,3.0289013385772705,0.162122041976545
7566,62.78142547607422,2.805457825161284e-06,2.5427340005990118e-05,19.16825294494629,0.0004078988858964294,3.029137372970581,0.1628874999587424
7567,63.861045837402344,3.3580020044610137e-06,3.703784750541672e-05,19.013675689697266,0.0004080778453499079,3.02935791015625,0.1596053329994902
7568,65.12232971191406,2.5744120648596436e-06,5.1367336709517986e-05,18.959482192993164,0.0004076867480762303,3.029569387435913,0.159457832982298
7569,66.66410827636719,2.1168777948332718e-06,6.778344686608762e-05,18.96078109741211,0.00040713290218263865,3.029787302017212,0.1594179579988122
7570,68.62626647949219,1.1590225312829716e-06,8.890562457963824e-05,18.978673934936523,0.0004064112436026335,3.030031204223633,0.16210858395788819
7571,71.14374542236328,1.2704081200354267e-06,0.0001148216106230393,18.923891067504883,0.0004061065264977515,3.0302953720092773,0.15514108299976215
7572,74.45704650878906,1.0393350748927332e-06,0.00014960009139031172,18.807205200195312,0.0004058589693158865,3.030567169189453,0.14770037500420585
7573,78.92730712890625,1.9574804355215747e-06,0.00019499821064528078,18.633821487426758,0.00040597913903184235,3.0308127403259277,0.14679324999451637
7574,85.0442123413086,1.7449303868488641e-06,0.00025772053049877286,18.504972457885742,0.00040592692676000297,3.031018018722534,0.14614341699052602
7575,93.49714660644531,2.731278527789982e-06,0.00034235918428748846,18.40674591064453,0.00040581353823654354,3.0311663150787354,0.15003516600700095
7576,105.31399536132812,1.5808042235221365e-06,0.0004622137639671564,18.39988899230957,0.0004053464799653739,3.031277656555176,0.15527312504127622
7577,122.0750503540039,2.2355707187671214e-06,0.0006296266801655293,18.399362564086914,0.0004048946429975331,3.0313549041748047,0.15443462500115857
7578,146.26849365234375,8.301334446514375e-07,0.0008729110704734921,18.466215133666992,0.0004042814834974706,3.0314300060272217,0.16395783401094377
7579,181.5248565673828,2.073567202387494e-06,0.0012241549557074904,18.47896957397461,0.0004042303189635277,3.031484365463257,0.1704511659918353
7580,233.24923706054688,8.283965371447266e-07,0.00174234202131629,18.523487091064453,0.0004040870408061892,3.0315322875976562,0.16603283397853374
7581,309.3988952636719,3.6913788790116087e-06,0.0024999952875077724,18.570972442626953,0.0004045924870297313,3.0315229892730713,0.16480033402331173
7582,421.59490966796875,1.5352729860751424e-06,0.0036220280453562737,18.75528907775879,0.0004048332339152694,3.0314760208129883,0.15991912502795458
7583,586.6608276367188,6.916875463502947e-06,0.005262646358460188,19.1502742767334,0.0004055421450175345,3.0313339233398438,0.1648779580136761
7584,829.2867431640625,2.3501854684582213e-06,0.007688051089644432,19.663402557373047,0.0004058318736497313,3.031144142150879,0.16794300003675744
7585,1182.0718994140625,1.2351490113360342e-05,0.01119321770966053,20.773439407348633,0.00040741550037637353,3.0308358669281006,0.16468624997651204
7586,1686.262451171875,4.674413958127843e-06,0.016231954097747803,21.79094696044922,0.00040808715857565403,3.030460834503174,0.15898070897674188
7587,2378.339111328125,2.7730242436518893e-05,0.023100651800632477,24.221078872680664,0.0004127981956116855,3.029905319213867,0.14754729199921712
7588,3277.505615234375,1.7552836652612314e-05,0.03208553418517113,25.707693099975586,0.0004148901498410851,3.0291736125946045,0.14854008302791044
7589,4311.33447265625,7.247681060107425e-05,0.04231775552034378,29.75133514404297,0.0004255984677001834,3.0281429290771484,0.14388570899609476
7590,5310.79150390625,6.980837497394532e-05,0.052293404936790466,31.50994873046875,0.00042960536666214466,3.0267293453216553,0.15395845798775554
7591,5854.8515625,0.00015301370876841247,0.057606641203165054,34.23456954956055,0.0004465168749447912,3.0249900817871094,0.15870383300352842
7592,5601.6298828125,0.0001688856427790597,0.055040884763002396,36.19218444824219,0.0004446035309229046,3.0228090286254883,0.1616446659900248
7593,4264.1025390625,0.00017982415738515556,0.04166523367166519,33.12759017944336,0.0004646945162676275,3.020681858062744,0.17056616698391736
7594,2354.07763671875,0.0001522243401268497,0.022583505138754845,36.0669059753418,0.0004443775105755776,3.01873517036438,0.1681090000201948
7595,697.0945434570312,7.262912549776956e-05,0.006054477766156197,36.87836837768555,0.00047505489783361554,3.0177111625671387,0.15503458300372586
7596,93.62215423583984,2.9330860343179666e-05,1.5176942724792752e-07,42.739768981933594,0.0004793412226717919,3.017970323562622,0.15687270800117403
7597,597.468017578125,1.4488320630334783e-05,0.005014810245484114,46.731876373291016,0.0004780630115419626,3.0196261405944824,0.16100212500896305
7598,1557.2642822265625,1.3180234418541659e-05,0.014570821076631546,46.00007247924805,0.0005286397645249963,3.0227396488189697,0.15553320897743106
7599,2157.06787109375,9.406572644365951e-05,0.02063225582242012,37.7014045715332,0.00046734348870813847,3.0263853073120117,0.17794470803346485
7600,1902.9307861328125,0.00012242249795235693,0.018024515360593796,34.65226745605469,0.0005358470953069627,3.030557870864868,0.16433950001373887
7601,1070.1463623046875,0.0002759484341368079,0.009595366194844246,32.89374923706055,0.0005012118490412831,3.034477710723877,0.16422683297423646
7602,295.9154968261719,0.0001845109654823318,0.0018988264491781592,33.65911102294922,0.000539226399268955,3.038583993911743,0.15985450003063306
7603,125.27923583984375,9.826456516748294e-05,0.0002315881138201803,37.726524353027344,0.0005456744111143053,3.0432183742523193,0.15024279203498736
7604,525.1953125,4.005548544228077e-05,0.00422838656231761,44.2529182434082,0.0005409819423221052,3.0486278533935547,0.14647987502394244
7605,1019.2186279296875,3.3135861485789064e-06,0.009050210006535053,52.273685455322266,0.0006159262266010046,3.0552608966827393,0.14862695802003145
7606,1163.674072265625,2.8565698812599294e-05,0.010612226091325283,44.811031341552734,0.0005478383973240852,3.062422752380371,0.1543280829791911
7607,851.5503540039062,4.48937171313446e-05,0.007475392427295446,38.86438751220703,0.0006065735360607505,3.0699453353881836,0.15313633304322138
7608,381.2314147949219,0.00015144875214900821,0.002780914306640625,31.98956298828125,0.0005600556614808738,3.077008008956909,0.15943658404285088
7609,114.89186096191406,0.00017256778664886951,9.905789920594543e-05,30.029987335205078,0.0005769930430687964,3.0834949016571045,0.15703754097921774
7610,197.21957397460938,0.00012871644867118448,0.0009546185610815883,30.71320343017578,0.0005817287601530552,3.0895462036132812,0.15848629199899733
7611,465.9883728027344,7.783756882417947e-05,0.003691374557092786,33.564266204833984,0.0005550290807150304,3.095289707183838,0.314701207971666
7612,640.1514282226562,1.7976894014282152e-05,0.005386617965996265,39.771728515625,0.0005992022342979908,3.101191759109497,0.1645197089528665
7613,579.4213256835938,1.799661185941659e-05,0.004838866181671619,39.013946533203125,0.0005472112679854035,3.1070055961608887,0.16271658398909494
7614,349.1685485839844,2.013564699154813e-05,0.002533557126298547,36.687110900878906,0.0005711214034818113,3.1126368045806885,0.16347487503662705
7615,142.8643798828125,5.725841401726939e-05,0.0005287478561513126,30.825117111206055,0.0005343863740563393,3.117577075958252,0.16957129101501778
7616,94.30866241455078,8.916996739571914e-05,4.7578098019585013e-05,27.937406539916992,0.0005269644898362458,3.121556282043457,0.15507700003217906
7617,192.16305541992188,8.840725786285475e-05,0.0010325362673029304,27.510347366333008,0.0005255834548734128,3.124561309814453,0.1464807500015013
7618,322.318359375,7.153404294513166e-05,0.002374138217419386,27.881269454956055,0.0004986986168660223,3.1266188621520996,0.14898079098202288
7619,374.86602783203125,2.864667294488754e-05,0.002901304978877306,30.665721893310547,0.0005120518617331982,3.1281120777130127,0.1514231669716537
7620,322.4798889160156,1.6183215848286636e-05,0.00241368287242949,31.31453514099121,0.00048178734141401947,3.1290831565856934,0.15938541700597852
7621,209.27870178222656,8.786119906289969e-06,0.0012737810611724854,31.951148986816406,0.0004907084512524307,3.129666566848755,0.156158083002083
7622,110.81204223632812,1.5739351511001587e-05,0.0003264725673943758,29.600543975830078,0.0004699030250776559,3.129685878753662,0.15620608400786296
7623,76.83866882324219,2.7514715839060955e-05,1.3581338862422854e-06,27.553258895874023,0.0004639812686946243,3.1290061473846436,0.1644912909832783
7624,108.45124053955078,3.815469244727865e-05,0.00032416763133369386,26.271419525146484,0.00045947590842843056,3.1275558471679688,0.16959687502821907
7625,168.5159149169922,4.1756389691727236e-05,0.0009408930782228708,25.567068099975586,0.0004468390252441168,3.125312328338623,0.16053450002800673
7626,212.85433959960938,2.886914080590941e-05,0.0013908713590353727,25.96393394470215,0.00044916357728652656,3.122486114501953,0.15936474996851757
7627,217.8118896484375,1.8770922906696796e-05,0.0014632608508691192,26.114381790161133,0.00043494347482919693,3.119185447692871,0.1660454170196317
7628,184.94439697265625,1.0197285519097932e-05,0.0011326221283525229,26.802038192749023,0.00043860412552021444,3.1156156063079834,0.16153349995147437
7629,135.06768798828125,9.000841600936837e-06,0.0006523704505525529,26.124143600463867,0.00042806417332030833,3.1117866039276123,0.16593820799607784
7630,91.34463500976562,1.1241007996432018e-05,0.00022052665008231997,25.33975601196289,0.0004282810550648719,3.107712745666504,0.15619525004876778
7631,69.49303436279297,1.65216169989435e-05,1.4199374163581524e-05,24.050498962402344,0.00042370439041405916,3.1033380031585693,0.1847156670410186
7632,72.07672882080078,2.06730401259847e-05,4.70140585093759e-05,23.1837100982666,0.0004212430794723332,3.0986521244049072,0.14767775003565475
7633,90.99821472167969,2.0036806745338254e-05,0.0002408881700830534,22.882587432861328,0.00042023128480650485,3.0937273502349854,0.14681875001406297
7634,114.25872802734375,1.5317986253648996e-05,0.00048488486208952963,22.681880950927734,0.00041556559153832495,3.0886521339416504,0.14761358394753188
7635,131.73756408691406,9.770170436240733e-06,0.0006612057331949472,23.090818405151367,0.0004154914349783212,3.0835866928100586,0.15707129199290648
7636,138.35311889648438,6.152914465928916e-06,0.0007378560258075595,22.89471435546875,0.00041057512862607837,3.078603982925415,0.15375229204073548
7637,133.38343811035156,5.316464921634179e-06,0.0006875302642583847,22.936389923095703,0.0004116236523259431,3.073784589767456,0.16475883405655622
7638,120.12861633300781,6.0135512285341974e-06,0.0005654481356032193,22.148441314697266,0.0004083399544470012,3.0691051483154297,0.17451120796613395
7639,103.04852294921875,8.216176865971647e-06,0.0003957476874347776,21.692317962646484,0.0004095982003491372,3.06457257270813,0.16895229200599715
7640,86.50076293945312,9.297225915361196e-06,0.00023662217427045107,21.107402801513672,0.00040801416616886854,3.0601701736450195,0.16200399998342618
7641,73.32000732421875,8.95440734893782e-06,0.00010721605940489098,20.881263732910156,0.000408217019867152,3.055945873260498,0.16685666696866974
7642,65.03038024902344,6.557972938026069e-06,2.9533932320191525e-05,20.7318058013916,0.00040689384331926703,3.0519561767578125,0.16102041699923575
7643,61.83205032348633,4.260791229171446e-06,3.8781672628829256e-07,20.7349796295166,0.0004063220985699445,3.0482699871063232,0.17210825002985075
7644,62.88833236694336,2.9000873382756254e-06,1.3067519830656238e-05,20.686891555786133,0.0004060467763338238,3.044928789138794,0.16070945898536593
7645,66.81684112548828,2.575368398538558e-06,5.5362037528539076e-05,20.439697265625,0.0004058340273331851,3.0419280529022217,0.16352066700346768
7646,72.30422973632812,3.4738893646135693e-06,0.00011155967513332143,20.117862701416016,0.00040683013503439724,3.0392372608184814,0.15128304198151454
7647,78.36729431152344,4.431517027114751e-06,0.00017533179197926074,19.688631057739258,0.00040702332626096904,3.036802291870117,0.14859866700135171
7648,84.20134735107422,5.706247520720353e-06,0.00023355151643045247,19.46893310546875,0.0004080663784407079,3.034597873687744,0.1462013330310583
7649,89.3673095703125,4.9763057177187875e-06,0.0002885043795686215,19.261377334594727,0.000407578656449914,3.0326106548309326,0.15079516603145748
7650,93.73358154296875,4.277294010535115e-06,0.0003321837284602225,19.3242244720459,0.0004076324694324285,3.030867576599121,0.1585625410079956
7651,97.48097229003906,2.5088463644351577e-06,0.0003730417520273477,19.285263061523438,0.0004064065287820995,3.0293819904327393,0.1546311670099385
7652,100.8389892578125,2.1945870685158297e-06,0.00040616447222419083,19.365036010742188,0.00040638045175001025,3.0281684398651123,0.15830137504963204
7653,104.21155548095703,1.6434642020612955e-06,0.0004429108230397105,19.21243667602539,0.0004054369346704334,3.0271990299224854,0.15680829202756286
7654,107.93087005615234,2.526437356209499e-06,0.00047979530063457787,19.113378524780273,0.00040585320675745606,3.0264410972595215,0.15472350001800805
7655,112.4185562133789,2.6205216272501275e-06,0.0005273891147226095,18.87828826904297,0.0004053930751979351,3.025841236114502,0.1535772499628365
7656,118.00562286376953,3.7156964936002623e-06,0.0005825842381455004,18.807945251464844,0.0004056768084410578,3.0253751277923584,0.15736016596201807
7657,125.23114776611328,2.8397053029038943e-06,0.0006573490099981427,18.716096878051758,0.00040496178553439677,3.02502179145813,0.15730466600507498
7658,134.6300811767578,3.0202706966520054e-06,0.0007508523995056748,18.76723289489746,0.000404755788622424,3.0247914791107178,0.16635741700883955
7659,147.23287963867188,1.69118095527665e-06,0.0008791915606707335,18.762645721435547,0.0004038195183966309,3.0246803760528564,0.15361991699319333
7660,164.14431762695312,2.185765879403334e-06,0.0010474059963598847,18.79559898376465,0.0004038953920826316,3.024688482284546,0.1494902090053074
7661,187.15011596679688,1.4773379461985314e-06,0.0012794544454663992,18.71515655517578,0.00040341803105548024,3.024784803390503,0.18046141701051965
7662,218.30447387695312,3.0064061320445035e-06,0.0015892005758360028,18.685518264770508,0.00040398247074335814,3.024942636489868,0.1509904580307193
7663,260.82781982421875,2.38964139498421e-06,0.0020161117427051067,18.577157974243164,0.00040400499710813165,3.0251193046569824,0.1470600410248153
7664,318.4792785644531,4.663595063902903e-06,0.0025891338009387255,18.65419578552246,0.0004044530796818435,3.025299310684204,0.1483274579513818
7665,397.3717041015625,2.9777438612654805e-06,0.0033792108297348022,18.715713500976562,0.0004043714143335819,3.0254616737365723,0.15030595898861066
7666,504.414306640625,5.5436830734834075e-06,0.004443736746907234,19.029420852661133,0.00040456809801980853,3.025616407394409,0.15119058394338936
7667,650.8427734375,3.055801244045142e-06,0.005908514838665724,19.258451461791992,0.00040427246131002903,3.0257492065429688,0.15664579201256856
7668,847.6432495117188,7.448084488714812e-06,0.007865204475820065,19.860090255737305,0.0004051789583172649,3.025865316390991,0.16271370800677687
7669,1111.8956298828125,5.038727067585569e-06,0.010506193153560162,20.251907348632812,0.0004052045114804059,3.0259206295013428,0.16667549998965114
7670,1452.923583984375,1.4350707715493627e-05,0.01389476377516985,21.250093460083008,0.000407621351769194,3.025911569595337,0.1552304580109194
7671,1884.0023193359375,1.2343950402282644e-05,0.018199708312749863,21.98194694519043,0.0004081519437022507,3.0257580280303955,0.1629606659989804
7672,2382.52587890625,2.9659748179255985e-05,0.023148363456130028,23.451086044311523,0.00041272208909504116,3.025489568710327,0.16393970797071233
7673,2921.17822265625,2.9672084565390833e-05,0.028523026034235954,24.63188934326172,0.000412764900829643,3.024991989135742,0.15562491602031514
7674,3378.781005859375,5.393794708652422e-05,0.03305353969335556,25.93450927734375,0.00042098676203750074,3.0243866443634033,0.1586452079936862
7675,3652.9814453125,6.091693649068475e-05,0.03577820956707001,27.315034866333008,0.0004175374342594296,3.023519992828369,0.16585258400300518
7676,3536.951416015625,7.790068775648251e-05,0.03459036350250244,26.998884201049805,0.00043126309174112976,3.022671699523926,0.16083241696469486
7677,3008.55419921875,8.708958193892613e-05,0.029295412823557854,28.395036697387695,0.00041909018182195723,3.021712303161621,0.1549027080181986
7678,2092.083740234375,7.124194962671027e-05,0.020141107961535454,26.944507598876953,0.00043904391350224614,3.02109694480896,0.14639241702388972
7679,1100.8319091796875,6.271738675422966e-05,0.010240930132567883,28.3985652923584,0.0004206864396110177,3.020838975906372,0.1463514999486506
7680,351.38128662109375,3.416762774577364e-05,0.0027467713225632906,29.201419830322266,0.0004408599343150854,3.0213441848754883,0.14513504202477634
7681,77.3202133178711,2.326390858797822e-05,4.9439149734098464e-06,30.6855525970459,0.0004381387843750417,3.022697925567627,0.15234220796264708
7682,265.32568359375,2.1529443984036334e-05,0.0018843300640583038,31.220142364501953,0.0004351958050392568,3.02485728263855,0.15567641600500792
7683,694.7078247070312,2.2709522454533726e-05,0.006154583767056465,30.951099395751953,0.0004602737899404019,3.0278217792510986,0.15165520797017962
7684,1076.949462890625,6.146712257759646e-05,0.009984394535422325,28.95638084411621,0.0004340685554780066,3.031057357788086,0.16161349997855723
7685,1180.5343017578125,6.155407027108595e-05,0.010980488732457161,28.743297576904297,0.0004758682334795594,3.034653902053833,0.16828454204369336
7686,977.5640258789062,0.0001110855009756051,0.008935084566473961,27.99817657470703,0.0004494883178267628,3.038137197494507,0.15930195798864588
7687,586.7853393554688,6.784234574297443e-05,0.0050332979299128056,28.37160873413086,0.00048299686750397086,3.0418591499328613,0.16815300000598654
7688,236.06829833984375,5.523792788153514e-05,0.0015503395115956664,28.87458610534668,0.00046635977923870087,3.045789957046509,0.15961879200767726
7689,83.66397094726562,2.4414526706095785e-05,2.3205871912068687e-05,30.77468490600586,0.0004812724655494094,3.0501739978790283,0.1601629169890657
7690,153.35366821289062,1.2430799870344345e-05,0.0007080612704157829,32.09992218017578,0.0004920453648082912,3.0550808906555176,0.16110491700237617
7691,345.7550048828125,1.9866947695845738e-05,0.0026559187099337578,30.635969161987305,0.0004754048422910273,3.060234785079956,0.1637315409607254
7692,517.4403686523438,2.542012771300506e-05,0.004356564488261938,29.00301742553711,0.0005023886915296316,3.0655343532562256,0.1591382910264656
7693,567.9069213867188,6.452010711655021e-05,0.004880983382463455,26.153844833374023,0.00047202743007801473,3.07045578956604,0.1477254590135999
7694,472.8820495605469,6.550918624270707e-05,0.003914061933755875,25.169952392578125,0.0004975500633008778,3.0750155448913574,0.14775008399738
7695,300.0580139160156,7.384106720564887e-05,0.0022061930503696203,24.661691665649414,0.0004739289579447359,3.079028844833374,0.14623412501532584
7696,144.75144958496094,4.233069921610877e-05,0.0006645941757597029,25.581676483154297,0.0004847728123422712,3.0827279090881348,0.14683504204731435
7697,77.91221618652344,2.228207995358389e-05,1.1437704415584449e-05,26.947357177734375,0.0004759288567584008,3.0862231254577637,0.15335800003958866
7698,107.1387939453125,1.2345206414465792e-05,0.0003113418642897159,27.8387508392334,0.0004693133232649416,3.089555501937866,0.15405454201390967
7699,190.90658569335938,1.0377370927017182e-05,0.0011478541418910027,27.664440155029297,0.0004741899319924414,3.092697858810425,0.16183591599110514
7700,273.7215270996094,2.2157893909025006e-05,0.0020089242607355118,25.30678367614746,0.000453065411420539,3.095349073410034,0.15994291700189933
7701,313.05804443359375,3.1676281651016325e-05,0.0023936713114380836,24.201833724975586,0.00046321432455442846,3.097414493560791,0.16105779103236273
7702,295.96148681640625,4.768505459651351e-05,0.0022386754862964153,22.883310317993164,0.00044442113721743226,3.098662853240967,0.15898437501164153
7703,234.31607055664062,3.7693665944971144e-05,0.0016232935013249516,23.112369537353516,0.00045104994205757976,3.0992419719696045,0.16283754201140255
7704,159.30157470703125,2.6463188987690955e-05,0.0008977394900284708,23.245874404907227,0.00043635431211441755,3.0992255210876465,0.32602016598684713
7705,99.48003387451172,1.1503109817567747e-05,0.0003027277416549623,24.296884536743164,0.00043760062544606626,3.0988481044769287,0.15733100002398714
7706,70.63336181640625,5.888505256734788e-06,2.3137012249208055e-05,24.683101654052734,0.0004304771136958152,3.0981972217559814,0.16367162502137944
7707,72.695068359375,5.681784386979416e-06,5.258772580418736e-05,24.24700355529785,0.00042621110333129764,3.0972659587860107,0.14606500003719702
7708,96.49360656738281,9.599888471711893e-06,0.00029772912967018783,23.230329513549805,0.0004253037623129785,3.095984935760498,0.1490948330028914
7709,129.3078155517578,1.7925376596394926e-05,0.0006370307528413832,21.938743591308594,0.0004187346203252673,3.094209671020508,0.1497319579939358
7710,158.43313598632812,2.2371641534846276e-05,0.0009261202649213374,21.464778900146484,0.0004211915365885943,3.0919506549835205,0.14927658397937194
7711,175.42095947265625,2.2217414880287834e-05,0.0011068374151363969,21.06732177734375,0.0004144814738538116,3.08920955657959,0.16135916602797806
7712,177.4436492919922,1.4619296052842401e-05,0.0011292706476524472,21.441442489624023,0.00041613218490965664,3.086174726486206,0.16065754200099036
7713,167.37847900390625,8.533547770639416e-06,0.00104053458198905,21.527151107788086,0.0004094451433047652,3.082941770553589,0.15700933296466246
7714,149.13665771484375,5.092387254990172e-06,0.0008555988897569478,21.9421443939209,0.0004112538881599903,3.079653263092041,0.15979499998502433
7715,127.6445541381836,5.070620773039991e-06,0.0006518225418403745,21.30586051940918,0.0004064937529619783,3.0762946605682373,0.16751608299091458
7716,106.61348724365234,7.3640603659441695e-06,0.0004432119312696159,20.774030685424805,0.00040781861753202975,3.0728654861450195,0.16268887504702434
7717,88.8734359741211,1.0704794476623647e-05,0.000273320940323174,19.908645629882812,0.0004056221805512905,3.069305658340454,0.1853996670106426
7718,75.46963500976562,1.2395100384310354e-05,0.00014063446724321693,19.57283592224121,0.00040593845187686384,3.0656399726867676,0.159676292038057
7719,66.505126953125,1.0651426237018313e-05,5.6474527809768915e-05,19.376304626464844,0.0004041623033117503,3.0619218349456787,0.1613628329942003
7720,61.632015228271484,6.977832072152523e-06,1.1257800906605553e-05,19.51556396484375,0.0004029288829769939,3.0582616329193115,0.1573806669912301
7721,60.22285079956055,3.852275312965503e-06,9.010142321130843e-08,19.68421173095703,0.00040144400554709136,3.0547573566436768,0.16571216698503122
7722,61.37931823730469,2.46279887505807e-06,1.4016689419804607e-05,19.686025619506836,0.0004004533984698355,3.0514638423919678,0.15078641701256856
7723,64.28427124023438,2.6174350296059856e-06,4.516249100561254e-05,19.454803466796875,0.00040051472024060786,3.0483875274658203,0.14663983299396932
7724,68.52043914794922,3.745398544197087e-06,9.12908508325927e-05,18.97407341003418,0.0004004273796454072,3.045485734939575,0.17735574999824166
7725,73.94969177246094,5.4980264394544065e-06,0.0001463576190872118,18.6180362701416,0.0004014609439764172,3.042731285095215,0.14849137497367337
7726,80.5406494140625,5.941271410847548e-06,0.00021507992642000318,18.299699783325195,0.00040138832991942763,3.0401041507720947,0.15052249998552725
7727,88.40179443359375,5.352257630875101e-06,0.0002942262508440763,18.266254425048828,0.00040177686605602503,3.037646532058716,0.15383095800643787
7728,98.15054321289062,3.351451823618845e-06,0.0003952545521315187,18.20740509033203,0.00040082543273456395,3.0353920459747314,0.16363820899277925
7729,110.67247009277344,2.4097698769764975e-06,0.0005195994162932038,18.354537963867188,0.0004011700802948326,3.033395290374756,0.16172254201956093
7730,127.34359741210938,1.5845535017433576e-06,0.0006893319077789783,18.209789276123047,0.0004004216461908072,3.0316474437713623,0.1566230829921551
7731,149.90786743164062,2.367395609326195e-06,0.0009133511921390891,18.178007125854492,0.00040157994953915477,3.030137777328491,0.15863208298105747
7732,181.16104125976562,2.720453494475805e-06,0.0012289979495108128,17.838558197021484,0.00040150643326342106,3.0287981033325195,0.15743945899885148
7733,224.65737915039062,4.702549176727189e-06,0.001660623005591333,17.85542106628418,0.0004026940150652081,3.027606964111328,0.15632641600677744
7734,286.47967529296875,4.077516678080428e-06,0.00228115520440042,17.711708068847656,0.0004024470108561218,3.0265185832977295,0.1663485830067657
7735,374.7554931640625,5.223420885158703e-06,0.003158845007419586,18.070697784423828,0.0004027795512229204,3.0255651473999023,0.1571589580271393
7736,503.46282958984375,3.0758392313146032e-06,0.004447869956493378,18.185096740722656,0.00040183155215345323,3.024726629257202,0.15669120900565758
7737,690.2945556640625,4.916916168440366e-06,0.006306376773864031,18.8969669342041,0.0004026816750410944,3.0240416526794434,0.15542712499154732
7738,964.5332641601562,3.5935499909101054e-06,0.009047669358551502,19.18517303466797,0.00040221813833341,3.0234384536743164,0.14611349999904633
7739,1357.9161376953125,9.896895790006965e-06,0.012960926629602909,20.339069366455078,0.0004049460403621197,3.022919178009033,0.1490030419663526
7740,1918.2261962890625,1.0857053894142155e-05,0.018553869798779488,21.09587287902832,0.00040657693170942366,3.0223352909088135,0.14655649999622256
7741,2666.928955078125,2.734801273618359e-05,0.02599813975393772,23.238210678100586,0.00041141806286759675,3.0217080116271973,0.1606195840286091
7742,3628.380859375,3.4411950764479116e-05,0.03558221459388733,25.094921112060547,0.0004162334371358156,3.020822286605835,0.15494279196718708
7743,4680.55859375,6.560474139405414e-05,0.046035394072532654,28.010881423950195,0.00042447884334251285,3.019805431365967,0.15719916700618342
7744,5665.57421875,9.488375508226454e-05,0.055816955864429474,31.20559310913086,0.0004318457213230431,3.0183417797088623,0.1663260420318693
7745,6089.89697265625,0.0001293108653044328,0.06000146269798279,32.20130920410156,0.0004461808130145073,3.016774892807007,0.15859229100169614
7746,5682.93017578125,0.00018866814207285643,0.05582878366112709,36.49044418334961,0.0004469479317776859,3.0147626399993896,0.16164883394958451
7747,4175.62158203125,0.00015543567133136094,0.04079461842775345,33.684757232666016,0.00046931501128710806,3.0130109786987305,0.16278179199434817
7748,2195.424072265625,0.0001542089885333553,0.020974621176719666,37.52413558959961,0.00045016949297860265,3.011519193649292,0.16105724999215454
7749,589.3916625976562,6.851462967460975e-05,0.004945959895849228,39.59418487548828,0.00048350024735555053,3.011077642440796,0.16342875000555068
7750,103.21904754638672,3.156165621476248e-05,6.83302350807935e-05,44.43812942504883,0.00048791730660013855,3.012000799179077,0.16055162501288578
7751,700.7483520507812,2.24562973016873e-05,0.006043760105967522,46.29566955566406,0.00047831033589318395,3.014295816421509,0.16465079202316701
7752,1679.2818603515625,2.0254037735867314e-05,0.015791259706020355,45.14142608642578,0.0005298896576277912,3.0180301666259766,0.15847966697765514
7753,2239.00048828125,0.00012380736006889492,0.021433161571621895,36.609310150146484,0.00046694374759681523,3.0221545696258545,0.1484909169957973
7754,1929.43896484375,0.00013421215408015996,0.018274469301104546,34.72571563720703,0.0005384504329413176,3.026768684387207,0.14677220798330382
7755,1065.342529296875,0.0002731869462877512,0.009542937390506268,33.47663879394531,0.0005025353166274726,3.031114339828491,0.14707099995575845
7756,289.31182861328125,0.00015907720080576837,0.0018458422273397446,34.65328598022461,0.0005416658823378384,3.0357439517974854,0.1516075839754194
7757,126.1772232055664,7.297902629943565e-05,0.00024347797443624586,39.4785270690918,0.000550529919564724,3.0410454273223877,0.15006716700736433
7758,530.62548828125,2.8086054953746498e-05,0.004276708234101534,45.583648681640625,0.0005456238868646324,3.0472164154052734,0.154713083000388
7759,1031.0718994140625,3.2457985525979893e-06,0.009178082458674908,51.17993927001953,0.0006175910239107907,3.054593324661255,0.1630405830219388
7760,1188.7547607421875,3.920971357729286e-05,0.01088013593107462,42.25035858154297,0.0005456982180476189,3.062329053878784,0.16596399998525158
7761,887.5621948242188,6.743058474967256e-05,0.007847284898161888,35.84522247314453,0.000602454412728548,3.0701820850372314,0.15972200001124293
7762,410.0991516113281,0.00017909595044329762,0.0030609117820858955,30.37973976135254,0.0005571863148361444,3.077345609664917,0.16088316700188443
7763,119.72665405273438,0.000173430162249133,0.00015904713654890656,29.112695693969727,0.000573662284296006,3.083826780319214,0.16773579100845382
7764,181.56846618652344,0.00010589446173980832,0.0008217953727580607,31.135143280029297,0.0005766433896496892,3.089893102645874,0.17082591698272154
7765,452.9141540527344,4.9486432544654235e-05,0.0035737769212573767,35.458126068115234,0.0005512969219125807,3.0957541465759277,0.17188945796806365
7766,651.4913940429688,1.0268977348459885e-05,0.005496609024703503,41.39683151245117,0.0005940673872828484,3.101794958114624,0.1614124160259962
7767,616.7242431640625,1.719063220662065e-05,0.005229283589869738,38.33837890625,0.0005373848835006356,3.107637405395508,0.16004216601140797
7768,394.0459289550781,3.2710438972571865e-05,0.00301041710190475,33.96171951293945,0.0005577141419053078,3.113037109375,0.1457629160140641
7769,169.68431091308594,8.305245137307793e-05,0.0008089284528978169,28.396747589111328,0.000520894827786833,3.1174380779266357,0.14632966701174155
7770,89.09848022460938,0.00010577060311334208,2.4075498004094698e-06,26.637361526489258,0.000516433035954833,3.1206722259521484,0.146014166995883
7771,165.0689239501953,8.236186113208532e-05,0.0007846875814720988,27.13714599609375,0.0005122683942317963,3.1228749752044678,0.14829345897305757
7772,301.52996826171875,4.6226974518503994e-05,0.0021933780517429113,28.79120445251465,0.0004877826722804457,3.124241352081299,0.16172337502939627
7773,384.4044189453125,1.3268236216390505e-05,0.003005317412316799,32.354042053222656,0.0005019184318371117,3.1251749992370605,0.1550340829999186
7774,363.0287170410156,8.09905213827733e-06,0.00282838917337358,32.23347854614258,0.0004714638344012201,3.125650644302368,0.15850645798491314
7775,260.126953125,1.03528082036064e-05,0.00180050078779459,31.051836013793945,0.0004798975423909724,3.1256535053253174,0.1536394580034539
7776,146.01634216308594,2.6963483833242208e-05,0.000699333380907774,27.579713821411133,0.00045806943671777844,3.124894857406616,0.1535162499640137
7777,81.38764953613281,4.358704973128624e-05,5.737393439630978e-05,25.716148376464844,0.0004557540232781321,3.1232588291168213,0.16328241699375212
7778,85.34295654296875,4.687194450525567e-05,0.0001070581201929599,24.985021591186523,0.00044964926200918853,3.1207687854766846,0.17166950000682846
7779,136.0601348876953,3.401172216399573e-05,0.0006361284176819026,25.10992431640625,0.0004393619019538164,3.11757755279541,0.1558554589864798
7780,193.66525268554688,1.634474756428972e-05,0.001217008219100535,26.256999969482422,0.0004407295782584697,3.113983392715454,0.15875445801066235
7781,225.24424743652344,7.689125595788937e-06,0.0015488003846257925,26.768037796020508,0.0004282727022655308,3.110118865966797,0.19021120900288224
7782,216.87606811523438,6.632365057157585e-06,0.001461054547689855,26.881786346435547,0.00043225582339800894,3.1060826778411865,0.16180237499065697
7783,177.64266967773438,1.1229820302105509e-05,0.001093646395020187,24.978105545043945,0.0004217694513499737,3.101763963699341,0.15711287502199411
7784,127.81629943847656,2.073216273856815e-05,0.0005977239925414324,23.618911743164062,0.0004235177766531706,3.097101926803589,0.15042783302487805
7785,87.433349609375,2.694058457564097e-05,0.00020426812989171594,22.407346725463867,0.0004190512408968061,3.092053174972534,0.14941191696561873
7786,67.48019409179688,2.4397448214585893e-05,1.2120062820031308e-05,22.087011337280273,0.0004174142668489367,3.086723566055298,0.14696783397812396
7787,69.32991790771484,1.5070316294441e-05,4.099496436538175e-05,22.288724899291992,0.00041434666491113603,3.0812978744506836,0.15148974995827302
7788,86.83879852294922,6.751708042429527e-06,0.00022410282690543681,22.713253021240234,0.0004104009422007948,3.0759572982788086,0.15262770897243172
7789,109.98313903808594,3.624349119490944e-06,0.0004544451949186623,23.15866470336914,0.000410175125580281,3.070836305618286,0.15288441599113867
7790,129.89695739746094,3.2660182114341296e-06,0.0006636356702074409,22.549449920654297,0.0004065735265612602,3.0659351348876953,0.1623298330232501
7791,141.4408416748047,6.813801064708969e-06,0.0007802059408277273,21.90005874633789,0.0004083880630787462,3.0612146854400635,0.1666395419742912
7792,143.29676818847656,1.0358945473853964e-05,0.0008062048000283539,20.9667911529541,0.0004067360423505306,3.0565927028656006,0.1662388340337202
7793,136.19935607910156,1.3761680747848004e-05,0.0007338462164625525,20.602989196777344,0.0004083558451384306,3.0520806312561035,0.1610066249850206
7794,122.9258804321289,1.0334404578316025e-05,0.0006097331061027944,20.302406311035156,0.0004061672370880842,3.0477347373962402,0.1548052920261398
7795,106.98548889160156,6.633286375290481e-06,0.0004526883421931416,20.448223114013672,0.00040605099638924,3.0436832904815674,0.3231037079822272
7796,91.79060363769531,2.6062609777000034e-06,0.000306289060972631,20.50661277770996,0.0004039446357637644,3.0400216579437256,0.16664662497350946
7797,79.05570983886719,1.8049618120130617e-06,0.00017908318841364235,20.506959915161133,0.0004045993846375495,3.0367953777313232,0.16424637497402728
7798,69.54425048828125,1.9871126824000385e-06,8.851040911395103e-05,20.054582595825195,0.00040439912118017673,3.033965587615967,0.149172457982786
7799,63.500213623046875,4.053000338899437e-06,3.0224638976505958e-05,19.494754791259766,0.0004057769547216594,3.0314531326293945,0.1510780830285512
7800,60.682918548583984,6.20269202045165e-06,3.851105248031672e-06,19.004436492919922,0.00040673103649169207,3.029181957244873,0.1466346249799244
7801,60.355812072753906,6.92848061589757e-06,1.8748123693512753e-06,18.754472732543945,0.0004072100855410099,3.0271241664886475,0.14974625001195818
7802,61.773399353027344,5.474850695463829e-06,1.80527895281557e-05,18.739051818847656,0.000406815845053643,3.0253055095672607,0.15325037500588223
7803,64.48133850097656,2.923480451499927e-06,4.7709752834634855e-05,18.849803924560547,0.0004056821344420314,3.0237743854522705,0.15873270900920033
7804,68.13453674316406,1.6732457197576878e-06,8.458913362119347e-05,19.010290145874023,0.00040498003363609314,3.022563934326172,0.16200149996438995
7805,72.43324279785156,1.0329039241696591e-06,0.00012950885866302997,18.959423065185547,0.0004041964712087065,3.021660327911377,0.16289429197786376
7806,77.24920654296875,1.8155476482206723e-06,0.0001784265332389623,18.776927947998047,0.0004044806701131165,3.0210065841674805,0.16128016699803993
7807,82.73811340332031,2.452893568261061e-06,0.00023558175598736852,18.47946548461914,0.0004045518289785832,3.0205273628234863,0.16349125001579523
7808,89.11680603027344,4.105970674572745e-06,0.00029888213612139225,18.320030212402344,0.0004049796552862972,3.020164728164673,0.15523458301322535
7809,96.65475463867188,3.339895101817092e-06,0.00037629989674314857,18.229887008666992,0.0004046089597977698,3.0198984146118164,0.1695813339902088
7810,105.83036804199219,3.2397879294876475e-06,0.0004681684949900955,18.286788940429688,0.00040402761078439653,3.019740104675293,0.1679064590134658
7811,117.52915954589844,1.3777929552816204e-06,0.0005871970788575709,18.36878776550293,0.00040302882553078234,3.0197134017944336,0.1606746250181459
7812,132.83982849121094,1.5892087503743824e-06,0.0007397742592729628,18.43238067626953,0.0004027110699098557,3.0198185443878174,0.1606018750462681
7813,153.27590942382812,8.70139501785161e-07,0.0009457553387619555,18.368099212646484,0.0004024527152068913,3.0200328826904297,0.14776545797940344
7814,180.98202514648438,2.5597053081583e-06,0.0012216870673000813,18.258913040161133,0.00040298435487784445,3.020299196243286,0.1462764170137234
7815,218.9710693359375,2.1144501261005644e-06,0.00160293560475111,18.106647491455078,0.00040359419654123485,3.020570993423462,0.14706391602521762
7816,271.03240966796875,4.989610715711024e-06,0.0021201479248702526,18.13152313232422,0.0004038713523186743,3.0208044052124023,0.14995437499601394
7817,342.8869323730469,2.747259713942185e-06,0.002839812310412526,18.2053165435791,0.00040425651241093874,3.021001100540161,0.15656104101799428
7818,442.28021240234375,5.440596396510955e-06,0.00382814509794116,18.54998207092285,0.0004037163744214922,3.0211594104766846,0.16073095798492432
7819,580.7693481445312,2.0429538380994927e-06,0.005213640630245209,18.820907592773438,0.0004038005426991731,3.0213053226470947,0.16597541701048613
7820,772.8400268554688,6.642500011366792e-06,0.007122826296836138,19.50616455078125,0.0004038697516079992,3.021416187286377,0.1585018330370076
7821,1037.7393798828125,3.415038918319624e-06,0.009770429693162441,19.880481719970703,0.0004047437687404454,3.0214779376983643,0.16158725001150742
7822,1393.0289306640625,1.4478339835477527e-05,0.013298914767801762,21.062057495117188,0.0004062761727254838,3.0214314460754395,0.1591724160243757
7823,1856.5296630859375,1.0686860150599387e-05,0.01792912743985653,21.718551635742188,0.00040829763747751713,3.021228075027466,0.16437020804733038
7824,2419.483642578125,3.249194924137555e-05,0.02351318672299385,23.754776000976562,0.0004116088093724102,3.020843029022217,0.19211366696981713
7825,3054.35546875,2.8768028641934507e-05,0.0298544242978096,24.686885833740234,0.0004134972405154258,3.0202016830444336,0.16433712502475828
7826,3640.490234375,6.0462811234174296e-05,0.035655200481414795,26.87624740600586,0.00042047680472023785,3.0193896293640137,0.15582495799753815
7827,4042.78466796875,6.548892270075157e-05,0.03966531530022621,27.779203414916992,0.0004192495543975383,3.0182690620422363,0.1634804999921471
7828,4004.2958984375,9.025730105349794e-05,0.03923920542001724,28.09994125366211,0.0004324983456172049,3.0171282291412354,0.14646079199155793
7829,3454.6484375,0.00010434469004394487,0.033727940171957016,29.201425552368164,0.00042218429734930396,3.015817880630493,0.14534674998139963
7830,2400.74609375,8.394458563998342e-05,0.02320186235010624,27.88785743713379,0.00044277351116761565,3.0148861408233643,0.14322749996790662
7831,1229.7786865234375,7.56881563575007e-05,0.011501585133373737,29.617578506469727,0.0004243370785843581,3.014355421066284,0.15054329199483618
7832,356.2758483886719,3.7395649997051805e-05,0.0027656718157231808,31.240238189697266,0.00044728894135914743,3.014739513397217,0.1608815409708768
7833,81.6004409790039,2.4273365852423012e-05,1.2412313481036108e-05,33.23663330078125,0.00044695238466374576,3.016158103942871,0.15695350000169128
7834,368.6731872558594,2.448998020554427e-05,0.002884608693420887,33.60701370239258,0.0004415626754052937,3.0185277462005615,0.1641131670330651
7835,905.5963745117188,2.5237142835976556e-05,0.008225997909903526,33.17945098876953,0.00047293378156609833,3.0218639373779297,0.16833370795939118
7836,1317.011962890625,8.510302723152563e-05,0.012344895862042904,29.92292022705078,0.00044089072616770864,3.025447130203247,0.19600095797795802
7837,1334.42919921875,7.623882265761495e-05,0.012479512952268124,29.912357330322266,0.0004894165322184563,3.029449462890625,0.16347816697089002
7838,989.0034790039062,0.000141279844683595,0.008997981436550617,29.003408432006836,0.00046073892735876143,3.0333094596862793,0.1614208749961108
7839,494.79815673828125,7.407480734400451e-05,0.0040773916989564896,30.019559860229492,0.0004963197279721498,3.0375101566314697,0.15532833395991474
7840,150.48130798339844,5.1848623115802184e-05,0.0006564813083969057,31.23666000366211,0.0004841164918616414,3.04209041595459,0.15936108300229535
7841,103.15250396728516,2.2347965568769723e-05,0.00017668557120487094,33.719669342041016,0.0004952948074787855,3.0472593307495117,0.16294095903867856
7842,297.00030517578125,1.0171415851800703e-05,0.0020902184769511223,35.19268798828125,0.0005176861886866391,3.0531046390533447,0.1620100830332376
7843,549.0449829101562,3.0010058253537863e-05,0.004655321128666401,31.680397033691406,0.000488314894028008,3.0591251850128174,0.15184879198204726
7844,676.438232421875,3.820625352091156e-05,0.005907671991735697,29.495588302612305,0.0005235478165559471,3.0652120113372803,0.14802487497217953
7845,610.6685791015625,9.660308569436893e-05,0.005259740632027388,26.250499725341797,0.0004878370382357389,3.0707221031188965,0.14693058299599215
7846,400.748291015625,8.183152385754511e-05,0.0031554156448692083,25.679052352905273,0.000513445062097162,3.075773239135742,0.14626295800553635
7847,186.68997192382812,7.350749365286902e-05,0.0010447842068970203,25.738574981689453,0.000491222133859992,3.080291748046875,0.15407079103169963
7848,83.55785369873047,3.426316106924787e-05,2.7760381271946244e-05,27.724599838256836,0.0004963089595548809,3.0845532417297363,0.15386112499982119
7849,119.16221618652344,1.3462607967085205e-05,0.0003819634730461985,29.939130783081055,0.0004968048306182027,3.0887224674224854,0.16431845899205655
7850,234.6424560546875,1.2231958862685133e-05,0.0015624731313437223,29.43492889404297,0.0004773703694809228,3.092658758163452,0.1633802920114249
7851,341.9762268066406,1.526996675238479e-05,0.0026334566064178944,28.238235473632812,0.0004886531969532371,3.0962631702423096,0.15879462502198294
7852,380.62890625,4.198548776912503e-05,0.0030564023181796074,24.79277229309082,0.00045997355482541025,3.0990700721740723,0.16509291698457673
7853,334.917236328125,5.034549758420326e-05,0.002587362891063094,24.0000057220459,0.0004714639508165419,3.101041555404663,0.16188691603019834
7854,237.31185913085938,5.8377860113978386e-05,0.0016322778537869453,23.114667892456055,0.00045131624210625887,3.102039337158203,0.16429737501312047
7855,137.88580322265625,3.2801865017972887e-05,0.0006526628276333213,23.973976135253906,0.00045365351252257824,3.1023478507995605,0.1629570000222884
7856,79.53424072265625,1.4786593965254724e-05,8.797289774520323e-05,25.007862091064453,0.0004425042716320604,3.1021671295166016,0.1579195829690434
7857,74.75016021728516,5.542279723158572e-06,4.345807246863842e-05,26.058626174926758,0.0004379150050226599,3.101665735244751,0.15911670797504485
7858,109.80252075195312,4.303467449062737e-06,0.0003977231972385198,25.949665069580078,0.00043650189763866365,3.100874662399292,0.1594714589882642
7859,160.04998779296875,1.0987458153977059e-05,0.0009233651799149811,24.089075088500977,0.00042525643948465586,3.099599838256836,0.147381916991435
7860,202.24609375,2.0385692550917156e-05,0.0013443019706755877,22.909971237182617,0.0004286734911147505,3.097757339477539,0.1464220000198111
7861,221.0338897705078,3.222544910386205e-05,0.0015414342051371932,21.707563400268555,0.0004196036315988749,3.0951945781707764,0.14965041703544557
7862,211.14463806152344,2.743972981988918e-05,0.0014448780566453934,21.698802947998047,0.0004221404669806361,3.092076063156128,0.1499645419535227
7863,180.31222534179688,1.842238452809397e-05,0.0011544872540980577,21.66387939453125,0.0004135738709010184,3.0885233879089355,0.15010233299108222
7864,140.93580627441406,7.879367331042886e-06,0.00076151272514835,22.52752685546875,0.000414690759498626,3.0848050117492676,0.1535731250187382
7865,104.79978942871094,4.171936780039687e-06,0.000409486674470827,22.532262802124023,0.0004090166185051203,3.081010580062866,0.16596312500769272
7866,78.29104614257812,4.342629381426377e-06,0.0001475078461226076,22.18385124206543,0.0004092215094715357,3.0771799087524414,0.15994591603521258
7867,64.45729064941406,8.080743100435939e-06,1.93538362509571e-05,21.011110305786133,0.00040702722617425025,3.0732340812683105,0.1635214160196483
7868,62.97643280029297,1.3424145436147228e-05,8.940144653024618e-06,20.077098846435547,0.0004066290275659412,3.0691099166870117,0.16265720798401162
7869,70.64273834228516,1.577626244397834e-05,8.777622133493423e-05,19.645103454589844,0.0004064238746650517,3.0648231506347656,0.16183495800942183
7870,83.32780456542969,1.2771018191415351e-05,0.0002211927785538137,19.497499465942383,0.00040433931280858815,3.0604522228240967,0.16241958300815895
7871,97.81268310546875,7.226896286738338e-06,0.00036855178768746555,19.8961181640625,0.00040338700637221336,3.0561680793762207,0.15625879203435034
7872,112.10737609863281,3.3187961889780127e-06,0.0005168856587260962,20.0300235748291,0.0004005690570920706,3.0520741939544678,0.16107708297204226
7873,124.61859130859375,2.2080289454606827e-06,0.0006402360741049051,20.254732131958008,0.00040119452751241624,3.048259735107422,0.15795995900407434
7874,134.99766540527344,2.7690373372024624e-06,0.0007512705633416772,19.627025604248047,0.00039966669282875955,3.0446760654449463,0.15591679100180045
7875,143.46725463867188,5.289013643050566e-06,0.0008353563025593758,19.24184799194336,0.0004016086459159851,3.041295289993286,0.14857495797332376
7876,150.6830596923828,7.348217877733987e-06,0.0009117810986936092,18.627649307250977,0.0004014247970189899,3.038041830062866,0.1552590419887565
7877,156.83944702148438,8.200807315006386e-06,0.0009722161921672523,18.545257568359375,0.000402524892706424,3.0349574089050293,0.15937866701278836
7878,162.80210876464844,5.676954515365651e-06,0.0010374145349487662,18.36555290222168,0.00040127403917722404,3.032071590423584,0.16241812496446073
7879,169.3962860107422,3.724893758771941e-06,0.0011021941900253296,18.65033721923828,0.00040154033922590315,3.0294907093048096,0.17086720798397437
7880,178.07186889648438,1.8410150914860424e-06,0.0011931720655411482,18.55741310119629,0.00040013145189732313,3.027233123779297,0.15412224997999147
7881,189.53489685058594,2.2062579319026554e-06,0.0013052183203399181,18.648590087890625,0.00040143841761164367,3.0253183841705322,0.1615426249918528
7882,205.24855041503906,2.628053152875509e-06,0.0014669476076960564,18.179990768432617,0.0004011099226772785,3.0236635208129883,0.16394749999744818
7883,226.2801971435547,5.151741788722575e-06,0.0016741552390158176,18.07610321044922,0.00040273391641676426,3.0222299098968506,0.1584883329924196
7884,254.6715087890625,5.485455403686501e-06,0.0019611031748354435,17.743181228637695,0.0004026946844533086,3.020941734313965,0.16049008298432454
7885,292.20721435546875,6.503138138214126e-06,0.0023330538533627987,17.956449508666992,0.00040295059443451464,3.0198311805725098,0.15964195801643655
7886,342.8838806152344,4.038134647998959e-06,0.0028438286390155554,17.934606552124023,0.0004016258753836155,3.018888473510742,0.3245159159996547
7887,410.7966003417969,4.054680630360963e-06,0.00351792573928833,18.43661117553711,0.000401619472540915,3.0181808471679688,0.15796754200709984
7888,503.47271728515625,2.5334529709652998e-06,0.0044476790353655815,18.44328498840332,0.0004000815097242594,3.017662286758423,0.1521184590528719
7889,627.7183227539062,4.911894848191878e-06,0.0056817978620529175,18.895641326904297,0.0004015169688500464,3.017343521118164,0.14866633299971
7890,795.421875,5.329391569830477e-06,0.007359296549111605,18.861713409423828,0.00040097578312270343,3.0171000957489014,0.147742000001017
7891,1013.8690185546875,1.1066629667766392e-05,0.009529526345431805,19.482723236083984,0.0004032694560009986,3.016941547393799,0.14491500001167879
7892,1297.12158203125,1.1597913726291154e-05,0.012358409352600574,19.802688598632812,0.00040318063111044466,3.0167362689971924,0.15531541698146611
7893,1642.5511474609375,1.8363078197580762e-05,0.015792638063430786,20.848390579223633,0.00040602710214443505,3.016575813293457,0.160374499973841
7894,2054.880126953125,1.8650262063601986e-05,0.019909122958779335,21.606962203979492,0.0004049595445394516,3.016322612762451,0.1595227500074543
7895,2489.1240234375,2.7943457098444924e-05,0.024222958832979202,22.9307861328125,0.00041103039984591305,3.016129732131958,0.15883016702719033
7896,2909.114013671875,3.608208862715401e-05,0.028407741338014603,23.864824295043945,0.00040867002098821104,3.015770673751831,0.1559230000129901
7897,3180.021240234375,4.91557402710896e-05,0.031084397807717323,24.68224334716797,0.0004198390815872699,3.015470504760742,0.15097729198168963
7898,3226.377197265625,7.052734144963324e-05,0.03152081370353699,25.828201293945312,0.00041415137820877135,3.0149412155151367,0.15379145898623392
7899,2899.412109375,6.761768599972129e-05,0.028242822736501694,25.395803451538086,0.0004297250707168132,3.014590263366699,0.16452870797365904
7900,2262.244384765625,8.195450209314004e-05,0.021860409528017044,26.511308670043945,0.00041496611083857715,3.014230251312256,0.15575212496332824
7901,1418.2437744140625,5.118465924169868e-05,0.013432322070002556,26.351064682006836,0.00043542092316783965,3.0143988132476807,0.15826554200612009
7902,649.1532592773438,4.6193748858058825e-05,0.005753513425588608,27.361080169677734,0.0004182147094979882,3.0150721073150635,0.1605133330449462
7903,172.67196655273438,2.5060786356334575e-05,0.000981814693659544,28.572067260742188,0.00043412356171756983,3.016568899154663,0.15033287496771663
7904,88.9872055053711,2.140406650141813e-05,0.0001443856453988701,28.973798751831055,0.0004343443433754146,3.018885612487793,0.1445381250232458
7905,322.8514404296875,2.9521625037887134e-05,0.002488683210685849,28.325660705566406,0.0004270527861081064,3.021815299987793,0.1724580000154674
7906,681.9287109375,3.053279215237126e-05,0.006053735967725515,28.23811912536621,0.00045263717765919864,3.025359630584717,0.14830574998632073
7907,962.0881958007812,7.126005948521197e-05,0.00884843897074461,27.03229522705078,0.0004308606730774045,3.028965950012207,0.1613826670218259
7908,1016.021484375,5.304863225319423e-05,0.009363011457026005,27.587650299072266,0.0004682782746385783,3.032865285873413,0.15479674999369308
7909,844.8540649414062,8.11900754342787e-05,0.007654097396880388,27.01091766357422,0.0004431441193446517,3.036663770675659,0.164036332978867
7910,537.101318359375,3.95418428524863e-05,0.004580953624099493,27.663970947265625,0.0004738778225146234,3.040767192840576,0.1703339169616811
7911,249.53099060058594,3.4718221286311746e-05,0.001729190582409501,27.51121711730957,0.00045628909720107913,3.045074224472046,0.1717864170204848
7912,92.68923950195312,1.8716733393375762e-05,0.00015573900600429624,28.18813133239746,0.00047055530012585223,3.0497303009033203,0.196783667022828
7913,99.06343078613281,1.6947333278949372e-05,0.0002220730239059776,27.85587501525879,0.0004730552027467638,3.0546514987945557,0.15871637500822544
7914,220.3545379638672,2.790755024761893e-05,0.0014502662234008312,26.328807830810547,0.00046208343701437116,3.059544086456299,0.15258570801233873
7915,366.48468017578125,3.218012352590449e-05,0.0028975307941436768,25.509227752685547,0.00048004367272369564,3.0643227100372314,0.16044174996204674
7916,455.9443054199219,5.5406395404133946e-05,0.0038069323636591434,24.017959594726562,0.0004569248703774065,3.06860089302063,0.16147887497209013
7917,445.8690185546875,4.4121494283899665e-05,0.0036963592283427715,24.1346492767334,0.0004768630606122315,3.072498083114624,0.1621571669820696
7918,354.0295104980469,4.480350617086515e-05,0.002804853953421116,23.724449157714844,0.00045339317875914276,3.075864315032959,0.15879975003190339
7919,228.22543334960938,2.46684649027884e-05,0.00154581805691123,24.62155532836914,0.0004655524098780006,3.078917980194092,0.14707216602982953
7920,124.32748413085938,1.870899723144248e-05,0.0005291755660437047,24.532421112060547,0.0004500660870689899,3.081622838973999,0.14706329198088497
7921,73.93621063232422,1.4273138731368817e-05,3.0180090107023716e-05,24.493371963500977,0.00044997516670264304,3.0839955806732178,0.1465282499557361
7922,80.86373901367188,1.585875725140795e-05,0.00010964904504362494,23.77049446105957,0.0004454246663954109,3.085947275161743,0.15395770804025233
7923,127.06266021728516,2.1989870219840668e-05,0.0005857535870745778,22.725154876708984,0.0004356316349003464,3.0873167514801025,0.15513433300657198
7924,185.08798217773438,2.3277134459931403e-05,0.0011630739318206906,22.54046630859375,0.0004391242400743067,3.088099718093872,0.16075083299074322
7925,230.77005004882812,2.6070953026646748e-05,0.0016352074453607202,22.01439094543457,0.0004262781294528395,3.0881989002227783,0.16385470802197233
7926,249.54246520996094,1.8207096218247898e-05,0.0018205264350399375,22.525718688964844,0.00043143381481058896,3.087782382965088,0.157292417017743
7927,240.59906005859375,1.5036552213132381e-05,0.0017502527916803956,22.218399047851562,0.0004185172147117555,3.086848258972168,0.17404299997724593
7928,210.05845642089844,9.652408152760472e-06,0.0014422691892832518,22.583600997924805,0.00042282699723728,3.0855624675750732,0.16483925003558397
7929,169.31512451171875,9.877028787741438e-06,0.0010518088238313794,21.84490966796875,0.00041301632882095873,3.083885431289673,0.15972970897564664
7930,128.2438507080078,1.0262484465783928e-05,0.0006419867859221995,21.499292373657227,0.00041519635124132037,3.081871509552002,0.1650895409984514
7931,94.80401611328125,1.2788063941115979e-05,0.0003182878717780113,20.71455955505371,0.0004098186327610165,3.0794708728790283,0.1633447500062175
7932,72.7950668334961,1.3412354746833444e-05,0.00010091264266520739,20.384305953979492,0.00040978260221891105,3.0767271518707275,0.15918595797847956
7933,62.847354888916016,1.2343531125225127e-05,7.564682164229453e-06,20.129112243652344,0.0004072742012795061,3.0736868381500244,0.1628798749879934
7934,63.27136993408203,9.801868145586923e-06,1.6730627976357937e-05,20.070161819458008,0.000405479600885883,3.070432186126709,0.15110912499949336
7935,71.22237396240234,7.4120157478319015e-06,9.923832840286195e-05,20.10176658630371,0.0004045557579956949,3.0670547485351562,0.14700254099443555
7936,83.71890258789062,6.278929504333064e-06,0.00023042852990329266,19.829561233520508,0.0004021859494969249,3.0635907649993896,0.14642233296763152
7937,98.21890258789062,6.405317435564939e-06,0.00037655894993804395,19.668718338012695,0.0004025375528726727,3.060086250305176,0.14802500000223517
7938,113.20536804199219,7.21408287063241e-06,0.0005332529544830322,19.099336624145508,0.0004005932714790106,3.056518793106079,0.1559256250038743
7939,127.80577087402344,8.060423169808928e-06,0.0006787066231481731,18.98919677734375,0.0004013987199869007,3.0529332160949707,0.15030487498734146
7940,142.039794921875,7.583710612379946e-06,0.0008269979734905064,18.613685607910156,0.00039967941120266914,3.049333095550537,0.152728124987334
7941,156.22183227539062,6.59006627756753e-06,0.0009677312918938696,18.7795467376709,0.0004001014167442918,3.045814037322998,0.15992433298379183
7942,171.58628845214844,4.712636382464552e-06,0.00112730055116117,18.564714431762695,0.0003982025373261422,3.0424063205718994,0.16291716694831848
7943,189.1878204345703,4.143254500377225e-06,0.0013011903502047062,18.760133743286133,0.0003989433462265879,3.039196491241455,0.16141941701062024
7944,210.94412231445312,3.4623451483639656e-06,0.0015242774970829487,18.41535186767578,0.0003975478757638484,3.0361695289611816,0.16243254102300853
7945,238.43966674804688,4.547197022475302e-06,0.001796193653717637,18.46228790283203,0.00039903289871290326,3.0333619117736816,0.1614645830122754
7946,274.6867980957031,4.634806828107685e-06,0.002163378056138754,18.0488224029541,0.0003983667411375791,3.0307211875915527,0.16773324995301664
7947,322.3296203613281,6.243135430850089e-06,0.0026351208798587322,18.195201873779297,0.00039998028660193086,3.028285503387451,0.16885583399562165
7948,386.50872802734375,5.221241735853255e-06,0.0032808417454361916,17.96881103515625,0.00039933607331477106,3.026017904281616,0.16022666596109048
7949,472.0862121582031,6.323816705844365e-06,0.004129807930439711,18.393999099731445,0.0004007901588920504,3.0239853858947754,0.1556242919759825
7950,588.3722534179688,4.7255848585336935e-06,0.005296149291098118,18.2970027923584,0.0003998778120148927,3.022144079208374,0.1507837910321541
7951,743.7431030273438,7.182100034697214e-06,0.00683866161853075,18.960960388183594,0.00040197823545895517,3.020548105239868,0.14858654199633747
7952,953.8363647460938,6.723240858264035e-06,0.008941215462982655,18.90956687927246,0.0004013298312202096,3.019097328186035,0.14662183303153142
7953,1227.8878173828125,1.2438787052815314e-05,0.011662978678941727,19.90447998046875,0.0004044155648443848,3.017836332321167,0.14888112497283146
7954,1583.93798828125,1.3752394806942903e-05,0.015220610424876213,20.0831298828125,0.00040418619755655527,3.016613245010376,0.15209320903522894
7955,2014.1199951171875,2.298245090059936e-05,0.01949409581720829,21.56083106994629,0.0004085143154952675,3.0155246257781982,0.1527158329845406
7956,2518.464599609375,2.773149753920734e-05,0.024526994675397873,22.208932876586914,0.0004078290075995028,3.014370918273926,0.1630174999590963
7957,3020.827392578125,3.914778062608093e-05,0.029515286907553673,23.863157272338867,0.000415208691265434,3.013350009918213,0.16047179099405184
7958,3461.294189453125,5.473406781675294e-05,0.033897168934345245,24.8729248046875,0.0004123132093809545,3.0121798515319824,0.1575518329627812
7959,3647.289306640625,6.190623389557004e-05,0.03572943061590195,25.621356964111328,0.0004253418301232159,3.011204957962036,0.1592617080314085
7960,3500.758544921875,9.088922524824739e-05,0.03423088788986206,26.950035095214844,0.0004163088742643595,3.010101556777954,0.15305333299329504
7961,2889.58154296875,7.229019684018567e-05,0.028122827410697937,26.443531036376953,0.0004362629260867834,3.0094125270843506,0.15675079199718311
7962,1983.962158203125,8.78834689501673e-05,0.019057033583521843,27.7226505279541,0.0004174774803686887,3.008943557739258,0.164057582966052
7963,1009.4231567382812,4.8016550863394514e-05,0.009319506585597992,28.422616958618164,0.00044248253107070923,3.0092763900756836,0.1556589999818243
7964,312.1374206542969,4.1971583414124325e-05,0.0023554484359920025,29.575572967529297,0.0004281985748093575,3.010397434234619,0.15882391697959974
7965,77.43698120117188,2.6394551241537556e-05,4.6593237357228645e-07,30.85528564453125,0.0004389564855955541,3.012493848800659,0.15287216700380668
7966,277.4863586425781,2.293275792908389e-05,0.001990309450775385,31.12383460998535,0.0004503829695750028,3.015568256378174,0.15168595901923254
7967,700.2994384765625,4.778883157996461e-05,0.006230305880308151,29.312541961669922,0.0004317742714192718,3.0191705226898193,0.14976870798273012
7968,1067.1064453125,4.377140794531442e-05,0.009862128645181656,29.53933334350586,0.0004697708645835519,3.0233800411224365,0.18814308301080018
7969,1188.6009521484375,0.00010392742842668667,0.011059076525270939,28.1107234954834,0.00044189993059262633,3.027519941329956,0.15350987494457513
7970,1002.1306762695312,6.314103666227311e-05,0.009186946786940098,28.793254852294922,0.000483286363305524,3.0319745540618896,0.15224141703220084
7971,639.7941284179688,7.960174116306007e-05,0.005579858087003231,28.1981143951416,0.0004565007984638214,3.036432981491089,0.15451462497003376
7972,283.92254638671875,3.338752139825374e-05,0.0020262731704860926,29.47149085998535,0.00048484979197382927,3.041313409805298,0.16429508401779458
7973,95.38307189941406,2.3431528461514972e-05,0.00015495451225433499,29.859804153442383,0.0004768466460518539,3.046583652496338,0.1588479169877246
7974,115.4464111328125,1.9333388991071843e-05,0.00035959004890173674,29.72940444946289,0.00047824662760831416,3.052168846130371,0.16137345897732303
7975,276.0433044433594,2.0016001144540496e-05,0.001957557164132595,28.92628288269043,0.0004935968900099397,3.057966470718384,0.17223666602512822
7976,456.2514343261719,4.7491797886323184e-05,0.0037833733949810266,26.279170989990234,0.00046885746996849775,3.0634682178497314,0.16259754198836163
7977,546.1439208984375,4.8909492761595175e-05,0.004662058316171169,25.5871524810791,0.0004945994587615132,3.068655014038086,0.1608916669501923
7978,506.95513916015625,7.16429713065736e-05,0.004288628697395325,24.350830078125,0.00046577132889069617,3.0731618404388428,0.16203491698252037
7979,367.2452697753906,4.49049002781976e-05,0.0028927072416990995,24.996126174926758,0.0004848795069847256,3.077233076095581,0.3089834579732269
7980,208.47515869140625,3.406388350413181e-05,0.0013361324090510607,25.153770446777344,0.0004630176699720323,3.0808374881744385,0.1488413750194013
7981,100.51139068603516,1.7208923964062706e-05,0.0002573302772361785,26.202974319458008,0.00046854495303705335,3.0841450691223145,0.15230929100653157
7982,74.98265838623047,1.3390098501986358e-05,1.5652451111236587e-05,26.02629280090332,0.00046052111429162323,3.087116241455078,0.14312249998329207
7983,119.76451873779297,1.746703674143646e-05,0.00048251476255245507,24.811019897460938,0.00044955313205718994,3.0895822048187256,0.16090470796916634
7984,197.28053283691406,2.270043478347361e-05,0.0012573774438351393,23.987516403198242,0.00045285222586244345,3.0914463996887207,0.15714629204012454
7985,266.1840515136719,3.458138962741941e-05,0.0019636801443994045,22.71043586730957,0.00043647465645335615,3.0924744606018066,0.1608013749937527
7986,297.07000732421875,2.978322845592629e-05,0.002267329255118966,22.99957847595215,0.00044359202729538083,3.0927810668945312,0.16954495903337374
7987,284.0797119140625,2.6652403903426602e-05,0.0021603405475616455,22.64947509765625,0.0004273093945812434,3.092343807220459,0.16215862496756017
7988,237.19581604003906,1.4249729247239884e-05,0.001690721488557756,23.45167350769043,0.00043247020221315324,3.0914199352264404,0.15907424996839836
7989,177.0234375,1.0231574378849473e-05,0.0011090277694165707,23.119152069091797,0.00041978355147875845,3.0900418758392334,0.16249333397718146
7990,121.18782043457031,7.92359969636891e-06,0.000551688252016902,23.04168128967285,0.00042184951598756015,3.0883147716522217,0.1630272910115309
7991,82.25474548339844,1.0406576620880514e-05,0.00017653348913881928,22.056705474853516,0.0004150404129177332,3.086177349090576,0.16827670898055658
7992,64.98873138427734,1.3826764188706875e-05,9.114931344811339e-06,21.310131072998047,0.00041384430369362235,3.0836076736450195,0.15545145800570026
7993,67.45470428466797,1.6096053514047526e-05,3.869560532621108e-05,20.78207015991211,0.0004119346849620342,3.0806093215942383,0.16558345896191895
7994,83.58047485351562,1.5139812603592873e-05,0.00020696209685411304,20.498506546020508,0.000408717809477821,3.0772275924682617,0.16132683295290917
7995,106.25782012939453,1.120187334890943e-05,0.0004359040467534214,20.69268798828125,0.0004085454565938562,3.0736007690429688,0.2010213329922408
7996,129.56063842773438,7.926284524728544e-06,0.0006777007365599275,20.563684463500977,0.00040434254333376884,3.0698013305664062,0.14377629099180922
7997,149.2604522705078,6.380300419550622e-06,0.0008734324364922941,20.739229202270508,0.0004053994780406356,3.065939426422119,0.13551200000802055
7998,163.58154296875,6.733135705871973e-06,0.0010268442565575242,20.03382682800293,0.00040189968422055244,3.0619935989379883,0.15662912500556558
7999,171.9905242919922,8.564219569962006e-06,0.0011095994850620627,19.83013343811035,0.00040344020817428827,3.0580029487609863,0.18130095797823742
8000,175.61268615722656,9.748942829901353e-06,0.001154017518274486,19.113981246948242,0.00040122069185599685,3.0539331436157227,0.1588844579528086
8001,175.27639770507812,9.880775905912742e-06,0.0011493731290102005,19.15279769897461,0.00040198213537223637,3.049872875213623,0.15132312499918044
8002,172.73922729492188,7.48684988138848e-06,0.0011317236348986626,18.85074234008789,0.00039967428892850876,3.045865535736084,0.1627243749680929
8003,169.1885986328125,5.607862476608716e-06,0.0010952397715300322,19.117216110229492,0.0003998661122750491,3.0420403480529785,0.1484013749868609
8004,166.24652099609375,3.6822229958488606e-06,0.0010722430888563395,18.87379264831543,0.0003978018066845834,3.0384316444396973,0.16647420899244025
8005,164.68011474609375,3.866326551360544e-06,0.0010551053564995527,18.90577507019043,0.0003987716627307236,3.035097360610962,0.16762799996649846
8006,165.51206970214844,3.9758533603162505e-06,0.0010691381758078933,18.419546127319336,0.00039781120722182095,3.031998872756958,0.1701689590117894
8007,169.08447265625,5.612379936792422e-06,0.0011031442554667592,18.28133773803711,0.00039927480975165963,3.0291459560394287,0.16986324999015778
8008,176.23629760742188,5.4447677939606365e-06,0.0011790326097980142,17.903858184814453,0.0003988470125477761,3.026503562927246,0.16712020797422156
8009,187.5736846923828,5.813821189804003e-06,0.001290496438741684,17.963991165161133,0.00039978689164854586,3.024118661880493,0.1480610420112498
8010,204.62060546875,3.924912562069949e-06,0.0014653592370450497,17.802576065063477,0.0003988961689174175,3.02199387550354,0.1499462079955265
8011,228.96633911132812,3.8938001125643495e-06,0.0017058129888027906,18.020954132080078,0.0003997471067123115,3.020181894302368,0.14841437502764165
8012,263.6654052734375,2.7433093237050343e-06,0.0020566508173942566,17.831693649291992,0.00039894290966913104,3.0186495780944824,0.1462037920136936
8013,312.0093994140625,4.234748303133529e-06,0.002535501727834344,18.005237579345703,0.00040030505624599755,3.017400026321411,0.15175870904931799
8014,379.94415283203125,4.01755914936075e-06,0.003218134166672826,17.73516845703125,0.00039993796963244677,3.016350030899048,0.15594616596354172
8015,473.685546875,6.786134235881036e-06,0.004148091655224562,18.067089080810547,0.00040130672277882695,3.01550030708313,0.16263574996264651
8016,603.56396484375,5.734474143537227e-06,0.005448986776173115,18.01482391357422,0.0004007699608337134,3.0147745609283447,0.16305112501140684
8017,780.5914916992188,8.558988156437408e-06,0.007207790855318308,18.757490158081055,0.0004019897023681551,3.0142204761505127,0.1614122919854708
8018,1023.4104614257812,6.780235253245337e-06,0.00963679514825344,18.9615535736084,0.0004009137337561697,3.0137548446655273,0.16441466700052842
8019,1345.3310546875,1.191838236991316e-05,0.012836206704378128,20.15349578857422,0.00040365030872635543,3.013437271118164,0.15545349998865277
8020,1768.1002197265625,1.2708896065305453e-05,0.017059404402971268,20.598596572875977,0.00040290289325639606,3.0131068229675293,0.16127808397868648
8021,2281.920654296875,2.440628122712951e-05,0.022163836285471916,22.24260711669922,0.00040853730752132833,3.0128390789031982,0.1546241250471212
8022,2877.7861328125,3.3120795706054196e-05,0.02810523845255375,23.08481788635254,0.00040865576011128724,3.012376070022583,0.1529341249843128
8023,3448.2158203125,4.9925147322937846e-05,0.033766571432352066,24.787405014038086,0.00041778868762776256,3.011914014816284,0.1599615829763934
8024,3896.80029296875,7.296578405657783e-05,0.038217321038246155,26.14375877380371,0.00041627694736234844,3.0111262798309326,0.15316741698188707
8025,3975.641357421875,7.634711073478684e-05,0.038982801139354706,26.658309936523438,0.0004306832852307707,3.0104470252990723,0.14907145802862942
8026,3611.45849609375,0.00010801989265019074,0.03530401736497879,28.20960235595703,0.0004204495926387608,3.009561538696289,0.1486014589900151
8027,2725.950439453125,7.538872887380421e-05,0.026461107656359673,27.946168899536133,0.0004435457522049546,3.0091328620910645,0.15029970899922773
8028,1617.4354248046875,8.576634718338028e-05,0.015372352674603462,29.3032169342041,0.00042320272768847644,3.0090160369873047,0.15492416702909395
8029,631.4071044921875,4.324066321714781e-05,0.005512245465070009,30.896636962890625,0.00044961890671402216,3.00980281829834,0.17312983301235363
8030,121.46701049804688,3.5936875065090135e-05,0.00041913409950211644,31.88704490661621,0.0004407286469358951,3.0115127563476562,0.15554129099473357
8031,174.32119750976562,3.041368290723767e-05,0.0009474718244746327,32.30130386352539,0.0004423134378157556,3.014162540435791,0.1635351669974625
8032,606.6400146484375,2.7193003916181624e-05,0.005250338464975357,32.34544372558594,0.0004654141084756702,3.0177817344665527,0.16286312497686595
8033,1093.923095703125,7.45331053622067e-05,0.01012990903109312,29.681331634521484,0.00043797653052024543,3.021707057952881,0.1645868340274319
8034,1328.0050048828125,5.879119271412492e-05,0.012431245297193527,30.449993133544922,0.00048551353393122554,3.0261518955230713,0.1653076249640435
8035,1207.4390869140625,0.00012648783740587533,0.011201443150639534,29.2076473236084,0.00045438369852490723,3.0304267406463623,0.16507541702594608
8036,805.0016479492188,6.385919550666586e-05,0.007188735995441675,30.105274200439453,0.0004963682149536908,3.0350589752197266,0.16675908403703943
8037,370.0178527832031,6.315240898402408e-05,0.0028650755994021893,29.887298583984375,0.00047307743807323277,3.039876937866211,0.16520716698141769
8038,112.89022827148438,2.635414421092719e-05,0.0002918509126175195,31.557844161987305,0.0004951187875121832,3.0452067852020264,0.16443587496178225
8039,115.69791412353516,1.6688722098479047e-05,0.00031842399039305747,32.12885284423828,0.0005005779094062746,3.0510480403900146,0.1639009999926202
8040,304.02471923828125,2.7392292395234108e-05,0.002224844181910157,30.253759384155273,0.00048547310871072114,3.0570545196533203,0.14598620805190876
8041,520.8562622070312,3.145860318909399e-05,0.004374837968498468,28.997819900512695,0.0005122876609675586,3.0631203651428223,0.1482389169977978
8042,628.3710327148438,7.567570719402283e-05,0.005469209514558315,26.024709701538086,0.0004785778874065727,3.0686213970184326,0.14785941696027294
8043,566.0681762695312,6.487777136499062e-05,0.0048310412093997,25.80204963684082,0.000506742624565959,3.073662757873535,0.15339999995194376
8044,387.96661376953125,7.167123112594709e-05,0.0030796711798757315,25.13399887084961,0.00047698369598947465,3.0780203342437744,0.15435237501515076
8045,197.43807983398438,3.6370525776874274e-05,0.0011816209880635142,26.543603897094727,0.0004909532726742327,3.082002878189087,0.1646226670127362
8046,89.00383758544922,2.101646714436356e-05,0.00011891442409250885,27.350391387939453,0.0004766035999637097,3.085667133331299,0.16360562498448417
8047,90.7973403930664,1.4134761840978172e-05,0.00014800051576457918,27.55295181274414,0.00047030861605890095,3.089012861251831,0.17808616597903892
8048,171.16351318359375,1.5176942724792752e-05,0.0009575821459293365,26.777772903442383,0.00047109831939451396,3.0919485092163086,0.15825729200150818
8049,270.73486328125,3.00237734336406e-05,0.0019821913447231054,24.496747970581055,0.0004501659423112869,3.094130277633667,0.16392849996918812
8050,334.6581726074219,3.584117803256959e-05,0.0026114066131412983,24.02350616455078,0.0004590991011355072,3.0955188274383545,0.16493587498553097
8051,337.3953857421875,4.4978423829888925e-05,0.002659556921571493,23.030609130859375,0.0004391126858536154,3.0959322452545166,0.16584066703217104
8052,283.6415710449219,2.8693268177448772e-05,0.0021246513351798058,23.74258041381836,0.000445645215222612,3.0956313610076904,0.16781041701324284
8053,203.86264038085938,1.8480759536032565e-05,0.0013532331213355064,23.761091232299805,0.0004293013771530241,3.094705104827881,0.16374766698572785
8054,129.03990173339844,8.583767339587212e-06,0.0006050324300304055,24.50518035888672,0.0004317310522310436,3.0933892726898193,0.16038683394435793
8055,80.82896423339844,7.271188223967329e-06,0.0001388588425470516,23.936050415039062,0.00042279911576770246,3.091691732406616,0.1513443750445731
8056,66.07379150390625,9.960752322513144e-06,1.0108515198226087e-06,22.98427391052246,0.0004199235700070858,3.0895721912384033,0.14575550000881776
8057,80.24188232421875,1.5520672604907304e-05,0.0001493435847805813,21.968019485473633,0.00041787439840845764,3.0869624614715576,0.14695729198865592
8058,111.40804290771484,2.0571267668856308e-05,0.00046893226681277156,21.150962829589844,0.00041306723142042756,3.083801031112671,0.1485044999863021
8059,145.64846801757812,1.8974968043039553e-05,0.0008124584564939141,21.118928909301758,0.00041386199882254004,3.080199956893921,0.15046429098583758
8060,172.73655700683594,1.4125799680186901e-05,0.0010956343030557036,20.974550247192383,0.00040785991586744785,3.076244354248047,0.15474483300931752
8061,187.26344299316406,8.776229151408188e-06,0.0012393505312502384,21.529497146606445,0.0004092126910109073,3.0721354484558105,0.15693208301672712
8062,189.00022888183594,6.373075848387089e-06,0.0012689863797277212,21.086698532104492,0.00040377589175477624,3.0679171085357666,0.16882062499644235
8063,179.66168212890625,7.031467248452827e-06,0.0011742891510948539,20.974124908447266,0.00040555503801442683,3.063660144805908,0.1586678340099752
8064,163.36538696289062,9.139421308645979e-06,0.0010230278130620718,19.91986083984375,0.00040228807483799756,3.059305429458618,0.17167124996194616
8065,143.6092529296875,1.1705338692991063e-05,0.0008250108221545815,19.591598510742188,0.00040346040623262525,3.0548908710479736,0.16389570897445083
8066,123.50953674316406,1.1105527846666519e-05,0.0006321058608591557,19.056312561035156,0.0004013208672404289,3.050436019897461,0.1645647090044804
8067,105.08405303955078,8.676219295011833e-06,0.00044955883640795946,19.163127899169922,0.00040097421151585877,3.0460712909698486,0.1622331669786945
8068,89.91386413574219,5.080020400782814e-06,0.00030418968526646495,19.108177185058594,0.00039878717507235706,3.041893243789673,0.32651895901653916
8069,78.32730865478516,3.3895323667820776e-06,0.00018911705410573632,19.226526260375977,0.00039850122993811965,3.0380020141601562,0.1536064589745365
8070,70.0216293334961,2.8144502266513882e-06,0.00011039929086109623,18.937204360961914,0.0003976305015385151,3.0344130992889404,0.1477646249695681
8071,64.38365936279297,3.7893610169703607e-06,5.598110146820545e-05,18.579301834106445,0.00039827311411499977,3.0311107635498047,0.1485149580403231
8072,60.89289855957031,4.931730018142844e-06,2.401446363364812e-05,18.126317977905273,0.000398719625081867,3.02805495262146,0.14857729099458084
8073,58.975807189941406,5.571504971157992e-06,6.373677479132311e-06,17.846057891845703,0.0003993523132521659,3.0252373218536377,0.14988604199606925
8074,58.141197204589844,4.719626303995028e-06,2.5331252118121483e-07,17.698017120361328,0.00039945889147929847,3.022681713104248,0.15410208300454542
8075,58.11701202392578,3.2342113627237268e-06,1.967332991625881e-06,17.664966583251953,0.0003993188729509711,3.0204310417175293,0.15202708303695545
8076,58.73800277709961,2.122084197253571e-06,9.352557754027657e-06,17.663768768310547,0.00039926767931319773,3.0185186862945557,0.1720332499826327
8077,59.861087799072266,1.6404092093580402e-06,2.2156771592563018e-05,17.54367446899414,0.0003993769350927323,3.016939163208008,0.1658770419890061
8078,61.45862579345703,2.0398881588334916e-06,3.913584805559367e-05,17.34758186340332,0.0003999347100034356,3.015653610229492,0.16726258298149332
8079,63.691898345947266,2.5627577997511253e-06,6.326803850242868e-05,17.060630798339844,0.00040048189111985266,3.014601469039917,0.1666421249974519
8080,66.80873107910156,3.343599928484764e-06,9.481874440098181e-05,16.905134201049805,0.00040087365778163075,3.0137405395507812,0.16116037499159575
8081,71.16107177734375,2.8777994884876534e-06,0.00014014291809871793,16.780689239501953,0.0004007831448689103,3.0130488872528076,0.1645626670215279
8082,77.34135437011719,2.5361100597365294e-06,0.00020224228501319885,16.843358993530273,0.0004002016212325543,3.012535810470581,0.1654325000126846
8083,86.39059448242188,1.422222567271092e-06,0.0002944880397990346,16.842323303222656,0.00039957239641807973,3.012204885482788,0.15600312501192093
8084,99.91567993164062,1.4869164033370907e-06,0.00042937789112329483,16.930749893188477,0.00039898441173136234,3.012052297592163,0.1557015419821255
8085,120.47866821289062,1.0680911373128765e-06,0.0006365012959577143,16.830429077148438,0.0003989129327237606,3.012040376663208,0.15476933302124962
8086,152.054931640625,2.2257784166868078e-06,0.0009511153912171721,16.842710494995117,0.00039878091774880886,3.012124538421631,0.14801695803180337
8087,201.06443786621094,1.8149052039007074e-06,0.00144183449447155,16.75672149658203,0.0003994276048615575,3.0122530460357666,0.14911333401687443
8088,277.41058349609375,3.6261649256630335e-06,0.002201984403654933,16.9580135345459,0.0003989152319263667,3.0124013423919678,0.15106649999506772
8089,397.37255859375,1.9746969428524608e-06,0.003400866175070405,17.097518920898438,0.0003999097680207342,3.012549638748169,0.162111040961463
8090,586.39697265625,4.609434199664975e-06,0.0052829016931355,17.740917205810547,0.0003990494878962636,3.0126953125,0.18200658401474357
8091,885.0681762695312,2.326124104001792e-06,0.008265097625553608,18.191696166992188,0.0004013412108179182,3.0128061771392822,0.160386958043091
8092,1351.163818359375,9.688737918622792e-06,0.012903284281492233,19.727123260498047,0.00040139449993148446,3.0128443241119385,0.1660072920494713
8093,2068.382568359375,8.08142067398876e-06,0.020061267539858818,20.707202911376953,0.00040740513941273093,3.0127005577087402,0.1580064159934409
8094,3118.85009765625,3.167695103911683e-05,0.03050452098250389,24.279638290405273,0.00040950573747977614,3.012320041656494,0.16542654199292883
8095,4573.30517578125,3.957033186452463e-05,0.04500655084848404,26.352603912353516,0.0004234028165228665,3.0114595890045166,0.1661973330192268
8096,6298.146484375,9.734735067468137e-05,0.06213313713669777,32.15012741088867,0.0004294833925087005,3.010190963745117,0.16168045799713582
8097,7975.701171875,0.0001643662981223315,0.07877600938081741,36.0403938293457,0.0004562295216601342,3.0080161094665527,0.1899044580059126
8098,8639.52734375,0.00021371146431192756,0.08533881604671478,37.68488693237305,0.00046589839621447027,3.0055108070373535,0.16759041603654623
8099,7705.79833984375,0.000359716679668054,0.07576227933168411,45.000980377197266,0.0004859746841248125,3.002115249633789,0.16525954101234674
8100,4877.17041015625,0.00021555222338065505,0.047623712569475174,42.332637786865234,0.0005091176135465503,2.9992356300354004,0.14676962501835078
8101,1772.848876953125,0.0001870815467555076,0.01654154807329178,50.41272735595703,0.0004957318305969238,2.9970927238464355,0.149142624984961
8102,167.46270751953125,5.460890679387376e-05,0.0004633215721696615,60.62433624267578,0.0005504532600753009,2.9968574047088623,0.14634862501407042
8103,755.2493286132812,1.5396000890177675e-05,0.0062454454600811005,69.412841796875,0.0005975233507342637,2.999040365219116,0.1441910839639604
8104,2453.143798828125,5.887714360142127e-05,0.023341890424489975,60.0423698425293,0.0005302468780428171,3.0028679370880127,0.15231533395126462
8105,3444.65771484375,6.519308954011649e-05,0.033203426748514175,54.81237030029297,0.0006298350635915995,3.0084309577941895,0.15056691702920943
8106,2892.28515625,0.0004384439089335501,0.02754393219947815,39.961124420166016,0.0005408612778410316,3.013690948486328,0.15478425001492724
8107,1294.542724609375,0.00032008750713430345,0.011601419188082218,39.94961166381836,0.0006244243704713881,3.0192930698394775,0.16087954200338572
8108,201.5995330810547,0.00030485953902825713,0.0006839840207248926,42.10466003417969,0.0006061051972210407,3.025158405303955,0.16303575003985316
8109,418.0978698730469,0.00012423218868207186,0.0029132862109690905,51.657413482666016,0.0006268862052820623,3.0320136547088623,0.16278308304026723
8110,1385.2257080078125,5.79572679271223e-06,0.012382487766444683,71.7022933959961,0.000746950157918036,3.0409095287323,0.16875524999340996
8111,1964.6546630859375,3.292076871730387e-05,0.018311358988285065,65.20284271240234,0.0006502379546873271,3.050919771194458,0.1673839160357602
8112,1555.791259765625,3.619245035224594e-05,0.014200284145772457,56.67038345336914,0.0007547308341600001,3.061941623687744,0.16734441701555625
8113,657.9315185546875,0.000236486506764777,0.005286853294819593,39.511966705322266,0.00066085543949157,3.0723869800567627,0.17054391599958763
8114,143.1062774658203,0.0003076090069953352,9.29889502003789e-05,34.39650344848633,0.0006864997558295727,3.0819103717803955,0.16926741698989645
8115,379.075927734375,0.00021860303240828216,0.0025123367086052895,36.01072311401367,0.0006997126038186252,3.090782880783081,0.1629664579522796
8116,919.1669311523438,0.0001177292360807769,0.008005504496395588,41.78728485107422,0.0006505620549432933,3.099260091781616,0.14895604201592505
8117,1088.529541015625,1.9834016711683944e-05,0.009588501416146755,54.3691520690918,0.0007332686218433082,3.1080992221832275,0.1438632920035161
8118,740.9185791015625,2.3817416149540804e-05,0.006225075107067823,51.40519714355469,0.0006462412420660257,3.1168370246887207,0.15004475001478568
8119,263.4339904785156,4.5124048483558e-05,0.0014913567574694753,43.708621978759766,0.0006607727846130729,3.1250741481781006,0.15028312499634922
8120,114.92457580566406,0.00010914158337982371,6.158774340292439e-05,35.854713439941406,0.000619969330728054,3.1320974826812744,0.15898274997016415
8121,337.1609802246094,0.000164759301696904,0.0023040093947201967,32.038875579833984,0.0005824522813782096,3.137421131134033,0.1513933339738287
8122,602.2762451171875,0.00012810720363631845,0.004970269277691841,32.88150405883789,0.0005955705419182777,3.141256809234619,0.1642182909999974
8123,622.2506713867188,7.63491916586645e-05,0.0052570439875125885,34.6503791809082,0.0005426094285212457,3.1437761783599854,0.1667923330096528
8124,401.068603515625,2.594814395706635e-05,0.0030342196114361286,38.86928939819336,0.0005618251161649823,3.145498037338257,0.16437883296748623
8125,162.87130737304688,1.4586496945412364e-05,0.0007057665497995913,38.23920440673828,0.000525968091096729,3.1464505195617676,0.16340658400440589
8126,93.00591278076172,1.9474646251183003e-05,3.524915155139752e-05,36.137237548828125,0.0005139629356563091,3.146514892578125,0.16132549999747425
8127,199.59756469726562,3.548167660483159e-05,0.0011216081911697984,33.39265060424805,0.0005049592582508922,3.1455016136169434,0.16499029099941254
8128,347.43658447265625,5.543124279938638e-05,0.0026334566064178944,30.864961624145508,0.00047682831063866615,3.143181562423706,0.16114541701972485
8129,396.5087890625,6.383252184605226e-05,0.003117814427241683,30.173952102661133,0.00048170171794481575,3.139636993408203,0.16387245804071426
8130,315.4891052246094,4.8521764256292954e-05,0.0023552863858640194,29.40192413330078,0.0004570635501295328,3.1350128650665283,0.16254666598979384
8131,179.23095703125,2.7880476409336552e-05,0.0010103172389790416,29.621845245361328,0.0004578933003358543,3.1296842098236084,0.15044633398065343
8132,87.75161743164062,1.208937192131998e-05,0.00011896122305188328,30.121788024902344,0.00044524771510623395,3.1239259243011475,0.14667658298276365
8133,85.28694152832031,9.326690815214533e-06,0.00010571543680271134,29.87099266052246,0.000439117313362658,3.1178464889526367,0.1441150829778053
8134,148.1520233154297,1.5566733054583892e-05,0.0007442684727720916,28.490938186645508,0.00043677567737177014,3.1114091873168945,0.14448641700437292
8135,218.5818328857422,2.2631762476521544e-05,0.0014718096936121583,26.493492126464844,0.00042644180939532816,3.1045267581939697,0.15166229201713577
8136,247.5181884765625,3.6213248677086085e-05,0.001753306365571916,25.682783126831055,0.0004288343188818544,3.0971829891204834,0.158211084024515
8137,221.0985107421875,3.0963117751525715e-05,0.0015171555569395423,24.218778610229492,0.0004206785815767944,3.0894739627838135,0.16024674999061972
8138,160.39083862304688,2.465662510076072e-05,0.000917997385840863,24.104122161865234,0.00042021324043162167,3.0816280841827393,0.16335420799441636
8139,101.21726989746094,9.699872862256598e-06,0.0003459595318417996,24.27126693725586,0.00041380064794793725,3.0739328861236572,0.16275616601342335
8140,69.17369079589844,4.689374236477306e-06,2.9536524380091578e-05,24.55349349975586,0.0004119760706089437,3.066589117050171,0.16339737502858043
8141,70.14425659179688,4.248988261679187e-06,4.679199628299102e-05,24.019895553588867,0.0004102025995962322,3.0596492290496826,0.15968633303418756
8142,94.64093017578125,6.448533440561732e-06,0.0003009300562553108,23.058008193969727,0.00040845057810656726,3.0530638694763184,0.16738450003322214
8143,126.49702453613281,1.3112807209836319e-05,0.0006194381858222187,22.251115798950195,0.0004099081561435014,3.0467607975006104,0.16421054099919274
8144,150.37139892578125,1.2566082659759559e-05,0.0008665267378091812,21.644498825073242,0.00040817627450451255,3.0407497882843018,0.16116566699929535
8145,157.50045776367188,1.3910669622418936e-05,0.0009365978185087442,21.508310317993164,0.0004094129544682801,3.0350894927978516,0.1652932500001043
8146,148.0381622314453,5.850382876815274e-06,0.0008530344348400831,21.4884090423584,0.0004066127585247159,3.0299322605133057,0.158477374992799
8147,127.76466369628906,4.1359780880156904e-06,0.000650958449114114,21.523723602294922,0.00040731485933065414,3.025377035140991,0.14800462499260902
8148,103.89846801757812,1.573618078509753e-06,0.00041870467248372734,21.282346725463867,0.0004058829799760133,3.0214781761169434,0.14659908396424726
8149,82.63383483886719,3.545801746440702e-06,0.000208006109460257,20.701379776000977,0.000407772691687569,3.018151044845581,0.14505662501323968
8150,68.1141586303711,5.077871264802525e-06,6.692251190543175e-05,20.044912338256836,0.0004086920525878668,3.0152993202209473,0.15127183397999033
8151,61.70873260498047,7.300791821762687e-06,3.841753368760692e-06,19.60107421875,0.0004099340585526079,3.012843132019043,0.16103991703130305
8152,62.46649932861328,6.9165621425781865e-06,1.3095113899908029e-05,19.445606231689453,0.0004101972735952586,3.0107648372650146,0.15595550002763048
8153,68.27534484863281,4.286174316803226e-06,7.430891855619848e-05,19.46027374267578,0.0004095556796528399,3.009094715118408,0.16240083298180252
8154,76.79129791259766,2.9707539397350047e-06,0.00016005299403332174,19.600162506103516,0.00040888763032853603,3.0078518390655518,0.1502389580127783
8155,85.79997253417969,1.147245484389714e-06,0.0002520642592571676,19.702438354492188,0.00040776378591544926,3.0070505142211914,0.15581358398776501
8156,93.6659927368164,2.1681771613657475e-06,0.0003307946608401835,19.591136932373047,0.00040778573020361364,3.006608486175537,0.15675954200560227
8157,99.56536865234375,2.118265456374502e-06,0.00039270854904316366,19.30189323425293,0.0004078078782185912,3.006446361541748,0.16267420805525035
8158,103.30094909667969,4.831644218938891e-06,0.0004295458784326911,19.044677734375,0.00040818520938046277,3.0064523220062256,0.1559107499779202
8159,104.78459167480469,3.1801994282432133e-06,0.000446903781266883,19.000038146972656,0.00040776157402433455,3.006612539291382,0.1592061669798568
8160,104.33876037597656,3.805854930760688e-06,0.0004424894286785275,19.01730728149414,0.0004069192800670862,3.0069031715393066,0.35955537494737655
8161,102.54074096679688,1.3351701682040584e-06,0.00042725616367533803,19.085140228271484,0.0004059646453242749,3.0073623657226562,0.1637602910050191
8162,100.03257751464844,1.8184400687459856e-06,0.000403190846554935,19.002391815185547,0.00040529255056753755,3.00795841217041,0.14651479199528694
8163,97.08554077148438,8.187682283278264e-07,0.0003755879879463464,18.935834884643555,0.0004050902498420328,3.008683204650879,0.14591383299557492
8164,94.0594482421875,2.4108803700073622e-06,0.000346225657267496,18.66327667236328,0.00040532520506531,3.0094451904296875,0.14562595798633993
8165,91.23128509521484,2.1172245396883227e-06,0.0003200853825546801,18.409406661987305,0.0004060161591041833,3.010202169418335,0.15156016702530906
8166,88.76441192626953,3.918302354577463e-06,0.00029593819635920227,18.177648544311523,0.0004060111241415143,3.0108911991119385,0.15446291700936854
8167,86.67134094238281,2.195999968535034e-06,0.0002773006272036582,18.132341384887695,0.00040589337004348636,3.0115387439727783,0.1591045000241138
8168,85.06342315673828,2.5746032861206913e-06,0.000261870794929564,18.120038986206055,0.00040498844464309514,3.012140989303589,0.16818487498676404
8169,84.00379943847656,1.0689536793506704e-06,0.00025317835388705134,18.116186141967773,0.0004046288668178022,3.0127367973327637,0.19948387501062825
8170,83.58228302001953,1.7794277482607868e-06,0.0002500319096725434,18.00768280029297,0.0004039346531499177,3.0132975578308105,0.2642513329628855
8171,83.84494018554688,1.1134070518892258e-06,0.0002544774324633181,17.889904022216797,0.00040395950782112777,3.013826370239258,0.2576490000355989
8172,84.88946533203125,2.562376039350056e-06,0.00026556444936431944,17.717647552490234,0.000403591402573511,3.0142693519592285,0.16762191703310236
8173,86.77253723144531,1.7928105080500245e-06,0.0002861926332116127,17.601655960083008,0.00040372341754846275,3.0146353244781494,0.16337245801696554
8174,89.7164306640625,2.913094476753031e-06,0.00031612225575372577,17.52362632751465,0.00040289273601956666,3.0149052143096924,0.16961441602325067
8175,93.98898315429688,1.2306832104513887e-06,0.0003607031248975545,17.549333572387695,0.00040246269782073796,3.0151357650756836,0.17137629102217034
8176,100.04751586914062,2.0144289010204375e-06,0.0004215096705593169,17.545894622802734,0.00040149211417883635,3.015319585800171,0.15669687499757856
8177,108.39117431640625,7.430480764014646e-07,0.0005063697462901473,17.539873123168945,0.000401400204282254,3.0155012607574463,0.1456457079621032
8178,119.92098999023438,2.2978476863499964e-06,0.0006218497292138636,17.41541290283203,0.00040090823313221335,3.0156328678131104,0.14720295800361782
8179,135.70077514648438,1.0792080047394847e-06,0.0007811518735252321,17.350250244140625,0.0004012742720078677,3.0157437324523926,0.14873154100496322
8180,157.44114685058594,3.674678055176628e-06,0.0009971288964152336,17.272567749023438,0.0004008821852039546,3.015770196914673,0.15776895900489762
8181,187.02127075195312,1.4036598940947442e-06,0.0012947481591254473,17.280437469482422,0.0004012563149444759,3.015770435333252,0.15935483301291242
8182,227.7579803466797,4.509399332164321e-06,0.0016992611344903708,17.336814880371094,0.0004004410875495523,3.015691041946411,0.1612109590205364
8183,283.5631103515625,1.0608346201479435e-06,0.0022591627202928066,17.481843948364258,0.00040058931335806847,3.0156259536743164,0.1874191249953583
8184,360.784423828125,5.516770670510596e-06,0.003025348298251629,17.705902099609375,0.00039992042002268136,3.0154922008514404,0.16188433300703764
8185,466.0257568359375,1.279021944355918e-06,0.004079523030668497,17.90366554260254,0.0004004191141575575,3.0153820514678955,0.15545816597295925
8186,610.6831665039062,9.604321348888334e-06,0.005513697396963835,18.32183265686035,0.0004003110807389021,3.0151610374450684,0.16814850002992898
8187,803.798828125,2.7104349555884255e-06,0.0074481661431491375,18.613637924194336,0.00040097537566907704,3.014936685562134,0.16889162495499477
8188,1059.4976806640625,1.7562826542416587e-05,0.00997943989932537,19.624120712280273,0.0004017324245069176,3.0145535469055176,0.1616979169775732
8189,1380.8072509765625,5.961046554148197e-06,0.01319995429366827,20.020160675048828,0.00040195550536736846,3.0141425132751465,0.16297508298885077
8190,1769.722412109375,3.0547944334102795e-05,0.017045145854353905,21.67312240600586,0.00040480028837919235,3.013551950454712,0.16239712497917935
8191,2193.29541015625,1.5042100130813196e-05,0.021295510232448578,21.870378494262695,0.0004036988248117268,3.0128893852233887,0.15863929101033136
8192,2593.4375,5.223044354352169e-05,0.025233307853341103,23.792001724243164,0.00041091532330028713,3.012058973312378,0.14774000004399568
8193,2864.9931640625,3.9324753743130714e-05,0.027968069538474083,23.56473159790039,0.00040689288289286196,3.011085271835327,0.14698270801454782
8194,2874.4306640625,7.308497151825577e-05,0.028009232133626938,24.28432273864746,0.00041914620669558644,3.0100903511047363,0.1465733340010047
8195,2550.394287109375,6.623772787861526e-05,0.02478613518178463,24.319684982299805,0.0004083742096554488,3.00905442237854,0.1498569999821484
8196,1893.7547607421875,6.261734961299226e-05,0.018207363784313202,24.115514755249023,0.00042641250183805823,3.008409261703491,0.154142250015866
8197,1105.4171142578125,5.384168616728857e-05,0.010336648672819138,25.305452346801758,0.00041062661330215633,3.0081777572631836,0.14933712501078844
8198,432.4501953125,3.131635094177909e-05,0.003594416193664074,26.73932647705078,0.00043137650936841965,3.0088086128234863,0.1597313749953173
8199,97.13783264160156,2.6097741283592768e-05,0.00023821654031053185,28.009225845336914,0.0004269718483556062,3.0103204250335693,0.16415141703328118
8200,145.7208251953125,2.534685336286202e-05,0.0007163965492509305,28.56969451904297,0.000429767940659076,3.0126795768737793,0.15682129201013595
8201,447.9071044921875,2.6998159228242002e-05,0.0037181051447987556,28.515100479125977,0.00044881654321216047,3.015861749649048,0.16357966704526916
8202,782.566162109375,6.230456347111613e-05,0.007063350640237331,26.968103408813477,0.0004303255118429661,3.0193071365356445,0.16028141701826826
8203,944.0299682617188,5.005494676879607e-05,0.008650318719446659,27.365718841552734,0.0004662686842493713,3.0232067108154297,0.16090362501563504
8204,863.8253173828125,9.036606206791475e-05,0.007840907201170921,26.49468994140625,0.0004420329350978136,3.0270233154296875,0.16161045798799023
8205,594.0980224609375,4.517451088759117e-05,0.005146683193743229,27.436450958251953,0.0004747579514514655,3.031216621398926,0.16203137498814613
8206,296.3434753417969,4.544814146356657e-05,0.0021901412401348352,27.20100212097168,0.00045583516475744545,3.0356085300445557,0.1609614590415731
8207,108.32630157470703,2.2281517885858193e-05,0.0003044974582735449,28.32175064086914,0.00047326652565971017,3.0404300689697266,0.15717691695317626
8208,89.56964874267578,1.8854687368730083e-05,0.0001213866489706561,28.079551696777344,0.0004746596678160131,3.0455989837646484,0.14669854094972834
8209,202.17633056640625,2.9046192139503546e-05,0.0012634210288524628,26.42578125,0.0004650383780244738,3.05080246925354,0.14568854199023917
8210,351.3406066894531,3.0041412173886783e-05,0.0027439980767667294,25.628433227539062,0.0004830819380003959,3.055971622467041,0.14688595797633752
8211,445.3388977050781,5.7395605836063623e-05,0.0036996938288211823,23.7001895904541,0.00045929753105156124,3.0606212615966797,0.1563299999688752
8212,434.6929931640625,4.1440387576585636e-05,0.0035869302228093147,23.908552169799805,0.0004794738779310137,3.0649144649505615,0.16322258400032297
8213,338.355224609375,4.591383913066238e-05,0.0026497296057641506,23.25927734375,0.00045531627256423235,3.068631887435913,0.1594972499879077
8214,209.76258850097656,2.2935613742447458e-05,0.0013639719691127539,24.380205154418945,0.0004669162444770336,3.0720338821411133,0.1605450419592671
8215,109.79611206054688,1.852844980021473e-05,0.0003867217164952308,24.125659942626953,0.0004514543106779456,3.0750482082366943,0.15699674998177215
8216,70.58292388916016,1.4789802662562579e-05,2.0042900814587483e-06,23.95685386657715,0.00044946663547307253,3.077664852142334,0.15858329099137336
8217,91.34748840332031,1.6647352822474204e-05,0.00021944456966593862,23.18715476989746,0.0004455114540178329,3.079780340194702,0.15876249998109415
8218,147.44854736328125,2.461698022671044e-05,0.0007963245734572411,21.97123146057129,0.0004338315629865974,3.081181287765503,0.16880954196676612
8219,206.32012939453125,2.301103450008668e-05,0.0013831640826538205,21.97677993774414,0.00043725839350372553,3.0819084644317627,0.15664745803223923
8220,243.19122314453125,2.6024714316008613e-05,0.001768774352967739,21.38214111328125,0.00042329158168286085,3.08184552192688,0.192099874955602
8221,246.82102966308594,1.529466680949554e-05,0.0018044079188257456,22.107097625732422,0.0004274366656318307,3.0812265872955322,0.16281395801343024
8222,221.96337890625,1.3489302546076942e-05,0.001575089292600751,21.651073455810547,0.00041454454185441136,3.0800275802612305,0.16042437503347173
8223,179.46197509765625,8.513361535733566e-06,0.0011487589217722416,21.994556427001953,0.000417401926824823,3.078425168991089,0.14653324999380857
8224,133.61680603027344,1.0505256796022877e-05,0.0007063240627758205,21.056909561157227,0.000408769614296034,3.0763461589813232,0.14649612497305498
8225,95.28518676757812,1.1185122275492176e-05,0.0003256373747717589,20.67146110534668,0.00040931481635197997,3.0738425254821777,0.14761737501248717
8226,70.85496520996094,1.3381375538301654e-05,8.995630196295679e-05,19.982868194580078,0.0004053832672070712,3.070888042449951,0.14643812499707565
8227,61.52815246582031,1.2599488400155678e-05,1.1882084436365403e-06,19.743579864501953,0.0004040580242872238,3.067552089691162,0.15118512499611825
8228,65.01446533203125,1.0052764082502108e-05,4.071152216056362e-05,19.688386917114258,0.0004024964873678982,3.063936710357666,0.15785479196347296
8229,77.27952575683594,7.711620128247887e-06,0.00016934760787989944,19.558103561401367,0.0004001549386885017,3.0601232051849365,0.15811100002611056
8230,93.9179916381836,5.963375315332087e-06,0.0003369633632246405,19.622451782226562,0.0004000286862719804,3.056220054626465,0.16725470800884068
8231,111.43314361572266,6.294472314039012e-06,0.0005194798577576876,19.05039405822754,0.0003980531473644078,3.052220344543457,0.16068837500642985
8232,127.52583312988281,6.880554792587645e-06,0.0006804095464758575,18.92311668395996,0.00039873705827631056,3.0481836795806885,0.15727179200621322
8233,141.34881591796875,7.998944056453183e-06,0.000825106690172106,18.272899627685547,0.00039765352266840637,3.0440783500671387,0.16472474997863173
8234,152.41464233398438,7.471201115549775e-06,0.0009350662003271282,18.368324279785156,0.00039792575989849865,3.040006399154663,0.16758354200283065
8235,161.5045166015625,6.261914677452296e-06,0.0010320612927898765,17.991361618041992,0.00039680826012045145,3.0359902381896973,0.16910524998093024
8236,169.4544219970703,4.593579888023669e-06,0.001110441517084837,18.286752700805664,0.00039664158248342574,3.032166004180908,0.16341212496627122
8237,177.7679443359375,3.5718885555979796e-06,0.001199175021611154,17.920795440673828,0.0003957246954087168,3.0285422801971436,0.1571246249950491
8238,187.13839721679688,3.509530188239296e-06,0.0012909932993352413,18.07187843322754,0.0003961622714996338,3.025198459625244,0.14501083304639906
8239,199.0525665283203,3.850169377983548e-06,0.0014150362694635987,17.549528121948242,0.0003961439069826156,3.022080898284912,0.14682149997679517
8240,214.47621154785156,4.754912879434414e-06,0.0015669811982661486,17.61752700805664,0.0003968507517129183,3.019235372543335,0.14759737497661263
8241,235.38430786132812,4.721957338915672e-06,0.001779761048965156,17.21780014038086,0.00039718192419968545,3.016611337661743,0.1473941669682972
8242,263.0946044921875,4.79868413094664e-06,0.002054056851193309,17.467878341674805,0.00039741169894114137,3.014284610748291,0.15967441600514576
8243,300.59710693359375,3.743322395166615e-06,0.002432695822790265,17.208850860595703,0.0003974437131546438,3.0122199058532715,0.15606675000162795
8244,350.5433349609375,3.971338173869299e-06,0.0029276395216584206,17.61090087890625,0.0003977135056629777,3.0104897022247314,0.1508807920035906
8245,418.4002380371094,3.6048579659109237e-06,0.00360935484059155,17.30632209777832,0.00039797931094653904,3.009012460708618,0.16432174999499694
8246,508.7806091308594,5.261633759801043e-06,0.0045062885619699955,17.766977310180664,0.0003985863004345447,3.007829189300537,0.15907958400202915
8247,630.558837890625,5.781672825833084e-06,0.005725480616092682,17.495067596435547,0.0003993753343820572,3.0068113803863525,0.15324395900825039
8248,789.7011108398438,8.338960469700396e-06,0.007306866813451052,18.205108642578125,0.00039975385880097747,3.006024122238159,0.16126604203600436
8249,999.117431640625,8.834950676828157e-06,0.009400006383657455,18.184101104736328,0.00040049260132946074,3.0053255558013916,0.16724233300192282
8250,1261.5780029296875,1.1670290405163541e-05,0.012010136619210243,19.284332275390625,0.0004011302371509373,3.0048394203186035,0.16457737504970282
8251,1588.782958984375,1.3989923900226131e-05,0.015277137979865074,19.513275146484375,0.00040156871546059847,3.0043716430664062,0.1636985830264166
8252,1961.1839599609375,1.9020691979676485e-05,0.01898016221821308,20.833120346069336,0.00040432478999719024,3.0040926933288574,0.16159354097908363
8253,2367.755859375,2.910918919951655e-05,0.02303018793463707,21.360637664794922,0.0004046557587571442,3.0037014484405518,0.1516732499585487
8254,2720.438232421875,3.4892636904260144e-05,0.026534613221883774,22.419967651367188,0.00041067690472118556,3.0034713745117188,0.1461330410093069
8255,2962.903564453125,5.7536581152817234e-05,0.0289289727807045,23.37247085571289,0.000408801541198045,3.003025531768799,0.2862802500021644
8256,2940.301025390625,5.044366480433382e-05,0.028696756809949875,23.632020950317383,0.00041948771104216576,3.0028393268585205,0.1572659169905819
8257,2635.662841796875,7.70842598285526e-05,0.025622615590691566,24.713186264038086,0.00040979686309583485,3.0025620460510254,0.1604212080128491
8258,2014.7933349609375,4.802150579052977e-05,0.019422590732574463,24.924135208129883,0.0004280795401427895,3.0028252601623535,0.17079770902637392
8259,1263.731201171875,6.13447482464835e-05,0.01190975308418274,25.55105209350586,0.00041070347651839256,3.0034053325653076,0.16184825001982972
8260,574.5169677734375,3.2260650186799467e-05,0.0050135948695242405,26.78607749938965,0.00043145325616933405,3.004805564880371,0.16420258296420798
8261,157.30140686035156,3.360553819220513e-05,0.0008493617060594261,26.87345314025879,0.0004213122883811593,3.0069260597229004,0.16649400000460446
8262,86.44033813476562,2.8655606001848355e-05,0.00013767577183898538,27.184268951416016,0.00042622932232916355,3.0097992420196533,0.16235249995952472
8263,294.48101806640625,2.65184098680038e-05,0.0022052971180528402,27.384414672851562,0.00043915057904087007,3.013416051864624,0.16232408297946677
8264,616.8026123046875,5.228731970419176e-05,0.005428590811789036,26.263216018676758,0.0004245152813382447,3.0172996520996094,0.16156366700306535
8265,868.3345947265625,3.726672730408609e-05,0.007915397174656391,27.308238983154297,0.0004575994680635631,3.0216517448425293,0.16411470901221037
8266,939.5275268554688,7.572030881419778e-05,0.00862186960875988,26.331993103027344,0.00043436585110612214,3.0258865356445312,0.15540612500626594
8267,801.0172729492188,3.788713365793228e-05,0.007232668809592724,27.09417724609375,0.00046867490164004266,3.03044056892395,0.16080075001809746
8268,541.8429565429688,5.0990391173399985e-05,0.004663002677261829,25.98838233947754,0.0004445526865310967,3.034975528717041,0.15088174998527393
8269,275.273681640625,2.3992854039533995e-05,0.0019952477887272835,26.540576934814453,0.00046809049672447145,3.039813280105591,0.1521175829693675
8270,107.95437622070312,2.4643011784064583e-05,0.0003394713858142495,25.827598571777344,0.00045715339365415275,3.0447840690612793,0.1497537920367904
8271,79.72098541259766,2.3771479391143657e-05,5.983412847854197e-05,25.378955841064453,0.00045981467701494694,3.049793004989624,0.15293733298312873
8272,164.30792236328125,2.5056011509150267e-05,0.0009018589043989778,24.94549560546875,0.00046670937445014715,3.054729461669922,0.15935195796191692
8273,293.48992919921875,3.9758779166731983e-05,0.002208209130913019,23.620094299316406,0.00045073049841448665,3.059239387512207,0.16246529202908278
8274,393.36602783203125,3.340887633385137e-05,0.003194805234670639,23.84354591369629,0.00046701091923750937,3.0633816719055176,0.1645953330444172
8275,421.31549072265625,4.252715370967053e-05,0.00349824083968997,22.835954666137695,0.00044402695493772626,3.0668766498565674,0.16936362499836832
8276,371.10101318359375,2.6504905690671876e-05,0.0029906705021858215,23.547698974609375,0.00045835779746994376,3.069934606552124,0.18474300001980737
8277,274.8290100097656,2.6105049983016215e-05,0.002056694123893976,22.788990020751953,0.00043760109110735357,3.072411060333252,0.16010629100492224
8278,172.13067626953125,1.7151607607956976e-05,0.0010286327451467514,23.142175674438477,0.0004441007331479341,3.074439525604248,0.15964445797726512
8279,97.79898834228516,1.767992216628045e-05,0.0003048886719625443,22.374956130981445,0.0004316717677284032,3.0759122371673584,0.1844714169856161
8280,67.276611328125,1.7040212696883827e-05,5.966286607872462e-06,22.034936904907227,0.00042941022547893226,3.0768113136291504,0.15964254102436826
8281,78.19375610351562,1.7231679521501064e-05,0.00012156533921370283,21.719436645507812,0.00042594614205881953,3.0771093368530273,0.16075420897686854
8282,116.06297302246094,1.799408346414566e-05,0.0005110696656629443,21.3150634765625,0.00041841540951281786,3.076754331588745,0.15893370797857642
8283,162.52880859375,1.4353417100210208e-05,0.0009751623147167265,21.57415771484375,0.00042003081762231886,3.075855016708374,0.15080912504345179
8284,202.52955627441406,1.3970312465971801e-05,0.001389911281876266,21.081480026245117,0.00041059908107854426,3.0743775367736816,0.14711370802251622
8285,226.54669189453125,1.0675172234186903e-05,0.0016277730464935303,21.324918746948242,0.00041376944864168763,3.0724735260009766,0.1494371669832617
8286,232.5525665283203,1.1539526894921437e-05,0.0017031356692314148,20.549589157104492,0.0004053546581417322,3.0700900554656982,0.1472247499623336
8287,221.91091918945312,1.0707134606491309e-05,0.0015949464868754148,20.52901268005371,0.000408165535191074,3.0673489570617676,0.15597950003575534
8288,199.95062255859375,1.1882604667334817e-05,0.0013876011362299323,19.77547264099121,0.0004022677312605083,3.064208507537842,0.15298625000286847
8289,171.70822143554688,1.101750967791304e-05,0.001104443334043026,19.77700424194336,0.0004038512706756592,3.0607919692993164,0.16419729200424626
8290,142.60601806640625,1.0228523933619726e-05,0.000823313370347023,19.25850486755371,0.00039993328391574323,3.0571162700653076,0.1623021249542944
8291,116.03643035888672,8.661127139930613e-06,0.0005581695586442947,19.316835403442383,0.000400365301175043,3.0533058643341064,0.15929237502859905
8292,94.3571548461914,7.4907643465849105e-06,0.00034947169478982687,18.875732421875,0.0003978517488576472,3.049398422241211,0.16242395801236853
8293,78.181884765625,6.920638043084182e-06,0.00018973395344801247,18.744924545288086,0.0003977150481659919,3.04547381401062,0.16250116599258035
8294,67.33514404296875,6.658486199739855e-06,8.724540384719148e-05,18.300168991088867,0.00039644588832743466,3.041555881500244,0.15951937501085922
8295,61.0098991394043,6.542717983393231e-06,2.6702893592300825e-05,18.072906494140625,0.00039612429100088775,3.0376927852630615,0.162664917006623
8296,58.23047637939453,6.0129664234409574e-06,2.362628947594203e-06,17.83839225769043,0.00039554527029395103,3.033924102783203,0.1648492919630371
8297,58.07666778564453,5.1503889153536875e-06,3.3641213121882174e-06,17.714948654174805,0.0003951026883441955,3.030301809310913,0.1639010839862749
8298,59.85108947753906,4.226166311127599e-06,2.2965308744460344e-05,17.652063369750977,0.00039479878614656627,3.0268821716308594,0.15178737504174933
8299,63.128883361816406,3.422533154662233e-06,5.830592635902576e-05,17.504487991333008,0.0003945154894609004,3.023698329925537,0.14737341698491946
8300,67.73485565185547,3.197868636561907e-06,0.00010548513091634959,17.397724151611328,0.0003946883080061525,3.0207817554473877,0.14791258302284405
8301,73.80665588378906,2.9777438612654805e-06,0.000169000297319144,17.123214721679688,0.0003948562953155488,3.0181262493133545,0.1454576249816455
8302,81.73117065429688,3.2975476642604917e-06,0.00024866152671165764,16.9931640625,0.00039542093873023987,3.0157415866851807,0.15491729194764048
8303,92.33915710449219,2.9506522878364194e-06,0.0003573691355995834,16.722187042236328,0.0003958499582950026,3.013610601425171,0.15600683295633644
8304,106.82899475097656,3.1725508051749784e-06,0.0005016274517402053,16.714862823486328,0.0003963412018492818,3.0117499828338623,0.15877766703488305
8305,127.11357116699219,2.3684960979153402e-06,0.0007067422848194838,16.52125358581543,0.00039681242196820676,3.010143756866455,0.16616145800799131
8306,156.13565063476562,2.796280568873044e-06,0.000995052163489163,16.641923904418945,0.0003970887919422239,3.0088038444519043,0.1623706670361571
8307,198.68975830078125,2.0480688363022637e-06,0.0014224720653146505,16.45880889892578,0.0003977893211413175,3.0076916217803955,0.1573779999744147
8308,261.5544128417969,3.321837311887066e-06,0.0020472980104386806,16.712982177734375,0.00039779453072696924,3.00679874420166,0.16613949998281896
8309,355.8627624511719,2.4911287255235948e-06,0.0029914528131484985,16.574472427368164,0.00039893886423669755,3.0060644149780273,0.16667416598647833
8310,497.8185119628906,4.912423264613608e-06,0.004403111059218645,17.174142837524414,0.00039842032128944993,3.0054824352264404,0.15896579198306426
8311,713.2186279296875,3.5442305943433894e-06,0.006555801257491112,17.253162384033203,0.00040030869422480464,3.004979372024536,0.1699504170101136
8312,1037.1046142578125,8.284315299533773e-06,0.009777595289051533,18.56239891052246,0.0003995431761723012,3.0045647621154785,0.1615032499539666
8313,1522.257568359375,7.153695150918793e-06,0.01462174765765667,19.035839080810547,0.00040331529453396797,3.004117727279663,0.15850254200631753
8314,2222.317138671875,1.9019651517737657e-05,0.02158442512154579,21.61049461364746,0.00040362143772654235,3.003662347793579,0.1476942499866709
8315,3198.6796875,2.451240288792178e-05,0.031322769820690155,22.750991821289062,0.0004120049125049263,3.0029456615448,0.14790770801482722
8316,4416.18359375,5.320503260008991e-05,0.04342549666762352,26.785221099853516,0.0004152829060330987,3.002082586288452,0.14577662502415478
8317,5768.8046875,9.470617806073278e-05,0.05687161535024643,28.970338821411133,0.00043201944208703935,3.0005805492401123,0.15095587499672547
8318,6757.94189453125,0.00012433319352567196,0.06670156121253967,31.42804718017578,0.0004392441769596189,2.9989242553710938,0.15539112500846386
8319,6948.0322265625,0.0002392885653534904,0.06842571496963501,35.8339958190918,0.0004569825541693717,2.9964425563812256,0.15748495800653473
8320,5682.89404296875,0.00016157074423972517,0.05584827810525894,34.555816650390625,0.0004735357651952654,2.994330406188965,0.16056441597174853
8321,3441.341064453125,0.00021657906472682953,0.03333380073308945,40.059627532958984,0.000462433003121987,2.9923243522644043,0.16400862502632663
8322,1171.75146484375,7.973900210345164e-05,0.010669037699699402,45.93118667602539,0.0005094267544336617,2.991762638092041,0.1608494590036571
8323,125.68400573730469,4.972824172000401e-05,0.0001858980394899845,51.11928939819336,0.0005100208800286055,2.9929211139678955,0.1577341659576632
8324,594.7717895507812,3.885446130880155e-05,0.00488144950941205,51.9992561340332,0.0005074213840998709,2.9958512783050537,0.16843383299419656
8325,1814.4351806640625,2.9376069505815394e-05,0.017038609832525253,51.25234603881836,0.0005638427683152258,3.0007059574127197,0.16210095799760893
8326,2666.406982421875,0.00021030248899478465,0.025580881163477898,38.415748596191406,0.0004887277027592063,3.0058414936065674,0.16137862502364442
8327,2403.66064453125,0.0001500144717283547,0.02291281893849373,39.440216064453125,0.0005793705931864679,3.011784076690674,0.16018716600956395
8328,1349.630859375,0.0003389773773960769,0.012256049551069736,37.00151824951172,0.0005312666180543602,3.0173933506011963,0.1568134170374833
8329,352.040283203125,0.0001417109160684049,0.002388798166066408,40.46501922607422,0.0005852433969266713,3.023693561553955,0.15023516601650044
8330,145.0101318359375,5.185634654480964e-05,0.00032145180739462376,47.45071792602539,0.0006022859015502036,3.031172275543213,0.1482460830011405
8331,670.5751953125,2.603566099423915e-05,0.0055686794221401215,51.85951232910156,0.0005924420547671616,3.0398213863372803,0.14539504202548414
8332,1284.94482421875,7.293707312783226e-06,0.011623154394328594,54.394161224365234,0.0006750579923391342,3.0498430728912354,0.14572595799108967
8333,1415.503173828125,0.00010963281965814531,0.013063293881714344,40.165523529052734,0.0005804509855806828,3.059696912765503,0.15519020799547434
8334,961.160400390625,0.00014554537483491004,0.008478616364300251,34.34971237182617,0.0006439447752200067,3.0691540241241455,0.15139974997146055
8335,361.6357727050781,0.00024270106223411858,0.0024730078876018524,30.580400466918945,0.000594844575971365,3.0774691104888916,0.15569062501890585
8336,107.67437744140625,0.00015160723705776036,1.0544595170358662e-06,32.04655075073242,0.0006036165868863463,3.085034132003784,0.15469383401796222
8337,318.8663330078125,4.4482516386779025e-05,0.0021280155051499605,39.48099899291992,0.0006213553715497255,3.0925133228302,0.16750875004800037
8338,688.914306640625,1.4519646356347948e-05,0.005852787755429745,44.31355667114258,0.0005787007976323366,3.0999810695648193,0.15649850002955645
8339,832.2603759765625,1.0128878784598783e-05,0.007247681263834238,44.775089263916016,0.0006170429405756295,3.1073973178863525,0.15716925001470372
8340,646.3671875,6.218982161954045e-05,0.005518442951142788,34.23405456542969,0.0005406980635598302,3.113739252090454,0.1533375410363078
8341,315.3729248046875,0.00012106114445487037,0.0021927529014647007,28.845352172851562,0.0005514619406312704,3.118532419204712,0.16307383304229006
8342,107.3673095703125,0.00014273451233748347,0.00013785487681161612,27.005613327026367,0.0005230276146903634,3.1215386390686035,0.15933087503071874
8343,139.61427307128906,8.35943574202247e-05,0.0005225056083872914,28.393665313720703,0.0005061061237938702,3.1231253147125244,0.1611864169826731
8344,324.80816650390625,2.1682377337128855e-05,0.002381322905421257,33.35628128051758,0.0005115134990774095,3.1239447593688965,0.15226520801661536
8345,483.5616455078125,4.298276053305017e-06,0.0039852638728916645,36.60312271118164,0.00048002295079641044,3.1242048740386963,0.16138629202032462
8346,492.65386962890625,5.755618076364044e-06,0.004069418180733919,35.942359924316406,0.0004919414641335607,3.1239054203033447,0.1745369999553077
8347,363.8013610839844,2.9668837669305503e-05,0.0028562003280967474,29.517574310302734,0.0004569687880575657,3.1224958896636963,0.3064993330044672
8348,195.91200256347656,6.799757102271542e-05,0.0011696531437337399,26.188636779785156,0.00045958292321301997,3.1197078227996826,0.1522628749953583
8349,89.31644439697266,7.299124263226986e-05,0.00012289911683183163,25.06623649597168,0.00044661169522441924,3.1155707836151123,0.159575582947582
8350,87.40266418457031,3.934643245884217e-05,0.00014106454909779131,25.59316635131836,0.0004376840079203248,3.110522747039795,0.16407150001032278
8351,164.90550231933594,1.1225825801375322e-05,0.0009231913136318326,27.84837532043457,0.00043615413596853614,3.1050946712493896,0.15502016700338572
8352,256.43267822265625,1.9807321223197505e-06,0.001842054189182818,29.539228439331055,0.000424899481004104,3.099547863006592,0.1616407500114292
8353,302.7872009277344,5.410052835941315e-06,0.002307924907654524,28.677766799926758,0.0004277594853192568,3.0938620567321777,0.1627188339480199
8354,285.7349853515625,1.707369119685609e-05,0.002177239628508687,24.72295379638672,0.0004158068331889808,3.087756395339966,0.16566762496950105
8355,221.91351318359375,4.4062126107746735e-05,0.0015260837972164154,22.893672943115234,0.0004200523253530264,3.0810368061065674,0.16054066695505753
8356,143.78419494628906,4.4418931793188676e-05,0.0007612758781760931,21.659879684448242,0.00041554836207069457,3.073763847351074,0.16102395800407976
8357,84.42138671875,2.5852288672467694e-05,0.00018767717119771987,21.8552188873291,0.00041213224176317453,3.066312789916992,0.16368583298753947
8358,64.27949523925781,6.223789569048677e-06,4.9133177526528016e-09,22.93777084350586,0.00040718851960264146,3.0591228008270264,0.15647554100723937
8359,80.69267272949219,7.139497029129416e-07,0.000162383948918432,23.929485321044922,0.0004045339592266828,3.052459478378296,0.14650420803809538
8360,116.42274475097656,1.4657691735919798e-06,0.000524840725120157,23.3404598236084,0.00040451635140925646,3.046318531036377,0.1462260420084931
8361,154.78225708007812,5.417542070063064e-06,0.0009240173385478556,21.5773868560791,0.0004026137467008084,3.040515899658203,0.1456539579667151
8362,183.41342163085938,1.9388466171221808e-05,0.0012020498979836702,20.613746643066406,0.00040655856719240546,3.034848213195801,0.15141054202103987
8363,193.49105834960938,2.059939106402453e-05,0.001308200298808515,19.97966766357422,0.0004063142987433821,3.0292911529541016,0.15270808397326618
8364,183.93740844726562,1.6411808246630244e-05,0.00121739087626338,19.995786666870117,0.0004056135076098144,3.0240280628204346,0.14969058299902827
8365,161.7855987548828,3.2106720482261153e-06,0.0010096807964146137,20.358736038208008,0.00040137721225619316,3.0193564891815186,0.17274883401114494
8366,134.79208374023438,9.33180103857012e-07,0.0007355005363933742,20.944618225097656,0.00040204095421358943,3.0154385566711426,0.16369125002529472
8367,108.11312866210938,2.774405345462583e-07,0.00047419246402569115,20.533161163330078,0.00040132986032404006,3.0122647285461426,0.18438654096098617
8368,85.72293090820312,3.3798824006225914e-06,0.0002559934218879789,19.40350341796875,0.00040382094448432326,3.0096395015716553,0.1613800839986652
8369,70.41051483154297,7.88405304774642e-06,0.00010525996913202107,18.511796951293945,0.0004058431659359485,3.007371425628662,0.15723895898554474
8370,62.12957763671875,1.1800560969277285e-05,2.089368354063481e-05,18.10759735107422,0.0004075255710631609,3.0053606033325195,0.16891383402980864
8371,59.625244140625,8.17011186882155e-06,3.3317297720714123e-07,18.09510612487793,0.0004067980917170644,3.003664016723633,0.16169754200382158
8372,62.111167907714844,2.5832180199358845e-06,2.8575257601914927e-05,18.517820358276367,0.00040477499715052545,3.002420663833618,0.16051612503360957
8373,68.31436157226562,6.060564601284568e-07,8.942342537920922e-05,18.97039794921875,0.0004034101730212569,3.00170636177063,0.15470295795239508
8374,76.29887390136719,2.5752979126991704e-07,0.0001710022334009409,18.884862899780273,0.00040288030868396163,3.001471996307373,0.1482298750197515
8375,85.03604125976562,2.1759074115834665e-06,0.00026082241674885154,18.361129760742188,0.00040375080425292253,3.0015361309051514,0.14633650000905618
8376,94.2769775390625,3.998704869445646e-06,0.00035469690919853747,17.92003059387207,0.0004048738337587565,3.001742124557495,0.14689779101172462
8377,103.41558837890625,7.220487987069646e-06,0.00044347296352498233,17.831363677978516,0.00040514871943742037,3.0019876956939697,0.1521323750494048
8378,111.93827819824219,3.783098009080277e-06,0.0005325814709067345,17.86726188659668,0.00040434557013213634,3.0023128986358643,0.1534001249819994
8379,120.4087905883789,2.586476284704986e-06,0.0006183112855069339,18.08310317993164,0.000402359088184312,3.002774477005005,0.15808525000466034
8380,129.5402374267578,2.4853540026015253e-07,0.000710118270944804,18.3904972076416,0.00040113061550073326,3.0034494400024414,0.16053249995457008
8381,139.84066772460938,9.95687400973111e-07,0.0008134508971124887,18.324966430664062,0.000400710356188938,3.0042684078216553,0.16352649999316782
8382,151.78631591796875,9.65117123996606e-07,0.0009352994966320693,17.980884552001953,0.00040178970084525645,3.0051448345184326,0.1597148749860935
8383,166.24757385253906,5.08593302583904e-06,0.001078670029528439,17.620384216308594,0.00040251598693430424,3.005922794342041,0.17154279199894518
8384,183.50021362304688,3.6831381748925196e-06,0.0012530526146292686,17.442537307739258,0.00040384093881584704,3.006582736968994,0.16736025002319366
8385,204.5102081298828,5.9919379964412656e-06,0.00146103638689965,17.55217742919922,0.00040255204658024013,3.007107973098755,0.1610931659815833
8386,230.4080810546875,1.5140767573029734e-06,0.0017232075333595276,17.704809188842773,0.00040231109596788883,3.00760555267334,0.161198667017743
8387,263.4730529785156,2.9326597541512456e-06,0.0020519394893199205,17.942445755004883,0.0004004340444225818,3.008075475692749,0.1645668750279583
8388,305.62158203125,6.353571393447055e-07,0.002475118963047862,17.960800170898438,0.0004008531104773283,3.0085670948028564,0.1506334170117043
8389,360.1271667480469,4.919030743621988e-06,0.0030158874578773975,18.0257511138916,0.00040020744199864566,3.008964776992798,0.14891391701530665
8390,428.8406677246094,2.8717358873109333e-06,0.0037050035316497087,17.86007308959961,0.00040193041786551476,3.009260416030884,0.14600237499689683
8391,515.0115966796875,1.034207070915727e-05,0.004557778127491474,18.119810104370117,0.00040079798782244325,3.009369134902954,0.14486741699511185
8392,619.6181030273438,4.142284069530433e-06,0.005608496721833944,18.218172073364258,0.0004013598954770714,3.0093793869018555,0.15402812499087304
8393,746.08056640625,1.0667384231055621e-05,0.006860840599983931,18.963111877441406,0.0003996665182057768,3.0092883110046387,0.15641462500207126
8394,893.553466796875,3.5818086416838923e-06,0.008341396227478981,19.129758834838867,0.00039925932651385665,3.009194850921631,0.16159550001611933
8395,1060.8656005859375,1.3320394828042481e-05,0.009996452368795872,19.908262252807617,0.0003998001338914037,3.0090582370758057,0.16678387497086078
8396,1235.9512939453125,8.319693733938038e-06,0.011754046194255352,19.775482177734375,0.00039939203998073936,3.008877992630005,0.16655883396742865
8397,1399.6668701171875,2.4817894882289693e-05,0.013364487327635288,20.492483139038086,0.000402439123718068,3.0086169242858887,0.16404375003185123
8398,1522.7137451171875,2.007364309974946e-05,0.014603648334741592,20.290245056152344,0.0004005132068414241,3.0082428455352783,0.1618235419737175
8399,1567.137451171875,3.255449337302707e-05,0.015024933964014053,20.87548828125,0.00040513003477826715,3.007887363433838,0.16790649999165908
8400,1508.6319580078125,2.643376137712039e-05,0.014453752897679806,20.741437911987305,0.00039871857734397054,3.0075342655181885,0.1625626659952104
8401,1328.748779296875,2.854149352060631e-05,0.012640205211937428,21.143569946289062,0.0004073054878972471,3.0074498653411865,0.15948487498098984
8402,1054.3494873046875,2.7329937438480556e-05,0.009907498955726624,21.129446029663086,0.00039737156475894153,3.0075554847717285,0.15815791703062132
8403,724.9336547851562,2.3786011297488585e-05,0.006602988112717867,21.354618072509766,0.0004090160073246807,3.0081191062927246,0.15874712500954047
8404,414.9603576660156,2.613185642985627e-05,0.00351122603751719,21.257640838623047,0.0003996696032118052,3.0090224742889404,0.15003370901104063
8405,184.9388427734375,2.0900224626529962e-05,0.0012039021821692586,21.585750579833984,0.00040872851968742907,3.0104339122772217,0.1500484169810079
8406,74.40867614746094,2.1084835680085234e-05,9.970438986783847e-05,21.718076705932617,0.0004061168001499027,3.012289524078369,0.14682362496387213
8407,82.26722717285156,1.9966964828199707e-05,0.00017493423365522176,21.997108459472656,0.000407799961976707,3.0145604610443115,0.14715774997603148
8408,173.8545379638672,1.7908725567394868e-05,0.0010815849527716637,22.340335845947266,0.000415648304624483,3.0172557830810547,0.15713441598927602
8409,297.3227844238281,2.5002336769830436e-05,0.0023186122998595238,22.031476974487305,0.00040929848910309374,3.02012300491333,0.15794633299810812
8410,401.1417236328125,1.9773540770984255e-05,0.0033440440893173218,22.301124572753906,0.0004245884483680129,3.023261547088623,0.16694320901297033
8411,452.8578186035156,3.0364395570359193e-05,0.003869946114718914,21.53473472595215,0.00041292066453024745,3.0263452529907227,0.16339599998900667
8412,438.4123229980469,1.9970693756476976e-05,0.0037177561316639185,21.725889205932617,0.0004291376972105354,3.029568672180176,0.1614383750129491
8413,371.7724304199219,2.608130125736352e-05,0.003066322300583124,20.9450626373291,0.00041586998850107193,3.032674789428711,0.15412791701965034
8414,275.3013916015625,1.6284078810713254e-05,0.0020959777757525444,21.216978073120117,0.00042858239612542093,3.035841941833496,0.1884637500043027
8415,179.627197265625,1.891166903078556e-05,0.0011526086600497365,20.63394546508789,0.0004184121498838067,3.0388848781585693,0.16605920804431662
8416,106.89189147949219,1.514816267444985e-05,0.0004220776609145105,20.7098331451416,0.00042459473479539156,3.041843891143799,0.16655245801666752
8417,69.23606872558594,1.6547792256460525e-05,5.284045619191602e-05,20.283559799194336,0.0004201368719805032,3.044593334197998,0.16515816596802324
8418,66.48430633544922,1.662012618908193e-05,2.9404505767161027e-05,19.99546241760254,0.0004188637831248343,3.0470616817474365,0.1600080409552902
8419,89.82257843017578,1.5232258192554582e-05,0.00026504407287575305,19.864294052124023,0.0004193064814899117,3.0492236614227295,0.14690508297644556
8420,126.42436218261719,1.594718014530372e-05,0.0006411292124539614,19.438671112060547,0.00041278041317127645,3.0509705543518066,0.14759512501768768
8421,163.8960723876953,1.2325528587098233e-05,0.001014246605336666,19.646133422851562,0.0004159272648394108,3.052367925643921,0.14693066698964685
8422,193.80819702148438,1.348623845842667e-05,0.0013257469981908798,19.150068283081055,0.0004073480376973748,3.0532913208007812,0.14554566703736782
8423,211.23703002929688,1.0293822924722917e-05,0.0014961299020797014,19.466262817382812,0.0004112839524168521,3.0538411140441895,0.15566783299436793
8424,216.14942932128906,1.2094345947843976e-05,0.0015572941629216075,18.891151428222656,0.0004031941352877766,3.0538926124572754,0.16516545799095184
8425,209.87213134765625,9.554511052556336e-06,0.0014915040228515863,19.1219425201416,0.0004064433160237968,3.053562879562378,0.166375208995305
8426,196.23779296875,1.0666604794096202e-05,0.0013661389239132404,18.578609466552734,0.00039978616405278444,3.052767753601074,0.1580472919740714
8427,177.95889282226562,8.325884664373007e-06,0.0011818013153970242,18.7589054107666,0.00040187270496971905,3.05163836479187,0.15929508296540007
8428,158.4498291015625,8.636236088932492e-06,0.0009962106123566628,18.27483367919922,0.00039690305129624903,3.0501317977905273,0.16277783300029114
8429,139.4793243408203,7.058045412122738e-06,0.0008056768565438688,18.386432647705078,0.00039819395169615746,3.048365831375122,0.15746620803838596
8430,122.58409881591797,7.3566220635257196e-06,0.0006440907018259168,17.941129684448242,0.00039498231490142643,3.0463149547576904,0.16347579198190942
8431,108.24851989746094,6.738085630786372e-06,0.0005004640552215278,17.94753646850586,0.0003958076413255185,3.0440664291381836,0.16679479199228808
8432,96.759765625,6.969647074583918e-06,0.0003911603707820177,17.550811767578125,0.0003939595480915159,3.041609048843384,0.15828625002177432
8433,87.74976348876953,6.364652108459268e-06,0.0003015590482391417,17.528959274291992,0.0003942843759432435,3.039022922515869,0.17188654199708253
8434,80.93121337890625,5.988436896586791e-06,0.00023805465025361627,17.2150936126709,0.0003931180399376899,3.0363214015960693,0.1482942919828929
8435,75.90923309326172,5.258899818727514e-06,0.00018882863514591008,17.190235137939453,0.00039310241118073463,3.0335798263549805,0.1471400840091519
8436,72.41957092285156,4.7757312131579965e-06,0.0001578107476234436,16.927013397216797,0.00039233904681168497,3.0308175086975098,0.14842866698745638
8437,70.17354583740234,4.349836217443226e-06,0.00013632512127514929,16.879674911499023,0.0003922637552022934,3.028092384338379,0.14825637498870492
8438,68.9952621459961,4.093419192940928e-06,0.00012765424617100507,16.630949020385742,0.00039189544622786343,3.0254154205322266,0.15720795805100352
8439,68.73980712890625,3.8614052755292505e-06,0.0001258558186236769,16.577693939208984,0.00039190391544252634,3.0228331089019775,0.15471899998374283
8440,69.45785522460938,3.498372734611621e-06,0.00013561896048486233,16.37092399597168,0.0003917519934475422,3.0203568935394287,0.32784887496382
8441,71.30473327636719,3.1683057386544533e-06,0.0001546341518405825,16.348283767700195,0.00039176203426904976,3.018033981323242,0.16752808302408084
8442,74.66252136230469,2.7492360459291376e-06,0.00019057560712099075,16.15130043029785,0.00039178732549771667,3.0158698558807373,0.16368166700704023
8443,80.16082763671875,2.6118450477952138e-06,0.00024579744786024094,16.12958526611328,0.000391903129639104,3.0139009952545166,0.16844050004146993
8444,88.85411071777344,2.3257605334947584e-06,0.00033492696820758283,15.9111328125,0.00039217708399519324,3.0121138095855713,0.15520304202800617
8445,102.34410095214844,2.5228384856745834e-06,0.00046935572754591703,15.915359497070312,0.0003924088377971202,3.010530471801758,0.16160229197703302
8446,123.36888122558594,2.2625658857577946e-06,0.0006815419183112681,15.68993854522705,0.00039298488991335034,3.0091190338134766,0.16388241696404293
8447,156.24644470214844,2.6590646484692115e-06,0.0010087264236062765,15.801928520202637,0.0003930596576537937,3.007902145385742,0.15538266603834927
8448,208.36129760742188,2.181714307880611e-06,0.0015314345946535468,15.610342025756836,0.0003938932786695659,3.006835699081421,0.1474838750436902
8449,291.1510314941406,3.0175781375874067e-06,0.0023555641528218985,15.926386833190918,0.00039366481360048056,3.005946159362793,0.14767199999187142
8450,424.1441650390625,2.447668748573051e-06,0.003685669507831335,15.814936637878418,0.0003951747203245759,3.0051627159118652,0.14657450001686811
8451,637.41845703125,4.5731626414635684e-06,0.005809675436466932,16.529090881347656,0.0003946447977796197,3.00451397895813,0.14651045895880088
8452,981.552734375,4.292099220037926e-06,0.00924654956907034,16.675209045410156,0.00039793355972506106,3.0038771629333496,0.15052116697188467
8453,1526.3397216796875,1.0354342521168292e-05,0.01467316783964634,18.24497413635254,0.0003974259889218956,3.003290891647339,0.15776783402543515
8454,2379.826904296875,1.3136127563484479e-05,0.023187557235360146,19.23597526550293,0.0004052159492857754,3.0025250911712646,0.15443762496579438
8455,3637.344482421875,3.174811354256235e-05,0.035711225122213364,22.444812774658203,0.00040602381341159344,3.001666784286499,0.16091333399526775
8456,5388.79736328125,5.925735968048684e-05,0.05314749851822853,25.566858291625977,0.0004255468084011227,3.0002312660217285,0.164499458973296
8457,7391.1845703125,0.00010445796942804009,0.07308279722929001,29.472061157226562,0.00042986960033886135,2.998523473739624,0.1907953330082819
8458,9194.79296875,0.0002456498332321644,0.09084997326135635,38.064334869384766,0.00047165979049168527,2.9956421852111816,0.16520520800258964
8459,9447.16015625,0.00022925740631762892,0.0933983102440834,36.56881332397461,0.00047834505676291883,2.9926671981811523,0.16423870902508497
8460,7653.8984375,0.000430702930316329,0.07510967552661896,49.58598327636719,0.0005027456791140139,2.9888360500335693,0.1577441249974072
8461,4005.621826171875,0.00019592320313677192,0.03879689425230026,51.730987548828125,0.0005460914107970893,2.9860758781433105,0.15886566595872864
8462,909.2815551757812,0.00014214692055247724,0.007783967535942793,62.43703079223633,0.0005423311959020793,2.984800100326538,0.16149733297061175
8463,225.25173950195312,4.386925866128877e-05,0.0008755899034440517,73.80359649658203,0.0005950222839601338,2.985996723175049,0.15576575003797188
8464,1783.5301513671875,1.833244095905684e-05,0.016367651522159576,78.4890365600586,0.0006644277018494904,2.9900505542755127,0.14780920796329156
8465,3627.664306640625,0.00016474706353619695,0.03498345986008644,58.51184844970703,0.0005433181650005281,2.9952874183654785,0.14871179102919996
8466,3789.722900390625,0.00016487561515532434,0.03649875521659851,55.6976432800293,0.0006766217411495745,3.0019474029541016,0.1463285829522647
8467,2265.938720703125,0.0006356714875437319,0.021003911271691322,42.85416030883789,0.0005912610795348883,3.007878303527832,0.15459758398355916
8468,540.859375,0.00035696360282599926,0.003956208471208811,43.36266326904297,0.0006617947947233915,3.0142250061035156,0.15568091598106548
8469,223.96878051757812,0.000137717739562504,0.0008595786057412624,55.35673141479492,0.0006888242205604911,3.0218961238861084,0.16154966602334753
8470,1236.6571044921875,4.074651587870903e-05,0.010943694040179253,69.88894653320312,0.000683241116348654,3.031312942504883,0.16519529197830707
8471,2183.833740234375,7.289350492101221e-07,0.020153766497969627,84.38743591308594,0.000839968619402498,3.0431158542633057,0.15876091696554795
8472,2032.6510009765625,0.00011568674381123856,0.01891944371163845,60.68577575683594,0.0006845219759270549,3.055267333984375,0.16289379098452628
8473,989.5034790039062,0.0002076039818348363,0.008475279435515404,44.70587158203125,0.0007650927873328328,3.0672154426574707,0.15713999996660277
8474,200.6087646484375,0.0003886863705702126,0.0005335943424142897,37.04631805419922,0.0007133437320590019,3.0779201984405518,0.15438991598784924
8475,352.6756896972656,0.0003107826050836593,0.0021483227610588074,37.110897064208984,0.0006965425563976169,3.087526559829712,0.1609571659937501
8476,1012.7906494140625,7.963365351315588e-05,0.00879080593585968,49.62618637084961,0.0007612053886987269,3.0972180366516113,0.15645012498134747
8477,1305.8118896484375,1.733228054945357e-05,0.011763663962483406,59.35525894165039,0.0006835694657638669,3.107219696044922,0.15506487496895716
8478,901.731201171875,1.4172434021020308e-05,0.007658603601157665,60.06559371948242,0.0007438798784278333,3.1174063682556152,0.15759112499654293
8479,303.5592346191406,9.152791608357802e-05,0.0018678278429433703,42.97205352783203,0.0006465160404331982,3.126497983932495,0.15085758396890014
8480,126.44190979003906,0.00019232401973567903,0.000106629311630968,34.12490463256836,0.0006242166855372488,3.1336891651153564,0.14864066703012213
8481,419.343994140625,0.00018700167129281908,0.003028128994628787,35.6542854309082,0.0006217663176357746,3.1389477252960205,0.14759974996559322
8482,738.8353271484375,0.00011931254266528413,0.006350910756736994,35.409420013427734,0.0005640356102958322,3.1424648761749268,0.17098229104885831
8483,720.9329223632812,4.7523844841634855e-05,0.006171691697090864,40.04032897949219,0.0005897098453715444,3.1448686122894287,0.15808587503852323
8484,423.0832824707031,1.561568569741212e-05,0.003241928294301033,43.2656364440918,0.0005406327545642853,3.1463727951049805,0.1634124590200372
8485,146.25677490234375,1.4521917364618275e-05,0.0004963549436070025,41.201271057128906,0.0005396781489253044,3.1469931602478027,0.15776249999180436
8486,110.34458923339844,3.7608817365253344e-05,0.00019281367713119835,35.7028923034668,0.000515994499437511,3.146334171295166,0.16557675000512972
8487,279.34906005859375,7.167728472268209e-05,0.0019006968941539526,33.015625,0.0004909601411782205,3.1440272331237793,0.16073616599896923
8488,446.5760803222656,7.920127973193303e-05,0.0035760861355811357,31.7228946685791,0.0004932444426231086,3.1401987075805664,0.16122170799644664
8489,454.4197692871094,4.7079473006306216e-05,0.003723951755091548,31.061256408691406,0.0004625539295375347,3.1351537704467773,0.16283350001322106
8490,313.08709716796875,3.173535151290707e-05,0.002315536607056856,31.661888122558594,0.0004669800400733948,3.1292648315429688,0.15908850001869723
8491,150.45021057128906,1.4213752365321852e-05,0.0007193989586085081,32.12456512451172,0.00044964373228140175,3.1228184700012207,0.16268462501466274
8492,77.06192016601562,1.1021862519555725e-05,4.1904622776200995e-06,31.13235092163086,0.00044408332905732095,3.115983247756958,0.16743850003695115
8493,116.63731384277344,1.746703674143646e-05,0.000412483379477635,29.783275604248047,0.00043858998105861247,3.108722448348999,0.16002545796800405
8494,211.489990234375,2.9065469789202325e-05,0.0013861095067113638,27.126304626464844,0.0004284619935788214,3.100891590118408,0.15250954200746492
8495,281.7679443359375,4.7321897000074387e-05,0.0020851856097579002,25.462276458740234,0.00043054905836470425,3.0924606323242188,0.14923799998359755
8496,281.0928039550781,2.8771864890586585e-05,0.002114662667736411,24.794687271118164,0.00041954676271416247,3.083698272705078,0.14734958298504353
8497,219.08668518066406,2.1877653125557117e-05,0.0014905281132087111,25.82111167907715,0.00042025011498481035,3.074890613555908,0.14549412502674386
8498,138.65966796875,8.45190788822947e-06,0.0007131329621188343,25.165721893310547,0.0004133546317461878,3.066322088241577,0.15288808301556855
8499,81.256591796875,6.625612968491623e-06,0.00014769902918487787,24.599472045898438,0.00041224650340154767,3.0581436157226562,0.16163916600635275
8500,66.04545593261719,6.102748102421174e-06,5.635561592498561e-06,23.966447830200195,0.00040905174682848155,3.050419569015503,0.15737258398439735
8501,88.30572509765625,9.514389603282325e-06,0.00023763548233546317,22.84929656982422,0.0004074144526384771,3.0430915355682373,0.15948187501635402
8502,128.13983154296875,1.7896116332849488e-05,0.0006343737477436662,21.97125244140625,0.00040941601037047803,3.0360774993896484,0.15752725000493228
8503,163.0852813720703,1.1742074093490373e-05,0.0009922563331201673,22.00008773803711,0.000406853505410254,3.0294981002807617,0.1571385000133887
8504,179.13430786132812,1.0067132279800717e-05,0.0011499713873490691,22.329133987426758,0.0004080132348462939,3.023489475250244,0.15743120899423957
8505,173.08274841308594,2.9870079742977396e-06,0.0011029066517949104,22.000930786132812,0.00040492447442375124,3.0182154178619385,0.16461204196093604
8506,150.660400390625,5.122561105963541e-06,0.0008803372038528323,21.367708206176758,0.0004074671305716038,3.0136430263519287,0.1598385829711333
8507,120.62762451171875,3.101398760918528e-06,0.0005856382194906473,21.09916877746582,0.0004065449465997517,3.0097782611846924,0.1579958749935031
8508,92.34868621826172,6.687432687613182e-06,0.00030242084176279604,20.57326316833496,0.00040864592301659286,3.0065078735351562,0.16631250001955777
8509,71.99925231933594,6.9269117375370115e-06,0.00010481037315912545,19.870756149291992,0.00040954770520329475,3.0037643909454346,0.158172250026837
8510,62.278770446777344,7.371179435722297e-06,8.881784197001252e-06,19.595130920410156,0.00041058342321775854,3.0015065670013428,0.1470850000041537
8511,62.47003936767578,4.4783164412365295e-06,1.326302663073875e-05,19.711715698242188,0.0004098418867215514,2.9997780323028564,0.14379508298588917
8512,69.97443389892578,1.976875182663207e-06,9.066320490092039e-05,19.843599319458008,0.0004086682456545532,2.9986119270324707,0.1487731669913046
8513,81.16460418701172,2.6832237836060813e-06,0.0002028258895734325,19.73804473876953,0.000408756488468498,2.997924327850342,0.14744604198494926
8514,92.91055297851562,2.131472001565271e-06,0.0003220847574993968,19.623794555664062,0.0004086513945367187,2.99764347076416,0.15609095798572525
8515,103.03791809082031,4.449603693501558e-06,0.0004231755738146603,19.415931701660156,0.0004085946420673281,2.9976468086242676,0.15416308300336823
8516,110.15154266357422,2.8958259008504683e-06,0.0004978007636964321,19.259714126586914,0.00040822173468768597,2.9978997707366943,0.15986633294960484
8517,113.76097106933594,4.992274170945166e-06,0.0005333410226739943,19.13232421875,0.00040795322274789214,2.9983112812042236,0.16070241702254862
8518,114.01107788085938,1.8289040326635586e-06,0.0005376444314606488,19.367464065551758,0.00040696284850127995,2.998922348022461,0.16281895799329504
8519,111.82510375976562,2.3734521619189763e-06,0.0005165387992747128,19.367523193359375,0.0004056634788867086,2.9996986389160156,0.16386258299462497
8520,107.85301208496094,7.864105100452434e-07,0.00048011913895606995,19.239900588989258,0.00040522561175748706,3.0006473064422607,0.1551993329776451
8521,102.95756530761719,2.7831395073008025e-06,0.0004325257323216647,18.868955612182617,0.00040557727334089577,3.0016438961029053,0.16386566701112315
8522,97.59234619140625,1.8988833971889107e-06,0.0003804273437708616,18.74049949645996,0.0004061922081746161,3.0026581287384033,0.1633724169805646
8523,92.23274993896484,3.80771552954684e-06,0.0003272743197157979,18.519807815551758,0.00040604735841043293,3.003610134124756,0.15904254198540002
8524,87.0862045288086,2.2032488686818397e-06,0.0002789944992400706,18.3447208404541,0.0004062170919496566,3.004513740539551,0.16101079201325774
8525,82.4815444946289,3.113376578767202e-06,0.00023395249445457011,18.210832595825195,0.00040564124356023967,3.0053353309631348,0.1495318750385195
8526,78.47449493408203,1.257541953236796e-06,0.00019560461805667728,18.259361267089844,0.000405289203627035,3.006127119064331,0.14573912497144192
8527,75.12890625,1.8145840385841439e-06,0.00016313220839947462,18.18704605102539,0.00040447182254865766,3.0068628787994385,0.14717304101213813
8528,72.35432434082031,1.3215682201916934e-06,0.00013764220057055354,17.990264892578125,0.0004046768299303949,3.007535457611084,0.14784833299927413
8529,70.14329528808594,2.7326577765052207e-06,0.00011688483209582046,17.743370056152344,0.0004043817752972245,3.008082151412964,0.1548925829702057
8530,68.39645385742188,1.9746969428524608e-06,0.0001011283093248494,17.675498962402344,0.0004041065403725952,3.00852108001709,0.3169814170105383
8531,67.09746551513672,2.441518063278636e-06,8.888314914656803e-05,17.652700424194336,0.0004031229764223099,3.008849620819092,0.16447445802623406
8532,66.18121337890625,1.361470140182064e-06,8.159445133060217e-05,17.62062644958496,0.0004026499518658966,3.0091135501861572,0.16034695802954957
8533,65.6099624633789,1.6197102468140656e-06,7.707588520133868e-05,17.558393478393555,0.0004018200852442533,3.0093166828155518,0.1606483330251649
8534,65.33038330078125,9.168993528874125e-07,7.561349775642157e-05,17.536828994750977,0.0004014051519334316,3.0094947814941406,0.16290862497407943
8535,65.33665466308594,1.6661599602230126e-06,7.667452882742509e-05,17.400163650512695,0.00040102421189658344,3.009617567062378,0.16314879100536928
8536,65.66422271728516,1.5088007785379887e-06,8.15040257293731e-05,17.235734939575195,0.000401272060116753,3.0096843242645264,0.1590789580368437
8537,66.36532592773438,2.460741370668984e-06,8.946852176450193e-05,17.077789306640625,0.00040094609721563756,3.009669542312622,0.15248912503011525
8538,67.46455383300781,1.5017803889350034e-06,0.00010207999002886936,17.03594970703125,0.000400704302592203,3.009618043899536,0.1496987499995157
8539,69.10159301757812,2.065507032966707e-06,0.00011903925042133778,16.982450485229492,0.0004000866902060807,3.0095252990722656,0.14999791700392962
8540,71.49845886230469,1.1452034414105583e-06,0.00014439711230807006,16.946754455566406,0.00039997469866648316,3.009432315826416,0.14702520798891783
8541,75.00172424316406,2.1356511297199177e-06,0.0001801632170099765,16.833690643310547,0.000399381504394114,3.0093095302581787,0.14751033403445035
8542,79.95318603515625,1.2334620578258182e-06,0.00023128344037104398,16.771455764770508,0.00039930042112246156,3.0091912746429443,0.1505819590529427
8543,86.92214965820312,2.904758503063931e-06,0.00030085560865700245,16.6643123626709,0.0003988179378211498,3.0090246200561523,0.15318924997700378
8544,96.73448181152344,1.4732836461917032e-06,0.00040060028550215065,16.644969940185547,0.000398821517592296,3.0088584423065186,0.15940670802956447
8545,110.77735900878906,3.321837311887066e-06,0.0005406338023021817,16.596351623535156,0.00039785445551387966,3.0086493492126465,0.19097958400379866
8546,130.73812866210938,1.0110912853633636e-06,0.0007420196780003607,16.683433532714844,0.0003975161525886506,3.00848388671875,0.17921054200269282
8547,159.56103515625,3.6325238852441544e-06,0.0010285257594659925,16.679588317871094,0.0003966562799178064,3.008287191390991,0.1538686659769155
8548,200.96173095703125,8.824144970276393e-07,0.0014437725767493248,16.82351303100586,0.0003967270895373076,3.008150100708008,0.16840716602746397
8549,261.36016845703125,5.385403710533865e-06,0.002043674932792783,16.840810775756836,0.0003961332549806684,3.0079498291015625,0.16237775003537536
8550,347.99102783203125,1.0674751820261008e-06,0.002912128111347556,17.028276443481445,0.0003964320058003068,3.0078067779541016,0.1637617499800399
8551,474.0638732910156,9.15384225663729e-06,0.004162538331001997,17.26102638244629,0.00039633631240576506,3.0075459480285645,0.16103470796952024
8552,652.7007446289062,1.5343869108619401e-06,0.005951734259724617,17.699804306030273,0.00039674065192230046,3.0073394775390625,0.15780400001676753
8553,908.07373046875,1.6003403288777918e-05,0.00848248042166233,18.477497100830078,0.00039747869595885277,3.006960153579712,0.1737179160118103
8554,1254.3699951171875,3.252889882787713e-06,0.011953869834542274,18.884267807006836,0.00039773384924046695,3.00661563873291,0.16388195799663663
8555,1716.7957763671875,3.2464773539686576e-05,0.016528364270925522,20.578453063964844,0.00040134359733201563,3.0060055255889893,0.14705095899989828
8556,2270.700927734375,1.2569040336529724e-05,0.02208510786294937,20.81293487548828,0.0004012034914921969,3.0053186416625977,0.14481670799432322
8557,2873.174072265625,6.482496974058449e-05,0.028021762147545815,23.532140731811523,0.00040983204962685704,3.004300832748413,0.1458903329912573
8558,3369.13916015625,4.459070987650193e-05,0.03301012143492699,22.941864013671875,0.0004072596784681082,3.0030455589294434,0.14913633302785456
8559,3555.060302734375,9.700538066681474e-05,0.03478601202368736,24.590972900390625,0.00042167436913587153,3.0016307830810547,0.15740199998253956
8560,3249.568115234375,9.128629608312622e-05,0.03174614906311035,24.638343811035156,0.00041186041198670864,3.0000405311584473,0.15286958403885365
8561,2400.96142578125,8.109772170428187e-05,0.023244226351380348,25.0086612701416,0.00043420374277047813,2.998906135559082,0.15927166701294482
8562,1314.58203125,7.48029924579896e-05,0.01238338928669691,27.029664993286133,0.00041732992394827306,2.9982547760009766,0.16177687502931803
8563,417.91796875,3.615516470745206e-05,0.003392917802557349,30.326921463012695,0.0004468374536372721,2.998772621154785,0.16177129198331386
8564,80.94815063476562,2.971690810227301e-05,4.3322015699232e-06,32.70838928222656,0.00044834852451458573,3.000519275665283,0.16086450003786013
8565,321.90631103515625,3.554276918293908e-05,0.002403760328888893,33.20768737792969,0.0004476829490158707,3.0033395290374756,0.1592097079847008
8566,834.3292236328125,3.4731569030554965e-05,0.007491644937545061,33.401275634765625,0.0004829031240660697,3.0072786808013916,0.16341187502257526
8567,1218.489013671875,0.00011725630611181259,0.011313708499073982,30.185266494750977,0.000452072563348338,3.0113372802734375,0.1669959999853745
8568,1198.0416259765625,7.380624447250739e-05,0.011092398315668106,31.02644920349121,0.0005039468524046242,3.0159871578216553,0.16270816704491153
8569,833.1824340820312,0.00013527489500120282,0.007426700089126825,29.795562744140625,0.00047189410543069243,3.0205318927764893,0.1597702080034651
8570,372.7359313964844,5.3029532864456996e-05,0.002843650756403804,32.05314636230469,0.0005101473070681095,3.0256857872009277,0.15719470899784938
8571,108.11965942382812,3.885594560415484e-05,0.0002125697792507708,32.91936111450195,0.0005005772691220045,3.0314114093780518,0.1468409999506548
8572,140.9395751953125,2.71358439931646e-05,0.0005436092615127563,33.45588684082031,0.0005040917312726378,3.0376908779144287,0.14731879101600498
8573,367.0880432128906,2.0753335775225423e-05,0.002790553495287895,33.19013977050781,0.0005276717711240053,3.0444931983947754,0.14548225002363324
8574,587.0604858398438,6.919419683981687e-05,0.005025553982704878,28.394775390625,0.0004919084603898227,3.0509591102600098,0.1493952500168234
8575,638.3916625976562,5.895674985367805e-05,0.005524360109120607,27.55284881591797,0.0005250707035884261,3.057166814804077,0.15143616602290422
8576,504.43792724609375,9.951759420800954e-05,0.004201855510473251,25.42831039428711,0.000488723220769316,3.0625205039978027,0.15820750000420958
8577,282.28167724609375,4.975514821126126e-05,0.0019991048611700535,26.659543991088867,0.0005073611973784864,3.067448139190674,0.1597616249928251
8578,116.80923461914062,3.2540890970267355e-05,0.0003767162561416626,27.223424911499023,0.00048660096945241094,3.0719597339630127,0.16281004197662696
8579,83.12482452392578,1.6305733879562467e-05,4.923015512758866e-05,28.307708740234375,0.0004826352815143764,3.07616925239563,0.1583305419771932
8580,162.8978271484375,1.3208814380050171e-05,0.0008540374110452831,28.03659439086914,0.0004813661507796496,3.0800085067749023,0.16720516700297594
8581,280.1866760253906,3.196678517269902e-05,0.0020636848639696836,24.966245651245117,0.0004565526614896953,3.0829720497131348,0.16409091698005795
8582,356.2425842285156,3.6428780731512234e-05,0.002818431705236435,24.321516036987305,0.0004643501597456634,3.0850048065185547,0.1642638749908656
8583,352.6092529296875,5.4364281822927296e-05,0.002802480710670352,22.758174896240234,0.00044166561565361917,3.0857717990875244,0.1686353749828413
8584,278.0593566894531,3.035585723409895e-05,0.0020676942076534033,23.68707275390625,0.0004456728929653764,3.0856387615203857,0.16883924999274313
8585,179.50689697265625,1.949358920683153e-05,0.0011109182378277183,23.626333236694336,0.00042839383240789175,3.0846991539001465,0.16123808396514505
8586,101.08782958984375,7.497291335312184e-06,0.00032947774161584675,24.618139266967773,0.00042772182496264577,3.083252429962158,0.1478272500098683
8587,67.33261108398438,7.044433914416004e-06,8.017160325834993e-06,23.893489837646484,0.0004193296190351248,3.081287384033203,0.1462075419840403
8588,78.49681091308594,1.2457292541512288e-05,0.00013377610594034195,22.50136375427246,0.00041372107807546854,3.0786759853363037,0.14684141596080735
8589,118.53811645507812,1.8996785001945682e-05,0.0005377328488975763,21.603134155273438,0.0004126202838961035,3.0753626823425293,0.14898083300795406
8590,164.5052490234375,2.4554916308261454e-05,0.0010062442161142826,20.695741653442383,0.00040729602915234864,3.0712740421295166,0.15499233303125948
8591,196.9867401123047,1.7390395441907458e-05,0.0013338674325495958,21.14990997314453,0.00040711043402552605,3.0666675567626953,0.15293162502348423
8592,207.78204345703125,1.1419569091231097e-05,0.0014557735994458199,20.890783309936523,0.0004017195024061948,3.0616707801818848,0.15729145903605968
8593,197.00680541992188,5.874050657439511e-06,0.0013462083879858255,21.613744735717773,0.00040184834506362677,3.0565600395202637,0.16461420798441395
8594,171.66236877441406,5.837702701683156e-06,0.0011069009779021144,20.540447235107422,0.000398480478907004,3.051330327987671,0.16104783298214898
8595,139.59490966796875,7.937028385640588e-06,0.0007877895259298384,20.125993728637695,0.0003989625838585198,3.0460331439971924,0.16233941598329693
8596,108.67617797851562,1.1446575626905542e-05,0.0004877977480646223,18.901081085205078,0.00039850667235441506,3.040602207183838,0.16396966599859297
8597,83.68807983398438,1.154519668489229e-05,0.0002407919819233939,18.647310256958008,0.0003980705514550209,3.0351390838623047,0.16125262499554083
8598,67.13844299316406,8.272996637970209e-06,8.223317126976326e-05,18.38905143737793,0.0003969877725467086,3.0297653675079346,0.15518250002060086
8599,59.375335693359375,4.453879682841944e-06,7.948450729600154e-06,18.569677352905273,0.0003956542641390115,3.0246593952178955,0.1586799580254592
8600,59.111141204833984,2.46261174652318e-06,7.656764864805155e-06,18.605722427368164,0.0003949347883462906,3.0199365615844727,0.15317341702757403
8601,64.20303344726562,2.30490059038857e-06,6.189873238326982e-05,18.27599334716797,0.00039506671600975096,3.015615224838257,0.15367545798653737
8602,72.82569122314453,3.609612576838117e-06,0.00014960009139031172,17.911277770996094,0.0003959344467148185,3.0116689205169678,0.15069166698958725
8603,83.61475372314453,5.029633030062541e-06,0.0002598453138489276,17.38453483581543,0.0003974272112827748,3.008033037185669,0.14985162497032434
8604,95.44338989257812,5.437816071207635e-06,0.00037812432856298983,17.314302444458008,0.0003977286978624761,3.0047378540039062,0.1478306669741869
8605,107.8631591796875,3.637978807091713e-06,0.0005053937784396112,17.13686180114746,0.00039823123370297253,3.0018153190612793,0.155701583949849
8606,120.89591217041016,2.3695970412518363e-06,0.0006348181632347405,17.417112350463867,0.0003976002335548401,2.999356985092163,0.16020675003528595
8607,135.16091918945312,1.287123836846149e-06,0.0007799928425811231,17.202909469604492,0.00039830003515817225,2.99735689163208,0.1700495409895666
8608,151.33726501464844,1.913201913339435e-06,0.0009399864939041436,17.298818588256836,0.0003984847280662507,2.995800733566284,0.18898637499660254
8609,170.61593627929688,2.3776781290507643e-06,0.0011353036388754845,16.807098388671875,0.0004004071233794093,2.9945764541625977,0.16594154201447964
8610,194.08697509765625,4.241865099174902e-06,0.00136735534761101,16.904813766479492,0.00040022440953180194,2.9936411380767822,0.16145591699751094
8611,223.5074920654297,3.547148708094028e-06,0.0016634417697787285,16.623607635498047,0.00040184977115131915,2.9929287433624268,0.16364191594766453
8612,260.8235778808594,3.737328142960905e-06,0.002033964730799198,17.077617645263672,0.0003997574676759541,2.9924850463867188,0.16404316597618163
8613,309.501220703125,1.909905449792859e-06,0.0025227919686585665,16.969402313232422,0.0004006165254395455,2.992283582687378,0.16412808297900483
8614,373.1805725097656,2.7518060505826725e-06,0.003155040554702282,17.560041427612305,0.00039841310353949666,2.9923501014709473,0.1605265830294229
8615,457.67840576171875,2.362262648603064e-06,0.00400069123134017,17.340227127075195,0.000400327960960567,2.9925730228424072,0.16119725001044571
8616,568.2969360351562,5.492716809385456e-06,0.005099481903016567,17.965503692626953,0.00039833964547142386,2.9929347038269043,0.15771579096326604
8617,713.022216796875,5.725627943320433e-06,0.006544570904225111,17.838775634765625,0.00040153792360797524,2.9932913780212402,0.1486554589937441
8618,895.7093505859375,9.409515769220889e-06,0.00836087390780449,18.828927993774414,0.0003985207004006952,2.9937071800231934,0.14849166700150818
8619,1124.1571044921875,8.699761565367226e-06,0.010641375556588173,18.96614646911621,0.0004018338513560593,2.9940552711486816,0.14523316599661484
8620,1391.9423828125,1.254116250493098e-05,0.013304579071700573,20.320402145385742,0.00039909931365400553,2.9944818019866943,0.28780562500469387
8621,1695.756103515625,1.5693038221797906e-05,0.01633521355688572,20.386211395263672,0.00040279157110489905,2.9947669506073,0.16206866601714864
8622,1992.1129150390625,2.209060767199844e-05,0.019280044361948967,21.669963836669922,0.00040229439036920667,2.9951164722442627,0.1637839170289226
8623,2247.811767578125,3.623046723078005e-05,0.02181953750550747,21.644954681396484,0.0004058976483065635,2.995183229446411,0.17235416697803885
8624,2362.18798828125,3.548806853359565e-05,0.02295564115047455,22.294048309326172,0.00040780968265607953,2.9953737258911133,0.16147220903076231
8625,2300.947998046875,5.778189006377943e-05,0.02232135646045208,22.418073654174805,0.0004061613290105015,2.995316982269287,0.1591383750201203
8626,1990.481689453125,3.632812149589881e-05,0.019226649776101112,22.81508445739746,0.00041368886013515294,2.995657205581665,0.15863633301341906
8627,1506.553466796875,5.5469416111009195e-05,0.014379037544131279,22.81655502319336,0.0004028618859592825,2.9960756301879883,0.16264150000642985
8628,931.1696166992188,2.7290067009744234e-05,0.00862651877105236,24.026412963867188,0.0004176235233899206,2.997199058532715,0.1587986660306342
8629,434.5260314941406,3.7947324017295614e-05,0.003666328266263008,23.585500717163086,0.00040512962732464075,2.9987916946411133,0.16589187498902902
8630,133.2885284423828,2.425692400720436e-05,0.0006478962604887784,24.475765228271484,0.00041597438394092023,3.0011229515075684,0.16170754097402096
8631,75.72677612304688,2.6080691895913333e-05,7.128220022423193e-05,24.34317970275879,0.0004164731362834573,3.004101037979126,0.15196854097303003
8632,215.3721160888672,3.4594708267832175e-05,0.0014652861282229424,23.99480628967285,0.0004138922377023846,3.0074965953826904,0.14907770801801234
8633,444.1541442871094,2.4195900550694205e-05,0.0037335604429244995,25.037416458129883,0.00043341086711734533,3.0114564895629883,0.14884362503653392
8634,646.39794921875,5.113350198371336e-05,0.005753079429268837,24.01688575744629,0.0004195980727672577,3.015427589416504,0.15116566698998213
8635,731.5494995117188,2.462467091390863e-05,0.0065912529826164246,25.18169593811035,0.0004478004411794245,3.019803762435913,0.14934470894513652
8636,682.467529296875,4.991335663362406e-05,0.006111974827945232,23.54543113708496,0.0004273325321264565,3.024035930633545,0.18696612498024479
8637,522.1993408203125,2.181357740482781e-05,0.004506096709519625,24.20029067993164,0.000452079955721274,3.028543472290039,0.15945920802187175
8638,326.1291198730469,3.386726893950254e-05,0.0025666665751487017,22.68912124633789,0.0004338663420639932,3.0329511165618896,0.166114249965176
8639,161.77154541015625,2.0710998796857893e-05,0.000917694007512182,23.164058685302734,0.0004476697649806738,3.0374302864074707,0.16271187498932704
8640,77.46708679199219,2.405303530395031e-05,8.430868911091238e-05,22.56595230102539,0.00044064968824386597,3.041780710220337,0.16199200000846758
8641,80.90324401855469,2.4864239094313234e-05,0.00012210746353957802,22.289033889770508,0.00043917036964558065,3.0458786487579346,0.16469487495487556
8642,146.5756072998047,2.1867059331270866e-05,0.0007770126685500145,22.368209838867188,0.0004431942361406982,3.049694299697876,0.16191779199289158
8643,232.8292236328125,2.8872984330519103e-05,0.001655962667427957,21.3380069732666,0.000430076353950426,3.052959442138672,0.1649214579956606
8644,300.1031188964844,1.9981882360298187e-05,0.002323712222278118,21.842985153198242,0.00043890750384889543,3.055800676345825,0.15864008298376575
8645,327.23297119140625,2.6233112293994054e-05,0.0026170872151851654,20.71102523803711,0.00042189896339550614,3.0579538345336914,0.16908237501047552
8646,309.23382568359375,1.6284560842905194e-05,0.0024324136320501566,21.383581161499023,0.0004298042331356555,3.0596139430999756,0.15021095803240314
8647,259.5252380371094,2.0014935216750018e-05,0.001955785322934389,20.44752311706543,0.0004149767046328634,3.0605831146240234,0.14534337498480454
8648,195.15948486328125,1.3338674762053415e-05,0.0013101499062031507,20.89181137084961,0.0004191882908344269,3.0610287189483643,0.14587924996158108
8649,134.77859497070312,1.4915224710421171e-05,0.0007217669626697898,20.18203353881836,0.00040928335511125624,3.060842990875244,0.14581158303190023
8650,89.90660095214844,1.160968986368971e-05,0.00027544566546566784,20.2445125579834,0.0004095655167475343,3.060131311416626,0.14914975001011044
8651,65.82781982421875,1.1357616131135728e-05,4.424431244842708e-05,19.806686401367188,0.00040460939635522664,3.058885097503662,0.1496467919787392
8652,61.61571502685547,1.0308745004294906e-05,8.105160304694436e-06,19.54705047607422,0.0004022727662231773,3.057149887084961,0.1584578329930082
8653,72.7054214477539,9.208746632793918e-06,0.0001233647344633937,19.354833602905273,0.00040093238931149244,3.054989814758301,0.16344350000144914
8654,93.17951965332031,9.487933311902452e-06,0.00033559053554199636,18.89748764038086,0.00039774185279384255,3.0524041652679443,0.16275337495608255
8655,117.45985412597656,8.306976269523147e-06,0.000579090672545135,18.896448135375977,0.0003982363559771329,3.0494978427886963,0.16259445896139368
8656,141.54183959960938,8.981538485386409e-06,0.0008275465806946158,18.35024070739746,0.00039538778946734965,3.046248435974121,0.16106379200937226
8657,162.75714111328125,7.777305654599331e-06,0.0010386742651462555,18.487016677856445,0.0003962496994063258,3.0427868366241455,0.16224879096262157
8658,180.40806579589844,8.111270290100947e-06,0.0012229874264448881,17.892337799072266,0.00039405858842656016,3.0390920639038086,0.1598754589795135
8659,194.30628967285156,7.001153790042736e-06,0.0013602586695924401,18.116437911987305,0.00039463862776756287,3.035306692123413,0.16469408298144117
8660,205.94796752929688,7.0377909651142545e-06,0.0014843858079984784,17.49266242980957,0.000393129390431568,3.03141188621521,0.1588226250023581
8661,216.21144104003906,6.3013530962052755e-06,0.0015849453629925847,17.745912551879883,0.00039340852526947856,3.0275466442108154,0.15792795800371096
8662,227.32595825195312,6.177185696287779e-06,0.0017029388109222054,17.159786224365234,0.0003925456840079278,3.023690700531006,0.14623966702492908
8663,240.42926025390625,5.7216352615796495e-06,0.0018314479384571314,17.448436737060547,0.0003926386416424066,3.019977331161499,0.1470635419827886
8664,257.71466064453125,5.445046099339379e-06,0.002009800635278225,16.958242416381836,0.00039231873233802617,3.0163800716400146,0.146916790981777
8665,280.5110168457031,5.232688636169769e-06,0.0022348191123455763,17.269248962402344,0.0003923657350242138,3.0130248069763184,0.14784362498903647
8666,311.88592529296875,4.952400558977388e-06,0.002552963327616453,16.852054595947266,0.00039242306957021356,3.0098683834075928,0.15818049997324124
8667,354.01104736328125,5.187519491300918e-06,0.002970157191157341,17.209943771362305,0.00039266663952730596,3.007023811340332,0.15336520900018513
8668,411.4801025390625,5.16446652909508e-06,0.00354839488863945,16.815107345581055,0.00039309068233706057,3.004415988922119,0.1668362079653889
8669,487.71575927734375,5.938656613579951e-06,0.004304569214582443,17.30119514465332,0.00039363777614198625,3.0021512508392334,0.16076474997680634
8670,590.2877807617188,6.285503332037479e-06,0.005332822911441326,16.941936492919922,0.00039435020880773664,3.000117540359497,0.1832832500222139
8671,723.901611328125,7.657425157958642e-06,0.00665940809994936,17.673921585083008,0.00039521142025478184,2.998431444168091,0.15654037502827123
8672,898.9679565429688,8.839202564558946e-06,0.008410696871578693,17.403470993041992,0.0003961088368669152,2.9969322681427,0.15842462499858811
8673,1118.459716796875,1.0981926607200876e-05,0.010591556318104267,18.46139907836914,0.0003974447899963707,2.99576735496521,0.15773333300603554
8674,1392.4873046875,1.4829714928055182e-05,0.01332873571664095,18.296371459960938,0.0003983431088272482,2.9946999549865723,0.16698583302786574
8675,1706.209228515625,1.7530866898596287e-05,0.016447054222226143,19.667043685913086,0.00040083774365484715,2.993943929672241,0.1578160420176573
8676,2053.79150390625,2.8261325496714562e-05,0.019912082701921463,19.642858505249023,0.0004011414712294936,2.9931564331054688,0.16017425002064556
8677,2370.56201171875,2.812839920807164e-05,0.023060807958245277,21.055883407592773,0.0004061264917254448,2.992687702178955,0.14748541597509757
8678,2618.372802734375,5.130925273988396e-05,0.025516705587506294,21.191402435302734,0.00040379789425060153,2.9920847415924072,0.1471295839874074
8679,2672.687255859375,3.890797961503267e-05,0.02605198696255684,22.25459861755371,0.0004134294867981225,2.991905689239502,0.14450208301423118
8680,2510.257568359375,7.224966248031706e-05,0.024400802329182625,22.49382781982422,0.00040458422154188156,2.991652011871338,0.14665833301842213
8681,2066.074462890625,4.0629416616866365e-05,0.019962714985013008,23.609989166259766,0.0004213011998217553,2.992053747177124,0.1555844169924967
8682,1458.6531982421875,6.654953176621348e-05,0.013878974132239819,23.616512298583984,0.0004048443224746734,2.9927024841308594,0.15482120803790167
8683,810.8502197265625,3.195263343513943e-05,0.0073974705301225185,25.357444763183594,0.0004255048406776041,2.994239568710327,0.16091325000161305
8684,316.4347229003906,4.140585951972753e-05,0.0024608818348497152,25.019392013549805,0.0004118657670915127,2.996422529220581,0.1679690420278348
8685,84.74139404296875,2.849756674550008e-05,0.0001376701839035377,25.895469665527344,0.0004222914867568761,2.9994378089904785,0.16051495901774615
8686,125.7755126953125,2.760733877948951e-05,0.0005432424368336797,25.96251678466797,0.0004272801452316344,3.003214120864868,0.1627806670148857
8687,349.5677490234375,4.351310053607449e-05,0.0027806879952549934,25.155128479003906,0.0004199254035484046,3.0073635578155518,0.15874624997377396
8688,616.0473022460938,2.8775701139238663e-05,0.005421952810138464,26.374340057373047,0.0004460016789380461,3.012075185775757,0.1602040840080008
8689,803.0407104492188,6.323390698526055e-05,0.00728959497064352,25.04393196105957,0.00042713931179605424,3.0166878700256348,0.16319633403327316
8690,830.2528076171875,2.9084752895869315e-05,0.007552396506071091,26.18769645690918,0.00045917066745460033,3.0216639041900635,0.162043625023216
8691,709.7335205078125,5.297398820403032e-05,0.006365587469190359,24.414703369140625,0.0004346263303887099,3.0264551639556885,0.16319099999964237
8692,491.9811096191406,2.3139305994845927e-05,0.004185859579592943,25.057077407836914,0.00046024139737710357,3.0314860343933105,0.15991295798448846
8693,271.3077697753906,3.2405707315774634e-05,0.002003435278311372,23.61301040649414,0.0004411067930050194,3.0364043712615967,0.14827337500173599
8694,118.94590759277344,2.2895666916156188e-05,0.00047575129428878427,23.851099014282227,0.0004523010866250843,3.0412979125976562,0.14662595797562972
8695,70.62960052490234,2.5332452423754148e-05,5.701331815544108e-07,23.334373474121094,0.0004470496787689626,3.04598069190979,0.14744408300612122
8696,115.21395874023438,2.9090540920151398e-05,0.0004544960393104702,22.7562255859375,0.0004409906978253275,3.0502548217773438,0.15163091698195785
8697,210.20376586914062,2.4390970793319866e-05,0.001400562352500856,22.973691940307617,0.0004473474982660264,3.0541269779205322,0.15981712494976819
8698,305.6461486816406,3.093393752351403e-05,0.0023760669864714146,21.9024600982666,0.0004304356698412448,3.0573184490203857,0.15650187502615154
8699,362.42230224609375,2.1112213289598003e-05,0.002936986740678549,22.542444229125977,0.0004406996595207602,3.059985876083374,0.16375125001650304
8700,367.2087707519531,2.5943287255358882e-05,0.0030101293232291937,21.41948127746582,0.0004218201502226293,3.0618791580200195,0.16671862499788404
8701,324.151611328125,1.7380951248924248e-05,0.0025742093566805124,22.00041389465332,0.00042992152157239616,3.0631868839263916,0.15589904197258875
8702,254.39459228515625,1.9964301827712916e-05,0.0018986809300258756,21.03023910522461,0.0004149982414674014,3.0637381076812744,0.15793508297065273
8703,178.91329956054688,1.4545549674949143e-05,0.0011431738967075944,21.28561782836914,0.00041855740710161626,3.0636885166168213,0.16072991595137864
8704,116.45321655273438,1.4762767023057677e-05,0.0005344317760318518,20.59397315979004,0.0004093978786841035,3.0629758834838867,0.16281862498726696
8705,76.74700164794922,1.1910975445061922e-05,0.0001413818827131763,20.533872604370117,0.0004088384157512337,3.06170392036438,0.16436066705500707
8706,61.902183532714844,1.0897942956944462e-05,1.8442515283823013e-06,20.146268844604492,0.0004048169357702136,3.0599024295806885,0.16189045901410282
8707,68.09452056884766,1.0257902431476396e-05,7.090427243383601e-05,19.782299041748047,0.0004019600455649197,3.0576093196868896,0.15887908299919218
8708,88.57612609863281,9.413172847416718e-06,0.00027872377540916204,19.625019073486328,0.00040137412725016475,3.054903984069824,0.15352295897901058
8709,116.27245330810547,9.749314813234378e-06,0.0005637486465275288,19.115995407104492,0.00039806662243790925,3.051783323287964,0.14779899996938184
8710,145.35101318359375,8.975466698757373e-06,0.0008540234994143248,19.172748565673828,0.0003987837117165327,3.0483615398406982,0.14620154100703076
8711,172.20257568359375,8.940144653024618e-06,0.0011308415560051799,18.6253604888916,0.0003959904133807868,3.0446324348449707,0.14737708395114169
8712,194.73190307617188,8.153764611051884e-06,0.00135419808793813,18.829450607299805,0.00039667246164754033,3.0407326221466064,0.3023934999946505
8713,213.1846923828125,7.733484380878508e-06,0.0015475245891138911,18.197410583496094,0.00039461482083424926,3.0366570949554443,0.14934041700325906
8714,228.06617736816406,7.506760084652342e-06,0.0016936048632487655,18.454225540161133,0.0003950078971683979,3.0325381755828857,0.15266045898897573
8715,241.32675170898438,7.04285184838227e-06,0.001834673574194312,17.77716064453125,0.00039377936627715826,3.0283658504486084,0.1501320419483818
8716,254.14068603515625,7.1996819315245375e-06,0.0019596251659095287,18.070083618164062,0.00039388120057992637,3.0242676734924316,0.14611704100389034
8717,268.83380126953125,6.3989828049670905e-06,0.002113895257934928,17.474855422973633,0.00039329519495368004,3.0202372074127197,0.14912045799428597
8718,286.83941650390625,6.5781368903117254e-06,0.0022904337383806705,17.820068359375,0.00039318157359957695,3.01640248298645,0.1506829169811681
8719,310.7073974609375,5.5234922911040485e-06,0.002534877508878708,17.36434555053711,0.0003930295933969319,3.012751817703247,0.14923341700341552
8720,342.00311279296875,6.116302301961696e-06,0.0028435997664928436,17.72972869873047,0.0003930176608264446,3.009398937225342,0.14901345799444243
8721,384.4327697753906,5.352257630875101e-06,0.0032725713681429625,17.314973831176758,0.0003932543331757188,3.0063016414642334,0.14738941699033603
8722,440.73614501953125,6.636049874941818e-06,0.0038297087885439396,17.73707389831543,0.00039364598342217505,3.0035555362701416,0.14760883303824812
8723,516.0233154296875,6.1387290770653635e-06,0.004586377181112766,17.359024047851562,0.0003941270988434553,3.0010836124420166,0.15114704094594344
8724,613.77197265625,7.936356269055977e-06,0.005554810632020235,18.00018882751465,0.00039497078978456557,2.9989848136901855,0.15225966600701213
8725,740.8572998046875,7.763349458400626e-06,0.00682868855074048,17.663753509521484,0.00039548371569253504,2.9971437454223633,0.15260862500872463
8726,899.9130859375,1.0190054126724135e-05,0.008406062610447407,18.598726272583008,0.0003968911769334227,2.995678663253784,0.1751782500068657
8727,1098.583984375,1.1512815945025068e-05,0.010394031181931496,18.302358627319336,0.0003972731065005064,2.994410514831543,0.1582270420040004
8728,1331.572265625,1.4738959180249367e-05,0.012705909088253975,19.544944763183594,0.00039962492883205414,2.993499517440796,0.17741120897699147
8729,1599.069580078125,2.020953434112016e-05,0.015378560870885849,19.25480079650879,0.0003993774007540196,2.992673635482788,0.1596825830056332
8730,1868.1007080078125,2.2180345695232973e-05,0.018048593774437904,20.674036026000977,0.00040349256596527994,2.9921958446502686,0.16387558297719806
8731,2119.167724609375,3.582333738449961e-05,0.02055089920759201,20.381942749023438,0.0004011372511740774,2.9916892051696777,0.16225987498182803
8732,2274.20458984375,3.0505791073665023e-05,0.022086171433329582,21.666088104248047,0.0004087082343176007,2.9915883541107178,0.15590354200685397
8733,2304.124755859375,5.4757001635152847e-05,0.022370895370841026,21.390504837036133,0.00040168859413824975,2.9914278984069824,0.15080491703702137
8734,2126.108642578125,3.486658897600137e-05,0.020586596801877022,22.48822021484375,0.0004147402651142329,2.991826057434082,0.1515445409459062
8735,1774.63134765625,6.206954276422039e-05,0.017061149701476097,22.19832420349121,0.0004011102137155831,2.992316246032715,0.1503007920109667
8736,1273.2149658203125,3.140380067634396e-05,0.012045017443597317,23.629962921142578,0.0004194289504084736,2.993563175201416,0.15153291705064476
8737,757.2118530273438,4.8422167310491204e-05,0.00688871368765831,23.174631118774414,0.00040323613211512566,2.995209217071533,0.15976616699481383
8738,336.62017822265625,2.5872901460388675e-05,0.0026754417922347784,24.553483963012695,0.00041935211629606783,2.9976775646209717,0.1573332499829121
8739,105.91983795166016,3.114979335805401e-05,0.0003741938853636384,24.151329040527344,0.0004123413818888366,3.0007667541503906,0.16248429100960493
8740,82.44578552246094,2.9222497687442228e-05,0.0001365033385809511,24.279666900634766,0.0004159353848081082,3.0044283866882324,0.16383162495912984
8741,217.32275390625,2.4605744329164736e-05,0.0014744633808732033,24.70480728149414,0.0004271104116924107,3.0086653232574463,0.16023091704118997
8742,422.02508544921875,4.262905349605717e-05,0.003521829843521118,23.81875991821289,0.00041760437306948006,3.0130183696746826,0.16237862495472655
8743,601.6573486328125,2.383952960371971e-05,0.0053015295416116714,24.915185928344727,0.0004420529294293374,3.017758846282959,0.16091141704237089
8744,695.6826171875,4.8583231546217576e-05,0.006250005681067705,23.457216262817383,0.00042366518755443394,3.022301435470581,0.15791079204063863
8745,672.6709594726562,2.1396897864178754e-05,0.0060135116800665855,24.246986389160156,0.00044933034223504364,3.027070999145508,0.16260945796966553
8746,557.9754028320312,3.862296580336988e-05,0.0048883818089962006,22.50324821472168,0.0004277167608961463,3.0315747261047363,0.16858854197198525
8747,390.55499267578125,1.9601107851485722e-05,0.0032079173251986504,23.103748321533203,0.0004469941486604512,3.0361227989196777,0.16342824994353577
8748,229.18722534179688,2.8251186449779198e-05,0.0016133954050019383,21.9334716796875,0.00043089097016490996,3.040379047393799,0.1509179580025375
8749,114.89613342285156,2.1119334633112885e-05,0.0004663749714381993,22.27450180053711,0.00043872196692973375,3.0444159507751465,0.14780224999412894
8750,68.50587463378906,2.2466467271442525e-05,1.1500684195198119e-05,21.855487823486328,0.0004325367044657469,3.048081159591675,0.1458493329701014
8751,84.93680572509766,2.2431449906434864e-05,0.00018393334175925702,21.494417190551758,0.0004280590801499784,3.051266670227051,0.14608320797560737
8752,142.10333251953125,1.8348779121879488e-05,0.0007570191519334912,21.561635971069336,0.0004300489672459662,3.053987741470337,0.15693949995329604
8753,212.40945434570312,2.1594762074528262e-05,0.0014774678274989128,20.6982479095459,0.0004180496616754681,3.0560433864593506,0.15263683296507224
8754,271.6923828125,1.5546984286629595e-05,0.002065700013190508,21.166030883789062,0.00042401632526889443,3.0575573444366455,0.1591204170254059
8755,306.9600830078125,1.9688286556629464e-05,0.0024363426491618156,20.282915115356445,0.0004107407294213772,3.058314800262451,0.16990408301353455
8756,312.79437255859375,1.3649583706865087e-05,0.0024889211636036634,20.865646362304688,0.000416716153267771,3.058501720428467,0.16856741602532566
8757,294.279052734375,1.6384292393922806e-05,0.0023206332698464394,20.037817001342773,0.0004053948214277625,3.0579628944396973,0.16655045800143853
8758,258.0771179199219,1.1302643542876467e-05,0.0019558065105229616,20.43357276916504,0.00040932619594968855,3.0569064617156982,0.17094937502406538
8759,214.3560791015625,1.2499403055699077e-05,0.0015342723345384002,19.590925216674805,0.0004008798277936876,3.055251121520996,0.17642645799787715
8760,170.08523559570312,9.523216249363031e-06,0.0010913768783211708,19.71434783935547,0.00040280880057252944,3.0531725883483887,0.17295920802280307
8761,131.16818237304688,1.0130775990546681e-05,0.0007139226654544473,19.00507926940918,0.0003975776780862361,3.0506420135498047,0.1605228339903988
8762,100.32072448730469,8.828573299979325e-06,0.0004064912791363895,18.971338272094727,0.0003981740155722946,3.0477845668792725,0.150591500045266
8763,78.57060241699219,8.860125490173232e-06,0.00019625204731710255,18.498502731323242,0.00039560883305966854,3.0446157455444336,0.1453427920350805
8764,65.25521850585938,8.006700227269903e-06,6.543297786265612e-05,18.377960205078125,0.00039533289964310825,3.0412280559539795,0.1477963330107741
8765,59.036659240722656,7.3685901043063495e-06,7.937699592730496e-06,18.089052200317383,0.00039416979416273534,3.03767466545105,0.14686366700334474
8766,58.298980712890625,6.696684067719616e-06,4.329224793764297e-06,17.852313995361328,0.0003934407723136246,3.0340182781219482,0.1539488750277087
8767,61.613582611083984,6.1257401284819935e-06,4.0556500607635826e-05,17.652873992919922,0.0003929248487111181,3.0303220748901367,0.1484573750058189
8768,67.95637512207031,5.728481028199894e-06,0.00010824054334079847,17.33461570739746,0.000392248563002795,3.026618719100952,0.1545814999844879
8769,76.71348571777344,5.316464921634179e-06,0.00019708124455064535,17.265575408935547,0.0003920813323929906,3.022977828979492,0.16408141696592793
8770,87.84306335449219,4.831644218938891e-06,0.000312268064590171,16.957080841064453,0.0003917600552085787,3.019418478012085,0.15695174998836592
8771,101.7774429321289,4.416472620505374e-06,0.00045150209916755557,17.012842178344727,0.0003917274298146367,3.0160205364227295,0.1605717500206083
8772,119.64257049560547,3.76966181647731e-06,0.0006336653605103493,16.719650268554688,0.00039179419400170445,3.012791633605957,0.16212204203475267
8773,143.15499877929688,3.6932112834620057e-06,0.0008677062578499317,16.830875396728516,0.0003918417787645012,3.0098066329956055,0.16342416597763076
8774,175.36288452148438,3.1753118037158856e-06,0.0011928919702768326,16.51084327697754,0.00039245322113856673,3.007045269012451,0.16491641703760251
8775,220.42205810546875,3.727195007741102e-06,0.0016409199452027678,16.69769287109375,0.00039259635377675295,3.004565715789795,0.15858512499835342
8776,285.21063232421875,3.1867930374573916e-06,0.0022910728584975004,16.401050567626953,0.000393836060538888,3.0023193359375,0.16312383400509134
8777,378.82672119140625,4.49043363914825e-06,0.0032214082311838865,16.842369079589844,0.00039394517079927027,3.000356435775757,0.15658604097552598
8778,515.9630737304688,3.76087177755835e-06,0.0045936135575175285,16.631208419799805,0.00039594448753632605,2.9985995292663574,0.1471099589834921
8779,716.2211303710938,6.432197096728487e-06,0.006584325339645147,17.56106185913086,0.0003958427987527102,2.997100830078125,0.14700354100205004
8780,1010.2024536132812,6.0147203839733265e-06,0.009522126987576485,17.475337982177734,0.00039912891224958,2.9957289695739746,0.14919875003397465
8781,1432.132080078125,1.2080668966518715e-05,0.013717882335186005,19.24225425720215,0.0003989360702689737,2.9945497512817383,0.14876200002618134
8782,2028.56396484375,1.4983439541538246e-05,0.01967172510921955,19.414670944213867,0.00040478529990650713,2.993321657180786,0.15213399997446686
8783,2815.73779296875,2.7559755835682154e-05,0.027501096948981285,22.347227096557617,0.00040525136864744127,2.9921977519989014,0.1583563329768367
8784,3798.67822265625,4.7949662985047325e-05,0.037295106798410416,22.83246421813965,0.0004154015623498708,2.9907209873199463,0.1547146660159342
8785,4804.57373046875,6.131860573077574e-05,0.04730670526623726,25.92188262939453,0.00041849465924315155,2.989332675933838,0.16478637495310977
8786,5632.26708984375,0.00013621935795526952,0.05548247694969177,27.2210636138916,0.00043176321196369827,2.9872705936431885,0.16258258296875283
8787,5736.45263671875,9.86300510703586e-05,0.056540053337812424,28.396451950073242,0.0004418822645675391,2.9855992794036865,0.16168575000483543
8788,4967.8798828125,0.00020917168876621872,0.048717815428972244,31.1043643951416,0.0004407657834235579,2.9835221767425537,0.16455895802937448
8789,3265.866455078125,8.714966679690406e-05,0.031747255474328995,35.05252456665039,0.00047373189590871334,2.9825968742370605,0.15873025002656505
8790,1430.2044677734375,0.00011810333671746776,0.01335754245519638,37.360050201416016,0.00045279835467226803,2.982534170150757,0.2023897499893792
8791,261.52667236328125,4.714493115898222e-05,0.00164451461751014,43.30394744873047,0.0004905675305053592,2.984257459640503,0.16174299997510388
8792,208.0100555419922,4.028819967061281e-05,0.001107773627154529,43.52708435058594,0.0004967678687535226,2.987794876098633,0.16232791601214558
8793,986.5881958007812,8.475367212668061e-05,0.008927378803491592,38.5422248840332,0.00046832775115035474,2.992448091506958,0.14578516699839383
8794,1854.2701416015625,5.576546027441509e-05,0.017545871436595917,40.6457633972168,0.0005346072721295059,2.998565912246704,0.1494782500085421
8795,2179.5419921875,0.00024114357074722648,0.020722489804029465,34.98197937011719,0.00048196790157817304,3.0044448375701904,0.14614158298354596
8796,1720.4737548828125,0.00010067925904877484,0.01616513729095459,37.97210693359375,0.0005592008237726986,3.011167287826538,0.14934875001199543
8797,882.5130615234375,0.00015528856602031738,0.0077946987003088,36.019622802734375,0.0005149472854100168,3.0180084705352783,0.151510916010011
8798,229.3744354248047,4.838152744923718e-05,0.0012890237849205732,39.417667388916016,0.0005621624295599759,3.02583909034729,0.1545422920025885
8799,131.75570678710938,2.477634188835509e-05,0.00031424290500581264,40.887325286865234,0.0005696646403521299,3.0347096920013428,0.1523414999828674
8800,496.1689453125,3.998459942522459e-05,0.00399225065484643,38.30506134033203,0.0005464035202749074,3.0440447330474854,0.16357241600053385
8801,928.6185913085938,4.151946632191539e-05,0.008276047185063362,37.48040771484375,0.0005938154645264149,3.053694009780884,0.16000933398026973
8802,1068.201171875,0.00014096262748353183,0.009704601019620895,30.56116485595703,0.0005308371619321406,3.062364101409912,0.3257430420489982
8803,812.6337890625,0.00011681653268169612,0.007130998186767101,30.46027946472168,0.0005739206098951399,3.0702385902404785,0.16154016699874774
8804,392.2489013671875,0.00010736299736890942,0.002990853041410446,29.571680068969727,0.0005285562947392464,3.0771045684814453,0.15806666703429073
8805,116.9359130859375,4.324693509261124e-05,0.00025960709899663925,32.67758560180664,0.0005397292552515864,3.0834779739379883,0.16353887500008568
8806,135.4365234375,1.6303327356581576e-05,0.000452881125966087,35.162445068359375,0.0005335562746040523,3.089552164077759,0.1672520840074867
8807,351.7010803222656,1.7297061276622117e-05,0.0026594093069434166,33.91127395629883,0.0005011918256059289,3.0950028896331787,0.15451583301182836
8808,560.9505004882812,3.419411223148927e-05,0.00474679796025157,31.756420135498047,0.0005109486519359052,3.099470853805542,0.15027475001988932
8809,611.4220581054688,7.835165888536721e-05,0.005294379778206348,27.170202255249023,0.00046978704631328583,3.1022045612335205,0.14872783300234005
8810,480.0731506347656,8.415879710810259e-05,0.003968785051256418,26.633394241333008,0.00048145352047868073,3.103255271911621,0.14910395903280005
8811,269.4381103515625,5.508741378434934e-05,0.0019208944868296385,26.474037170410156,0.0004536587803158909,3.1028225421905518,0.15388058399548754
8812,111.99059295654297,1.848844658525195e-05,0.0003638251801021397,28.42767333984375,0.00045331550063565373,3.1015005111694336,0.15525383298518136
8813,77.87921142578125,5.059620889369398e-06,3.2665455364622176e-05,29.662601470947266,0.00044444098602980375,3.099606513977051,0.16410779202124104
8814,148.6337432861328,5.402569058787776e-06,0.0007621708209626377,28.621273040771484,0.0004325512854848057,3.0970919132232666,0.1623024579603225
8815,260.34130859375,1.9021732441615313e-05,0.001887519028969109,26.448877334594727,0.0004323833272792399,3.093721866607666,0.16136437497334555
8816,345.076416015625,3.8089187000878155e-05,0.00275309756398201,23.93760108947754,0.00042020154069177806,3.0891849994659424,0.16571108298376203
8817,360.06195068359375,4.979635923518799e-05,0.0028937074821442366,23.36296844482422,0.00042348558781668544,3.0835659503936768,0.15844216698314995
8818,305.8594665527344,2.7062616936746053e-05,0.002387796062976122,23.167095184326172,0.0004120650119148195,3.077204704284668,0.16324750002240762
8819,216.9679412841797,1.2127534319006372e-05,0.0014998947735875845,24.532188415527344,0.0004123353282921016,3.070582866668701,0.16855800000485033
8820,132.96176147460938,3.4486060940253083e-06,0.0006764723802916706,24.422876358032227,0.0004054678720422089,3.063983917236328,0.18668333295499906
8821,78.54571533203125,5.6684366427361965e-06,0.0001420914923073724,23.27406883239746,0.00040495654684491456,3.057424545288086,0.16672216600272804
8822,63.10762405395508,1.2351909390417859e-05,2.4394694264628924e-06,21.32471466064453,0.00040303770219907165,3.050780773162842,0.15014466701541096
8823,81.4175033569336,2.0026669517392293e-05,0.0001913201849674806,20.007709503173828,0.00040275108767673373,3.0439672470092773,0.14745562500320375
8824,118.11341857910156,2.2004407583153807e-05,0.000558958447072655,19.7446231842041,0.0004027251270599663,3.0370805263519287,0.14869579102378339
8825,157.8479766845703,9.620583114156034e-06,0.0009682505042292178,20.130796432495117,0.0003993007412645966,3.030412197113037,0.14457649999530986
8826,190.3505859375,4.974443982064258e-06,0.0012895887484773993,21.046262741088867,0.0003984800132457167,3.024231433868408,0.14987962500890717
8827,210.134765625,1.2567400062835077e-06,0.0014946178998798132,20.9378719329834,0.00039609437226317823,3.018677234649658,0.15617199998814613
8828,216.294677734375,5.424758455774281e-06,0.0015572377014905214,20.185808181762695,0.0003984262002632022,3.013648271560669,0.15233666700078174
8829,210.53982543945312,6.74613329465501e-06,0.001507735112681985,19.226743698120117,0.0003986495139542967,3.0090482234954834,0.16473250003764406
8830,195.8527069091797,1.3885338375985157e-05,0.0013553565368056297,18.79941177368164,0.0004012910067103803,3.0047976970672607,0.16117050003958866
8831,175.02439880371094,7.690117854508571e-06,0.0011579084675759077,18.428760528564453,0.0004003578214906156,3.001008987426758,0.16225779202068225
8832,152.22943115234375,5.639524260914186e-06,0.0009306678548455238,18.57430648803711,0.0004002437926828861,2.9978182315826416,0.16380808397661895
8833,130.57803344726562,9.925970516633242e-07,0.0007179672247730196,18.77902603149414,0.00039903022116050124,2.995373487472534,0.1648882909794338
8834,111.51757049560547,1.9186470581189496e-06,0.0005272577400319278,18.580230712890625,0.0004001970519311726,2.9936110973358154,0.16440262499963865
8835,95.566650390625,2.5746032861206913e-06,0.0003724249545484781,17.94729995727539,0.00040119391633197665,2.9923946857452393,0.15801650000503287
8836,83.09449768066406,6.609053343709093e-06,0.00024769248557277024,17.398088455200195,0.00040266249561682343,2.991544485092163,0.162242749996949
8837,73.72268676757812,5.95755454924074e-06,0.00015708079445175827,17.1393985748291,0.0004027945105917752,2.991004705429077,0.1552471669856459
8838,66.90235900878906,4.68963253297261e-06,9.032753587234765e-05,17.231477737426758,0.00040169167914427817,2.990790843963623,0.14680245897034183
8839,62.375423431396484,1.6941277181103942e-06,4.7259592975024134e-05,17.476404190063477,0.00040003645699471235,2.9909684658050537,0.14997591701103374
8840,59.63097381591797,9.149598554358818e-07,2.029429560934659e-05,17.62855339050293,0.00039881496923044324,2.9915359020233154,0.14999554195674136
8841,58.03516387939453,1.0214262147201225e-06,6.088032478146488e-06,17.468507766723633,0.00039855713839642704,2.992403030395508,0.15468037500977516
8842,57.31655502319336,2.3580503238918027e-06,4.168477971688844e-07,17.128324508666992,0.0003991074045188725,2.9934186935424805,0.15222849999554455
8843,57.286865234375,3.613237367972033e-06,9.076766218640842e-07,16.88104248046875,0.00039953732630237937,2.9944684505462646,0.15248758404050022
8844,57.65630340576172,3.199574393875082e-06,6.079799277358688e-06,16.813329696655273,0.00039915036177262664,2.995523691177368,0.16967179195489734
8845,58.37378692626953,2.0945626602042466e-06,1.4934566934243776e-05,16.856285095214844,0.0003981459012720734,2.996605634689331,0.15744966600323096
8846,59.53769302368164,9.291539413425198e-07,2.7692589355865493e-05,16.930858612060547,0.000397446594433859,2.99774169921875,0.16868258401518688
8847,61.130218505859375,9.577531727700261e-07,4.4600263208849356e-05,16.859426498413086,0.0003971499390900135,2.9988975524902344,0.16571208299137652
8848,63.22523880004883,1.1454585546744056e-06,6.713723269058391e-05,16.61467933654785,0.00039782290696166456,3.000004529953003,0.1551618340308778
8849,66.11125183105469,2.6676248126022983e-06,9.66804291238077e-05,16.330562591552734,0.00039845879655331373,3.0009593963623047,0.1593870830256492
8850,70.11122131347656,2.4971532184281386e-06,0.0001378044835291803,16.15517807006836,0.00039925877354107797,3.0017340183258057,0.15203549998113886
8851,75.66665649414062,2.8276649572944734e-06,0.00019401397730689496,16.147903442382812,0.0003983458736911416,3.0023298263549805,0.156659625004977
8852,83.57986450195312,1.0361776503486908e-06,0.00027471015346236527,16.202085494995117,0.0003980314068030566,3.002821922302246,0.1544646670226939
8853,95.13491821289062,1.422222567271092e-06,0.00039050992927514017,16.27522850036621,0.00039666477823629975,3.003211736679077,0.14987066603498533
8854,112.18116760253906,5.425710014606011e-07,0.0005617577699013054,16.232181549072266,0.0003971894911956042,3.0035288333892822,0.15077850001398474
8855,137.81568908691406,2.4301689336425625e-06,0.0008175632683560252,16.187253952026367,0.00039629091043025255,3.003692388534546,0.14829379197908565
8856,176.24708557128906,1.2852310646849219e-06,0.001202628598548472,16.083633422851562,0.0003977206943091005,3.003723382949829,0.1506646249908954
8857,234.291748046875,4.4418120523914695e-06,0.001779921934939921,16.246376037597656,0.0003960900357924402,3.003559112548828,0.1544765830039978
8858,321.76556396484375,1.0166127140109893e-06,0.0026551568880677223,16.413537979125977,0.00039734685560688376,3.00331974029541,0.1838786670123227
8859,455.28369140625,5.024554866395192e-06,0.003982766065746546,17.007953643798828,0.0003949668607674539,3.0029478073120117,0.16348529100650921
8860,656.6588745117188,8.501287425133341e-07,0.005995480343699455,17.276973724365234,0.00039748847484588623,3.0025644302368164,0.17121083399979398
8861,960.8507080078125,1.107972002500901e-05,0.009017985314130783,18.344003677368164,0.00039600188028998673,3.001992702484131,0.16191966697806492
8862,1403.3017578125,4.335676294431323e-06,0.013441027142107487,18.667123794555664,0.000400983466533944,3.001310348510742,0.15806579199852422
8863,2028.385498046875,3.0571009119739756e-05,0.019640538841485977,21.19812774658203,0.0004007644020020962,3.000305652618408,0.1558852499583736
8864,2842.087646484375,2.009875424846541e-05,0.02777991071343422,21.286766052246094,0.00040800124406814575,2.9990105628967285,0.1641102079884149
8865,3790.716064453125,6.593731086468324e-05,0.03718031570315361,25.025806427001953,0.0004106504493393004,2.9973835945129395,0.16282175004016608
8866,4691.58984375,7.563838153146207e-05,0.04617520421743393,24.529541015625,0.000419756950577721,2.9952168464660645,0.16300566698191687
8867,5150.80224609375,0.00010650871263351291,0.0507088378071785,26.402416229248047,0.0004286541370674968,2.9930148124694824,0.1554234999930486
8868,4872.29345703125,0.00017461903917137533,0.04784243553876877,27.403606414794922,0.000431843101978302,2.9902660846710205,0.15721874998416752
8869,3616.375732421875,9.490465890849009e-05,0.035322967916727066,29.05662727355957,0.00045531842624768615,2.9883460998535156,0.14662591699743643
8870,1929.3291015625,0.0001300765434280038,0.01840083673596382,32.30628967285156,0.00043931574327871203,2.986984968185425,0.1466785419615917
8871,538.8499145507812,4.4372864067554474e-05,0.004462478682398796,39.799354553222656,0.00048365394468419254,2.9873883724212646,0.14940716698765755
8872,98.20333862304688,4.227642421028577e-05,3.426804323680699e-05,41.8361701965332,0.00048712719581089914,2.989558219909668,0.1488943339791149
8873,592.2516479492188,6.614074663957581e-05,0.004982311278581619,39.68976974487305,0.0004771665553562343,2.9930973052978516,0.15372825000667945
8874,1439.3502197265625,4.523622556007467e-05,0.01340061891824007,41.320167541503906,0.0005344445817172527,2.9982972145080566,0.15337829204509035
8875,1971.444580078125,0.00022918160539120436,0.01865568943321705,34.541221618652344,0.0004841619811486453,3.003401279449463,0.17164987500291318
8876,1784.3043212890625,9.042726014740765e-05,0.016808688640594482,38.05449295043945,0.0005633827531710267,3.0095341205596924,0.16478033299790695
8877,1095.413330078125,0.00019012331904377788,0.009896869771182537,35.31881332397461,0.0005139528657309711,3.015648365020752,0.16270237503340468
8878,382.586669921875,5.485584551934153e-05,0.002804929856210947,39.6561393737793,0.0005695195868611336,3.022826671600342,0.16354325000429526
8879,100.66064453125,3.75357449229341e-05,1.968670858332189e-06,40.30242919921875,0.0005640776944346726,3.030987501144409,0.16043741698376834
8880,308.76519775390625,4.2192754335701466e-05,0.002106141299009323,38.56303405761719,0.0005536875105462968,3.0397565364837646,0.1589708750252612
8881,723.4221801757812,3.333588028908707e-05,0.006221463903784752,38.388771057128906,0.000595534045714885,3.049081802368164,0.15988979098619893
8882,979.790771484375,0.0001320472074439749,0.00881995726376772,31.142868041992188,0.0005344743258319795,3.057594060897827,0.1648844589944929
8883,875.1882934570312,9.609524568077177e-05,0.007763430010527372,31.218727111816406,0.0005801701918244362,3.0655558109283447,0.15758070797892287
8884,523.2167358398438,0.00012017349217785522,0.0042936732061207294,28.964128494262695,0.0005286793457344174,3.0724480152130127,0.1479025000007823
8885,190.74090576171875,4.935318429488689e-05,0.0009940596064552665,31.823789596557617,0.0005457582883536816,3.0788421630859375,0.14766387501731515
8886,90.88612365722656,2.2196069039637223e-05,2.204244810855016e-05,33.49874496459961,0.0005296352319419384,3.084869146347046,0.14728350000223145
8887,222.72970581054688,1.854641413956415e-05,0.0013751776423305273,32.823272705078125,0.0005053402273915708,3.0903196334838867,0.14945004199398682
8888,433.43341064453125,2.4853539798641577e-05,0.0034815785475075245,31.68572998046875,0.0005110444617457688,3.0949554443359375,0.1565163329942152
8889,557.0494384765625,6.641636718995869e-05,0.004761165473610163,27.234973907470703,0.0004705630417447537,3.0979716777801514,0.1547535840072669
8890,514.1400146484375,6.840416608611122e-05,0.004322451539337635,26.9569034576416,0.0004809754027519375,3.0994203090667725,0.1520402500173077
8891,349.76434326171875,5.886250801268034e-05,0.0027283590752631426,25.891862869262695,0.000451503146905452,3.0992772579193115,0.16590691701276228
8892,173.67953491210938,2.3371554561890662e-05,0.0009864819003269076,27.483570098876953,0.00045210617827251554,3.098111867904663,0.1644267499796115
8893,79.86479949951172,8.180337317753583e-06,7.009951514191926e-05,28.21109962463379,0.00043825714965350926,3.096209764480591,0.16236795799341053
8894,90.53463745117188,6.135775947768707e-06,0.000192767329281196,27.68381118774414,0.00042960516293533146,3.09363055229187,0.1669846250442788
8895,171.6055908203125,1.3930240129411686e-05,0.0010140340309590101,26.156803131103516,0.00042652353295125067,3.0902323722839355,0.17012366704875603
8896,265.56268310546875,3.037162241525948e-05,0.001971061574295163,23.794029235839844,0.0004162532859481871,3.085710287094116,0.3256534580141306
8897,320.99041748046875,3.92007568734698e-05,0.0025188657455146313,23.38044548034668,0.0004180329851806164,3.0801470279693604,0.16719383298186585
8898,315.8636779785156,2.682870763237588e-05,0.002494276501238346,22.85028648376465,0.00040902875480242074,3.073756456375122,0.15420050005195662
8899,261.2030029296875,1.4066720723349135e-05,0.0019495694432407618,23.972972869873047,0.0004086639964953065,3.0669915676116943,0.15189245896181092
8900,186.5055389404297,5.287369276629761e-06,0.0012221537763252854,23.5312557220459,0.00040230166632682085,3.0601131916046143,0.14484408299904317
8901,118.35052490234375,6.110996764618903e-06,0.0005458461819216609,22.935741424560547,0.00040219075162895024,3.0532355308532715,0.14610716700553894
8902,74.78136444091797,9.699501788418274e-06,0.00012717521167360246,21.086349487304688,0.0004000754561275244,3.0463016033172607,0.1570808329852298
8903,61.602073669433594,1.6059724657679908e-05,4.6430636757577304e-07,19.894866943359375,0.0004005480732303113,3.0392661094665527,0.1580695419688709
8904,73.73606872558594,1.656719541642815e-05,0.00012617697939276695,19.443567276000977,0.0004001808410976082,3.0322277545928955,0.153803416993469
8905,101.05550384521484,8.921263543015812e-06,0.0004078864585608244,19.55725860595703,0.00039817471406422555,3.025424003601074,0.16146404098253697
8906,133.44012451171875,4.617627837433247e-06,0.0007301951409317553,20.26079559326172,0.0003969805547967553,3.0191049575805664,0.15434695803560317
8907,162.93304443359375,1.7143587456303067e-06,0.0010302545269951224,20.128387451171875,0.0003960776375606656,3.013388156890869,0.15265925001585856
8908,184.80227661132812,4.276307663531043e-06,0.001248684711754322,19.761756896972656,0.000397444237023592,3.008239269256592,0.16391395800746977
8909,197.622314453125,5.3170147111814e-06,0.0013835188001394272,18.870075225830078,0.0003986865922342986,3.0035696029663086,0.1547335410141386
8910,201.4597930908203,1.0643646419339348e-05,0.00141738704405725,18.598777770996094,0.0004005793307442218,2.9993205070495605,0.1606671249610372
8911,197.38552856445312,6.421921625587856e-06,0.001384299248456955,18.22925567626953,0.00040084138163365424,2.995560646057129,0.16274316696217284
8912,187.80880737304688,5.259446425043279e-06,0.0012879112036898732,18.458168029785156,0.00040033573168329895,2.9924094676971436,0.16137908300152048
8913,175.32398986816406,1.2043760762026068e-06,0.001168202143162489,18.40782356262207,0.0003997551102656871,2.9899778366088867,0.19182424998143688
8914,161.875732421875,2.3670286282140296e-06,0.0010324136819690466,18.34050941467285,0.00040057150181382895,2.988215923309326,0.16578141698846593
8915,148.5081787109375,2.3283064365386963e-06,0.0009031768422573805,17.79197120666504,0.000401656812755391,2.987013101577759,0.14659595798002556
8916,136.03631591796875,6.065698471502401e-06,0.0007772519020363688,17.451265335083008,0.0004025330126751214,2.986219882965088,0.1449876250117086
8917,124.73258972167969,4.859722139372025e-06,0.0006686692941002548,17.09424591064453,0.00040285440627485514,2.985779047012329,0.15389704197878018
8918,114.83604431152344,4.819074547413038e-06,0.0005700041656382382,17.201622009277344,0.0004015209851786494,2.985691547393799,0.15610183303942904
8919,106.63005065917969,1.627913206903031e-06,0.0004911841824650764,17.33961296081543,0.000400092190830037,2.9860081672668457,0.15801608399488032
8920,100.22521209716797,1.518480530648958e-06,0.0004271083162166178,17.49571990966797,0.000398668140405789,2.9867122173309326,0.16287895798450336
8921,95.40608215332031,1.1582526440179208e-06,0.0003813672810792923,17.307079315185547,0.00039846455911174417,2.9877190589904785,0.16980187501758337
8922,92.10784912109375,3.0171640901244245e-06,0.0003491686948109418,17.054277420043945,0.0003983498318120837,2.988891839981079,0.16471795894904062
8923,90.12266540527344,3.0666469683637843e-06,0.00033083802554756403,16.85717010498047,0.00039875032962299883,2.9901375770568848,0.16743145801592618
8924,89.26634216308594,3.7301874726836104e-06,0.00032294966513291,16.81689453125,0.0003978146123699844,2.9914166927337646,0.16111849999288097
8925,89.55960083007812,1.882328319879889e-06,0.00032800796907395124,16.841045379638672,0.0003972952254116535,2.9927444458007812,0.16390695801237598
8926,91.19743347167969,1.7654615476203617e-06,0.00034520606277510524,16.891080856323242,0.0003960919857490808,2.99412202835083,0.1615794170065783
8927,94.32362365722656,9.948548722604755e-07,0.00037801306461915374,16.800527572631836,0.0003962229529861361,2.9955248832702637,0.15749599999981
8928,99.24504852294922,2.340327228012029e-06,0.000427670223871246,16.630720138549805,0.0003961327311117202,2.996866226196289,0.1608702500234358
8929,106.43675231933594,2.319583472853992e-06,0.0005010616150684655,16.362550735473633,0.00039736079634167254,2.998076915740967,0.14724570797989145
8930,116.58592987060547,3.941461727663409e-06,0.0006023494643159211,16.28238296508789,0.0003967445227317512,2.999110221862793,0.15032708295620978
8931,130.70858764648438,2.1552073121711146e-06,0.0007453746511600912,16.232284545898438,0.0003972330305259675,2.999993085861206,0.14606333302799612
8932,150.348388671875,2.8120509796281112e-06,0.0009411710198037326,16.39808464050293,0.00039551997906528413,3.0007429122924805,0.15208854200318456
8933,177.57803344726562,1.0932473060165648e-06,0.0012146971421316266,16.390928268432617,0.00039608078077435493,3.0013973712921143,0.15467495896155015
8934,215.7754669189453,2.8952172215213068e-06,0.0015948227373883128,16.539932250976562,0.0003946374636143446,3.0019216537475586,0.1507959999726154
8935,269.3194580078125,1.738637251946784e-06,0.002131360350176692,16.381467819213867,0.00039628101512789726,3.0023033618927,0.15740891703171656
8936,344.2942199707031,5.4653714869346e-06,0.0028763297013938427,16.63950538635254,0.00039475230732932687,3.002490758895874,0.16088149999268353
8937,448.2444763183594,2.7239939299761318e-06,0.003916389308869839,16.662670135498047,0.0003967051161453128,3.002516269683838,0.1669976250268519
8938,592.1473999023438,7.183377874753205e-06,0.005346220452338457,17.373292922973633,0.00039433728670701385,3.00238299369812,0.16450391698163003
8939,788.5540161132812,3.128750449832296e-06,0.007311045192182064,17.475419998168945,0.0003966125659644604,3.002138614654541,0.16467920900322497
8940,1052.2772216796875,1.1258601261943113e-05,0.00993065070360899,18.58587646484375,0.00039500449202023447,3.001762866973877,0.16085683298297226
8941,1394.304931640625,8.09023367764894e-06,0.013350103981792927,18.61013412475586,0.0003987535019405186,3.001213550567627,0.1612894160207361
8942,1812.3394775390625,2.4298038624692708e-05,0.017498217523097992,20.222972869873047,0.00039864855352789164,3.0004937648773193,0.1722590829594992
8943,2284.614990234375,2.5147990527329966e-05,0.02221643552184105,20.122394561767578,0.0004033431760035455,2.999458074569702,0.16348420799477026
8944,2730.9287109375,4.24999489041511e-05,0.02664378099143505,21.776554107666016,0.00040523827192373574,2.9983396530151367,0.15474329103017226
8945,3059.52294921875,5.653456537402235e-05,0.029914146289229393,21.709278106689453,0.00040745711885392666,2.9968576431274414,0.1484998749801889
8946,3091.392578125,5.3325096814660355e-05,0.030217502266168594,22.755104064941406,0.0004155471979174763,2.9956278800964355,0.14887170802103356
8947,2777.502197265625,8.728772081667557e-05,0.027047662064433098,23.058303833007812,0.00040949086542241275,2.9942221641540527,0.1477830410003662
8948,2078.770263671875,4.8223286285065114e-05,0.020062921568751335,24.77540397644043,0.00042880442924797535,2.9935784339904785,0.1495650410070084
8949,1231.8397216796875,7.451149576809257e-05,0.01157901156693697,25.15958023071289,0.00041327913640998304,2.993340492248535,0.1525286669493653
8950,491.1432189941406,3.4022847103187814e-05,0.004158032592386007,28.219165802001953,0.0004371851100586355,2.9942643642425537,0.15166112501174212
8951,108.70634460449219,4.0301820263266563e-05,0.0003339415998198092,28.239980697631836,0.00043042018660344183,2.996190309524536,0.16702958301175386
8952,142.36264038085938,4.039117266074754e-05,0.0006647970294579864,28.46101951599121,0.0004338279541116208,2.9990646839141846,0.1588828750536777
8953,461.8209228515625,3.157706305501051e-05,0.003836144460365176,29.421737670898438,0.0004562702088151127,3.002992868423462,0.16223612503381446
8954,837.6594848632812,8.346905815415084e-05,0.007583611644804478,27.25672721862793,0.0004369472444523126,3.0071184635162354,0.15799833298660815
8955,1048.114990234375,3.832571746897884e-05,0.009667620994150639,29.49559211730957,0.00048024658462964,3.0120179653167725,0.16458933398826048
8956,1010.0220336914062,9.591303387423977e-05,0.009281751699745655,27.23849105834961,0.00045017083175480366,3.016774892807007,0.16203416598727927
8957,747.486328125,3.194993769284338e-05,0.006663961336016655,28.930286407470703,0.0004896490136161447,3.0221664905548096,0.16217141703236848
8958,416.2633972167969,5.134853927302174e-05,0.003381955437362194,26.7127685546875,0.0004622021224349737,3.0276548862457275,0.16426154098007828
8959,162.11065673828125,2.6346802769694477e-05,0.0008375421166419983,27.46975326538086,0.0004825202049687505,3.033519744873047,0.15719800000078976
8960,77.0623779296875,3.027709317393601e-05,5.868155881216808e-07,26.42379379272461,0.0004755219561047852,3.039484977722168,0.14815995801473036
8961,153.08517456054688,4.010907287010923e-05,0.0007717381231486797,25.189403533935547,0.0004671105125453323,3.0451996326446533,0.14544725004816428
8962,308.1902770996094,3.2948133593890816e-05,0.002313655335456133,25.580528259277344,0.0004794940759893507,3.0506591796875,0.14627616695361212
8963,442.3440246582031,5.1663377234945074e-05,0.0036809812299907207,23.72569465637207,0.00045353855239227414,3.0553512573242188,0.1497229160158895
8964,484.2738037109375,3.022136297659017e-05,0.0040927669033408165,24.930831909179688,0.00047044127131812274,3.059544801712036,0.15356091695139185
8965,427.5229797363281,3.81988866138272e-05,0.003561657853424549,23.3192081451416,0.0004421810735948384,3.062873125076294,0.15792491601314396
8966,306.42669677734375,2.125761420757044e-05,0.002349088666960597,24.179521560668945,0.00045212547411210835,3.0656025409698486,0.16070229100296274
8967,180.26409912109375,2.3840111680328846e-05,0.0011179940775036812,22.846885681152344,0.00043233789619989693,3.067505121231079,0.16718070796923712
8968,93.72874450683594,1.851254637585953e-05,0.0002589276118669659,22.778322219848633,0.00043206402915529907,3.068653106689453,0.16852616699179634
8969,66.49642944335938,1.8087248463416472e-05,6.379252681654179e-07,22.24660873413086,0.0004237730463501066,3.068981647491455,0.15637966699432582
8970,91.52963256835938,1.7647857021074742e-05,0.00026264687767252326,21.847965240478516,0.0004165218851994723,3.0684523582458496,0.16451558301923797
8971,146.16685485839844,1.4229036423785146e-05,0.0008110658964142203,22.033531188964844,0.00041603826684877276,3.0671753883361816,0.1713835409609601
8972,205.01040649414062,1.5114775123947766e-05,0.0014152873773127794,21.304170608520508,0.00040666028507985175,3.0650808811187744,0.16266791598172858
8973,248.3675079345703,1.2024797797494102e-05,0.0018470716895535588,21.580528259277344,0.000408773310482502,3.062359094619751,0.15630070900078863
8974,267.25079345703125,1.3506821233022492e-05,0.0020525010768324137,20.542325973510742,0.00040107665699906647,3.0589394569396973,0.16020733397454023
8975,260.4311828613281,1.2033066923322622e-05,0.001982509857043624,20.701614379882812,0.0004027526010759175,3.055016040802002,0.15179362503113225
8976,234.353759765625,1.2107615475542843e-05,0.0017358296317979693,19.774938583374023,0.0003978511376772076,3.050577402114868,0.15352604200597852
8977,196.93597412109375,1.0576471140666399e-05,0.0013610150199383497,19.9493350982666,0.0003982749185524881,3.04582142829895,0.14943733299151063
8978,157.0654296875,9.273977411794476e-06,0.0009745369898155332,19.15530014038086,0.0003952902916353196,3.0407941341400146,0.15137483295984566
8979,120.85108947753906,8.363074812223203e-06,0.0006136838928796351,19.14925765991211,0.00039497128454968333,3.0356533527374268,0.16554762504529208
8980,92.29054260253906,7.4113668233621866e-06,0.0003375413070898503,18.456707000732422,0.0003933856205549091,3.0304555892944336,0.1562144579947926
8981,72.61080169677734,7.075791927491082e-06,0.0001436988968634978,18.239953994750977,0.0003929338126908988,3.025308132171631,0.16930291696917266
8982,61.475425720214844,6.296267201832961e-06,3.796935925493017e-05,17.810100555419922,0.00039238762110471725,3.020278215408325,0.16633945901412517
8983,57.441436767578125,5.482105734699871e-06,5.208408424550726e-07,17.63027000427246,0.0003921087190974504,3.0154542922973633,0.21067841700278223
8984,58.83208465576172,4.5492306526284665e-06,1.6736481484258547e-05,17.506818771362305,0.0003919669834431261,3.010918140411377,0.18345795897766948
8985,64.19307708740234,3.664401901914971e-06,7.282838487299159e-05,17.333555221557617,0.0003921024326700717,3.0067272186279297,0.17558595800073817
8986,72.505615234375,3.4432950997143053e-06,0.00015691948647145182,17.236602783203125,0.00039232734707184136,3.0029349327087402,0.18037754198303446
8987,83.33099365234375,2.9139084745111177e-06,0.00026786173111759126,16.947128295898438,0.00039306306280195713,2.9995498657226562,0.17711008299374953
8988,96.69369506835938,3.2906241358432453e-06,0.00040142147918231785,16.862354278564453,0.00039360130904242396,2.9965951442718506,0.1768143749795854
8989,113.21797943115234,2.607223223094479e-06,0.0005692416452802718,16.553783416748047,0.00039479308179579675,2.9940571784973145,0.16680175001965836
8990,133.97898864746094,3.1765864605404204e-06,0.0007752989768050611,16.609149932861328,0.00039522277074865997,2.9919490814208984,0.15433816600125283
8991,160.86248779296875,2.1037164970039157e-06,0.0010462489444762468,16.35938835144043,0.00039667831151746213,2.9902491569519043,0.29879441700177267
8992,196.5032958984375,3.1308595680457074e-06,0.0013994383625686169,16.58135414123535,0.00039665016811341047,2.988948106765747,0.16595404199324548
8993,244.94480895996094,1.9780486582021695e-06,0.00188541691750288,16.357316970825195,0.00039848010055720806,2.9879977703094482,0.16239345900248736
8994,312.0239562988281,3.920662493328564e-06,0.0025511085987091064,16.764209747314453,0.0003975684812758118,2.987363338470459,0.1664497500169091
8995,406.0972900390625,2.4229266273323447e-06,0.0034929406829178333,16.58888053894043,0.0003997205931227654,2.9869790077209473,0.22784058301476762
8996,538.5043334960938,5.600242729997262e-06,0.004807852674275637,17.383769989013672,0.00039775247569195926,2.986812114715576,0.1649223339627497
8997,724.7999877929688,3.5583834687713534e-06,0.0066704051569104195,17.354822158813477,0.00040048841037787497,2.986781597137451,0.16807245800737292
8998,983.6415405273438,9.03269938135054e-06,0.00924164429306984,18.782470703125,0.0003979136236011982,2.986876964569092,0.17150608397787437
8999,1337.3887939453125,7.603420726809418e-06,0.012775717303156853,18.844453811645508,0.00040212104795500636,2.9869563579559326,0.16265000001294538
9000,1799.354248046875,1.779288322723005e-05,0.017366133630275726,20.984464645385742,0.00039977068081498146,2.9870693683624268,0.18621129100210965
9001,2373.541748046875,2.246759868285153e-05,0.023096049204468727,21.047945022583008,0.00040642020758241415,2.98693585395813,0.17535491700982675
9002,2997.9345703125,3.56138771167025e-05,0.029304105788469315,23.423768997192383,0.000405387778300792,2.9868080615997314,0.1596389159676619
9003,3588.787353515625,6.340655090752989e-05,0.035178203135728836,23.27654266357422,0.0004134979681111872,2.986178159713745,0.15734699997119606
9004,3904.259521484375,5.605515616480261e-05,0.03832436352968216,24.549949645996094,0.0004166784347034991,2.9857516288757324,0.1549312910065055
9005,3818.1591796875,0.00011827570415334776,0.03739563748240471,24.906370162963867,0.00041861506178975105,2.9848344326019287,0.16281374997925013
9006,3134.871337890625,5.700251858797856e-05,0.03058977983891964,26.77484893798828,0.00043418112909421325,2.9846484661102295,0.1670333330403082
9007,2081.7421875,0.000108071937575005,0.020015131682157516,27.429954528808594,0.00041991722537204623,2.9846251010894775,0.1618632500176318
9008,965.2367553710938,3.98746196879074e-05,0.008844290859997272,31.931968688964844,0.0004488824342843145,2.9858779907226562,0.18190000002505258
9009,237.28225708007812,5.42746638529934e-05,0.0015693226596340537,31.386940002441406,0.000435355759691447,2.988142967224121,0.18194962502457201
9010,102.99504852294922,4.3155261664651334e-05,0.0002237638836959377,31.98373031616211,0.000443194032413885,2.991562843322754,0.1760206670151092
9011,463.12994384765625,3.428618947509676e-05,0.0038088157307356596,32.472286224365234,0.00046347460011020303,2.9962270259857178,0.1815752499969676
9012,998.1934814453125,9.937256254488602e-05,0.00914886873215437,29.293384552001953,0.0004407595261000097,3.0011467933654785,0.1853924589813687
9013,1349.017333984375,4.2563697206787765e-05,0.012626886367797852,32.62143325805664,0.0004945090040564537,3.007007122039795,0.17939033400034532
9014,1343.826171875,0.00013174601190257818,0.012548190541565418,29.873443603515625,0.0004595904902089387,3.012606620788574,0.18121087498730049
9015,988.6998291015625,3.9085152820916846e-05,0.009016241878271103,32.1407470703125,0.0005102636641822755,3.018956422805786,0.17636879201745614
9016,519.4963989257812,6.519405724247918e-05,0.004358988255262375,29.33648109436035,0.00047741644084453583,3.02542781829834,0.16159824997885153
9017,171.21302795410156,2.907704038079828e-05,0.0008762743673287332,30.299257278442383,0.0005037863156758249,3.0324161052703857,0.15805595798883587
9018,87.45523071289062,3.053542604902759e-05,5.185205372981727e-05,29.30129623413086,0.0004991518799215555,3.0396616458892822,0.1562059999560006
9019,238.20407104492188,4.679199628299102e-05,0.001573878456838429,27.531909942626953,0.0004860511689912528,3.0466787815093994,0.15516445797402412
9020,472.04400634765625,3.9465416193706915e-05,0.003891273867338896,28.252044677734375,0.0005071805790066719,3.0534582138061523,0.15863137500127777
9021,624.9189453125,7.100970833562315e-05,0.005449268501251936,25.668607711791992,0.00047222530702129006,3.059312105178833,0.1587018750142306
9022,605.4619140625,4.382032057037577e-05,0.0052443803288042545,27.086380004882812,0.0004955547628924251,3.064544439315796,0.17423845798475668
9023,447.2188415527344,4.850017649005167e-05,0.0037086179945617914,25.387378692626953,0.00046119652688503265,3.0688178539276123,0.17346516699763015
9024,246.4867401123047,2.6225787223665975e-05,0.001703883521258831,26.378368377685547,0.00047097442438825965,3.0724234580993652,0.1756745419697836
9025,106.43576049804688,2.3423450329573825e-05,0.00033686269307509065,25.29314422607422,0.0004511400475166738,3.075216293334961,0.18668408400844783
9026,73.9603271484375,2.1220805138000287e-05,2.610139563330449e-05,24.792213439941406,0.0004443589423317462,3.0771379470825195,0.19361283298349008
9027,134.70663452148438,2.1401308913482353e-05,0.0006396570825017989,24.535030364990234,0.00044065769179724157,3.0781290531158447,0.2023327499628067
9028,235.8505401611328,2.6333342248108238e-05,0.0016694468213245273,23.685100555419922,0.0004258741973899305,3.0779879093170166,0.18156258395174518
9029,320.2857666015625,2.2584716134588234e-05,0.0025085618253797293,24.180561065673828,0.00042990525253117085,3.076868772506714,0.1808164159883745
9030,353.3628845214844,2.176794623665046e-05,0.002864603418856859,23.26441192626953,0.00041461357614025474,3.074708938598633,0.16254041698994115
9031,328.37060546875,1.6103706002468243e-05,0.0026138073299080133,23.57647132873535,0.000418030220316723,3.071784734725952,0.16071137500694022
9032,263.3613586425781,1.4144623492029496e-05,0.0019892139825969934,22.3452091217041,0.0004068029229529202,3.068108081817627,0.1558852079906501
9033,184.48770141601562,1.3526982002076693e-05,0.0012031164951622486,22.031803131103516,0.00040791556239128113,3.0638532638549805,0.16047845798311755
9034,116.48860931396484,1.2999951650272124e-05,0.0005389886209741235,21.078161239624023,0.000402115925680846,3.059056520462036,0.17764379200525582
9035,74.18594360351562,1.3119282812112942e-05,0.00012018133566016331,20.728456497192383,0.0004012742720078677,3.05383563041687,0.16713404201436788
9036,61.391357421875,1.1729823199857492e-05,3.7456908330568695e-07,20.282997131347656,0.0003989792021457106,3.0482969284057617,0.17412529198918492
9037,73.1554183959961,9.78247044258751e-06,0.00012559382594190538,19.920915603637695,0.0003969687386415899,3.0425593852996826,0.16431649995502084
9038,100.15937805175781,9.055644113686867e-06,0.00039818455115891993,19.799531936645508,0.00039635825669392943,3.0367496013641357,0.16167845902964473
9039,132.9681396484375,7.4976173891627695e-06,0.0007356751593761146,19.175743103027344,0.0003947512595914304,3.0309362411499023,0.15458766598021612
9040,164.2884521484375,8.845583579386584e-06,0.0010477147297933698,19.124242782592773,0.0003950817626900971,3.02520751953125,0.1964866669732146
9041,189.94851684570312,6.751708042429527e-06,0.001311928266659379,18.62960433959961,0.00039450908661819994,3.019624948501587,0.16940974997123703
9042,208.10218811035156,7.947778613015544e-06,0.0014908227603882551,18.762590408325195,0.0003946253564208746,3.0142903327941895,0.1690645000198856
9043,219.24789428710938,4.807828190678265e-06,0.0016091653378680348,18.414655685424805,0.00039435908547602594,3.0092859268188477,0.16861233301460743
9044,224.97279357910156,5.971820428385399e-06,0.0016646963777020574,18.46286392211914,0.0003944312047678977,3.0046980381011963,0.1631892080185935
9045,227.15699768066406,3.455029172982904e-06,0.0016933792503550649,18.03629493713379,0.00039437273517251015,3.0005781650543213,0.148859667009674
9046,227.58273315429688,5.668152880389243e-06,0.0016950377030298114,17.985952377319336,0.0003952620318159461,2.9969451427459717,0.1450573339825496
9047,227.52731323242188,3.6936694414180238e-06,0.0017003817483782768,17.541425704956055,0.00039578345604240894,2.9938087463378906,0.14368295803433284
9048,228.1211700439453,6.031689281371655e-06,0.001703007728792727,17.543039321899414,0.0003967419033870101,2.991166353225708,0.14857254194794223
9049,230.0604705810547,3.444622507231543e-06,0.0017275848658755422,17.237606048583984,0.00039719909545965493,2.989032030105591,0.1547407089965418
9050,234.1878662109375,5.307123501552269e-06,0.0017655470874160528,17.34482765197754,0.0003975761937908828,2.987395763397217,0.15473137504886836
9051,241.22225952148438,2.876181724786875e-06,0.0018403969006612897,17.11466407775879,0.00039780279621481895,2.986248254776001,0.15854662499623373
9052,252.0987548828125,5.041938493377529e-06,0.0019460865296423435,17.222007751464844,0.0003976387670263648,2.9855453968048096,0.164994792023208
9053,267.5348815917969,3.183389026162331e-06,0.0021048723720014095,16.965930938720703,0.00039763376116752625,2.985233783721924,0.16801612498238683
9054,288.7149658203125,5.701407644664869e-06,0.0023130476474761963,17.13630485534668,0.0003970374818891287,2.985262155532837,0.16535841702716425
9055,316.7240905761719,3.5211526210332522e-06,0.0025970253627747297,17.010208129882812,0.00039659207686781883,2.985577344894409,0.16038600000320002
9056,352.9853515625,5.747041541326325e-06,0.0029550001490861177,17.33754539489746,0.00039573092362843454,2.986158847808838,0.1702505829744041
9057,398.9192199707031,3.5712128010345623e-06,0.003417571308091283,17.290157318115234,0.0003951479448005557,2.9869446754455566,0.1658592089661397
9058,456.16046142578125,6.293575097515713e-06,0.003984677139669657,17.603118896484375,0.000394602568121627,2.9879229068756104,0.1640390839893371
9059,526.3694458007812,4.702290880231885e-06,0.004689153283834457,17.552583694458008,0.0003943131014239043,2.98899507522583,0.164947250043042
9060,610.1856689453125,8.414865988015663e-06,0.005520249716937542,17.886188507080078,0.00039433062192983925,2.9901671409606934,0.14941683399956673
9061,708.0574951171875,7.218886366899824e-06,0.006500861141830683,17.83616828918457,0.0003941335016861558,2.9913136959075928,0.14684533403487876
9062,816.7922973632812,1.1125399396405555e-05,0.007578795775771141,18.319019317626953,0.00039481138810515404,2.9925026893615723,0.14687374996719882
9063,933.6385498046875,1.0790772648761049e-05,0.008749522268772125,18.199161529541016,0.0003940806200262159,2.993577718734741,0.14931979100219905
9064,1046.82861328125,1.4240280506783165e-05,0.009869659319519997,18.836286544799805,0.0003960239118896425,2.9946844577789307,0.15943070797948167
9065,1148.5914306640625,1.68527512869332e-05,0.010889139957726002,18.567304611206055,0.0003942488110624254,2.9956018924713135,0.153257624944672
9066,1216.255126953125,1.785730455594603e-05,0.011554395779967308,19.24723243713379,0.00039782607927918434,2.9965853691101074,0.15755758300656453
9067,1241.193603515625,2.454546483932063e-05,0.011804738081991673,18.868356704711914,0.00039396798820234835,2.9973535537719727,0.1646502090152353
9068,1198.3935546875,1.9578419596655294e-05,0.011369111016392708,19.550569534301758,0.0003997401800006628,2.9982948303222656,0.16212183301104233
9069,1093.9580078125,2.9201879442553036e-05,0.010325840674340725,19.173246383666992,0.0003928045916836709,2.9990947246551514,0.16253299999516457
9070,922.4102783203125,1.843261816247832e-05,0.008604499511420727,19.9760799407959,0.0004014100704807788,3.000213861465454,0.1604169590282254
9071,715.2752075195312,2.8603941245819442e-05,0.0065369741059839725,19.482316970825195,0.0003923508629668504,3.0013349056243896,0.16438104200642556
9072,495.416015625,1.6840518583194353e-05,0.004332081414759159,20.287593841552734,0.0004023622896056622,3.002859115600586,0.16403749998426065
9073,301.8041076660156,2.4127928554662503e-05,0.0024013062939047813,19.793949127197266,0.0003946673823520541,3.0045278072357178,0.16276741598267108
9074,158.229248046875,1.6188969311770052e-05,0.0009601365891285241,20.343769073486328,0.00040252937469631433,3.006563186645508,0.1650238330475986
9075,79.41146850585938,1.8725500922300853e-05,0.00017452768224757165,20.068147659301758,0.00040017999708652496,3.0088205337524414,0.15797375002875924
9076,63.458309173583984,1.703234011074528e-05,1.3430260878521949e-05,20.11615753173828,0.00040295891813002527,3.011286735534668,0.14826908300165087
9077,96.66677856445312,1.4809523236181121e-05,0.0003427342453505844,20.192363739013672,0.0004072003939654678,3.0139575004577637,0.14489087497349828
9078,158.9009246826172,1.888886617962271e-05,0.0009690370643511415,19.683216094970703,0.00040425106999464333,3.0166139602661133,0.14806800003862008
9079,228.96266174316406,1.2940276064909995e-05,0.0016637820517644286,20.01006507873535,0.0004128036380279809,3.0193798542022705,0.15194854198489338
9080,290.3759765625,2.0009068975923583e-05,0.0022872400004416704,19.126514434814453,0.00040524551877751946,3.0219297409057617,0.15230354201048613
9081,330.5685119628906,1.208937192131998e-05,0.0026824509259313345,19.637516021728516,0.0004147698055021465,3.024468421936035,0.15132225002162158
9082,346.8179016113281,1.926635559357237e-05,0.002857500221580267,18.664703369140625,0.000404765218263492,3.026658296585083,0.16956383298384026
9083,337.8935852050781,1.1800971151387785e-05,0.0027610845863819122,19.300722122192383,0.0004130431916564703,3.028716802597046,0.1626138329738751
9084,310.6512756347656,1.7475507775088772e-05,0.002501783659681678,18.431730270385742,0.0004029365081805736,3.0303518772125244,0.16281574999447912
9085,270.01953125,1.1595072464842815e-05,0.002089695306494832,19.014440536499023,0.00040876062121242285,3.0317516326904297,0.1598709580139257
9086,224.56593322753906,1.5065688785398379e-05,0.0016478423494845629,18.263492584228516,0.00040011637611314654,3.0327000617980957,0.15552429197123274
9087,179.361083984375,1.0768854735943023e-05,0.0011933614732697606,18.62946128845215,0.00040318589890375733,3.033344268798828,0.33079733402701095
9088,139.7666473388672,1.2204874110466335e-05,0.0008084199507720768,18.02302360534668,0.0003968113742303103,3.033550262451172,0.19611766701564193
9089,107.91514587402344,9.343080819235183e-06,0.0004901965730823576,18.18402099609375,0.00039777159690856934,3.0334231853485107,0.15963125001871958
9090,84.72325897216797,9.616516763344407e-06,0.00026599588454701006,17.7701473236084,0.0003939187154173851,3.0328965187072754,0.14109708298929036
9091,69.45743560791016,7.987821845745202e-06,0.00011498262028908357,17.784008026123047,0.0003937638539355248,3.0320374965667725,0.14758799999253824
9092,60.824806213378906,7.607036877743667e-06,3.333243876113556e-05,17.536216735839844,0.00039194640703499317,3.0308384895324707,0.15206195798236877
9093,57.35230255126953,6.70532472213381e-06,1.3567449741458404e-06,17.41504669189453,0.000391310517443344,3.0293431282043457,0.15714033297263086
9094,57.71966552734375,6.0129664234409574e-06,8.118061487039085e-06,17.240520477294922,0.0003906603960786015,3.027590274810791,0.157084834005218
9095,60.92612838745117,5.6279232012457214e-06,4.3864522012881935e-05,16.984100341796875,0.00038992782356217504,3.0256030559539795,0.15432087500812486
9096,66.36024475097656,4.9965365178650245e-06,0.00010014529834734276,16.86368751525879,0.0003898237773682922,3.0234460830688477,0.16243191598914564
9097,73.79692077636719,4.928288944938686e-06,0.00017837238556239754,16.538349151611328,0.00038928509457036853,3.0211238861083984,0.15888091595843434
9098,83.42068481445312,4.466215614229441e-06,0.00027521225274540484,16.511472702026367,0.0003894137335009873,3.0187137126922607,0.15670254197902977
9099,95.93013000488281,4.4435705603973474e-06,0.00040394760435447097,16.16925621032715,0.00038921748637221754,3.016206979751587,0.16457387496484444
9100,112.47520446777344,4.0746285776549485e-06,0.0005688435630872846,16.257673263549805,0.00038925709668546915,3.0136921405792236,0.15677287499420345
9101,135.19570922851562,3.967063094023615e-06,0.0007996516651473939,15.8909273147583,0.0003894291294272989,3.011146306991577,0.1648916249978356
9102,166.99609375,3.875004040310159e-06,0.001116017927415669,16.084087371826172,0.0003892270615324378,3.0086617469787598,0.1877225420321338
9103,212.94052124023438,3.7071993119752733e-06,0.0015786112053319812,15.718460083007812,0.000389902270399034,3.006195545196533,0.16498270799638703
9104,280.1027526855469,4.010394150100183e-06,0.0022466580849140882,16.098690032958984,0.00038937205681577325,3.0038483142852783,0.1631544579868205
9105,380.7971496582031,3.842687874566764e-06,0.003255231771618128,15.797080039978027,0.00039092625956982374,3.001547336578369,0.14940616703825071
9106,532.050537109375,4.911630639981013e-06,0.004760753829032183,16.478515625,0.0003900547162629664,2.9994077682495117,0.14777004200732335
9107,762.633544921875,5.123370556248119e-06,0.007064813282340765,16.328453063964844,0.0003931148094125092,2.9973034858703613,0.14580170897534117
9108,1108.5906982421875,8.146617801685352e-06,0.010509908199310303,17.57461929321289,0.00039210624527186155,2.9953722953796387,0.14870129199698567
9109,1628.117919921875,1.0983507308992557e-05,0.015694336965680122,17.768789291381836,0.00039817066863179207,2.993372917175293,0.15291599999181926
9110,2370.331787109375,1.8737368009169586e-05,0.023087354376912117,19.96786880493164,0.00039754988392814994,2.9915130138397217,0.15492991596693173
9111,3399.521240234375,3.5739194572670385e-05,0.03334067761898041,20.907331466674805,0.0004097221535630524,2.9893131256103516,0.15735833399230614
9112,4640.2646484375,4.858904503635131e-05,0.045706190168857574,23.700214385986328,0.000410866632591933,2.98721981048584,0.173826459038537
9113,5971.7744140625,0.0001242853468284011,0.05889749526977539,26.302927017211914,0.00043293298222124577,2.9843358993530273,0.16040979197714478
9114,6803.76953125,9.827165195019916e-05,0.06722208112478256,27.811777114868164,0.00043922121403738856,2.98178768157959,0.16359854099573568
9115,6750.119140625,0.0002609649091027677,0.06645886600017548,32.53780746459961,0.0004559821099974215,2.9784066677093506,0.16439616703428328
9116,5239.77880859375,0.00011266791261732578,0.05142730101943016,37.20342254638672,0.00048578818677924573,2.9761645793914795,0.16039475001161918
9117,2932.316162109375,0.00019166330457665026,0.02826077677309513,40.41585922241211,0.0004665657179430127,2.9744691848754883,0.16010020900284871
9118,858.1253051757812,6.839528941782191e-05,0.007492635399103165,49.71381759643555,0.0005230840179137886,2.9748551845550537,0.16397308401064947
9119,107.3153076171875,6.37449265923351e-05,3.439314696151996e-06,49.137916564941406,0.0005145896575413644,2.9773147106170654,0.1617937910486944
9120,765.6340942382812,7.85860902396962e-05,0.006626742426306009,45.66642379760742,0.000494348001666367,2.9815216064453125,0.15490579197648913
9121,1983.6134033203125,5.215637793298811e-05,0.018729880452156067,48.7499885559082,0.0005665966891683638,2.9878177642822266,0.148927916015964
9122,2724.73486328125,0.0002806256525218487,0.02606210857629776,40.92592239379883,0.0004953528405167162,2.9940176010131836,0.1472637919941917
9123,2379.818115234375,0.00012419764243531972,0.022618379443883896,45.72417449951172,0.0005983649753034115,3.0013766288757324,0.14644300000509247
9124,1320.15478515625,0.00023882962705101818,0.01202594954520464,39.962833404541016,0.0005371394800022244,3.0087060928344727,0.1511428749654442
9125,350.64569091796875,7.289452332770452e-05,0.002409433014690876,42.70953369140625,0.0005970338825136423,3.017261028289795,0.15562058298382908
9126,133.55487060546875,2.9158734832890332e-05,0.000245378992985934,45.63081359863281,0.0006047028582543135,3.027256727218628,0.15480345796095207
9127,612.6725463867188,3.66312415280845e-05,0.005065063014626503,44.52207565307617,0.0005798105266876519,3.0381245613098145,0.17196641699410975
9128,1206.1171875,4.4944848923478276e-05,0.010934492573142052,44.34819030761719,0.0006382528226822615,3.0495715141296387,0.17135274998145178
9129,1356.8145751953125,0.0001803392660804093,0.012489423155784607,34.209476470947266,0.0005562892183661461,3.059875249862671,0.17215612501604483
9130,943.908447265625,0.00016701938875485212,0.008326856419444084,33.7950439453125,0.0006072574760764837,3.069141149520874,0.1732527919812128
9131,365.8214111328125,0.00013305597531143576,0.002648649737238884,32.12836456298828,0.0005552248912863433,3.077272891998291,0.16804791596950963
9132,97.98129272460938,4.8781188525026664e-05,7.780630767229013e-06,36.07093048095703,0.0005625418270938098,3.0849080085754395,0.16025608399650082
9133,267.9344787597656,1.3184129784349352e-05,0.0016930652782320976,40.65521240234375,0.0005665432545356452,3.0923781394958496,0.16987170901848003
9134,617.8848876953125,1.5152802916418295e-05,0.0052594467997550964,38.69548034667969,0.000517294043675065,3.0991973876953125,0.16496937500778586
9135,817.3751220703125,5.698811946786009e-05,0.007234838791191578,35.1234245300293,0.0005306901293806732,3.104626178741455,0.15196491702226922
9136,718.9058837890625,0.00012320590030867606,0.006291276775300503,29.153776168823242,0.00048303851508535445,3.1077160835266113,0.14603899995563552
9137,418.68060302734375,0.00011859874211950228,0.00329261040315032,28.1423282623291,0.0004941736697219312,3.1086533069610596,0.1451286249794066
9138,151.2906494140625,4.7231733333319426e-05,0.0007057728944346309,29.376455307006836,0.00046613739687018096,3.1080925464630127,0.14799799997126684
9139,84.27391052246094,8.060423169808928e-06,4.455410089576617e-05,32.86408233642578,0.00046148381079547107,3.1067728996276855,0.1536355420248583
9140,204.26329040527344,2.422741090413183e-06,0.0012368253665044904,34.18888473510742,0.00046149594709277153,3.1049373149871826,0.15297483396716416
9141,383.56744384765625,7.838262717996258e-06,0.003081722417846322,30.860990524291992,0.00043750382610596716,3.10225772857666,0.15890183398732916
9142,499.7266845703125,4.869546683039516e-05,0.004225425887852907,28.013965606689453,0.00044300578883849084,3.098189115524292,0.15963045903481543
9143,484.3493347167969,7.285585161298513e-05,0.004092370625585318,24.996732711791992,0.0004282996815163642,3.0924620628356934,0.1652570409933105
9144,355.162109375,6.486048368969932e-05,0.00281476229429245,24.198102951049805,0.00043001724407076836,3.0854809284210205,0.16021033294964582
9145,198.15492248535156,1.4249729247239884e-05,0.00129794143140316,25.43212890625,0.0004150367167312652,3.078073501586914,0.16150929202558473
9146,93.96122741699219,2.319946588613675e-06,0.00024274192401207983,27.85498046875,0.0004160005773883313,3.0707945823669434,0.16240570798981935
9147,70.05582427978516,2.171337882828084e-06,1.927420453284867e-05,26.735523223876953,0.0004117574717383832,3.0636982917785645,0.16501295898342505
9148,113.95573425292969,1.0785291124193463e-05,0.0004889094270765781,23.330543518066406,0.0004065571411047131,3.056504964828491,0.1585809579701163
9149,192.2261962890625,3.596617898438126e-05,0.001258358359336853,21.7983455657959,0.00040995399467647076,3.048905611038208,0.1628284999751486
9150,260.81671142578125,3.5381624911678955e-05,0.0019593825563788414,20.683786392211914,0.00040656482451595366,3.04095721244812,0.1610495419590734
9151,291.8211669921875,2.5576635380275548e-05,0.0022770462092012167,21.01055145263672,0.0004054834134876728,3.033052682876587,0.14516979199834168
9152,283.2282409667969,2.426824948997819e-06,0.0022074587177485228,22.505062103271484,0.00039734644815325737,3.0258076190948486,0.1451717499876395
9153,245.60394287109375,1.8588503962746472e-06,0.001822571735829115,23.180280685424805,0.00039980607107281685,3.0194008350372314,0.14744112500920892
9154,192.0263671875,2.3953573418111773e-06,0.001303530647419393,21.773176193237305,0.00039660604670643806,3.01373291015625,0.15379854198545218
9155,138.79904174804688,1.4581944014935289e-05,0.0007756442064419389,19.682910919189453,0.00040093521238304675,3.0085036754608154,0.16527649998897687
9156,96.38786315917969,1.7080588804674335e-05,0.00035648627090267837,18.917621612548828,0.00040113559225574136,3.0036544799804688,0.15846062503987923
9157,69.26751708984375,1.4194882169249468e-05,8.980259735835716e-05,18.699613571166992,0.0004016815510112792,2.9993157386779785,0.16306549997534603
9158,59.73754119873047,4.073184754815884e-06,4.47245440682309e-07,19.278881072998047,0.0004000661720056087,2.9957892894744873,0.15955195802962407
9159,65.3499526977539,3.720925860761781e-07,5.4327370889950544e-05,19.9571533203125,0.0003992285346612334,2.9932727813720703,0.16346825001528487
9160,80.140380859375,1.0623084563121665e-06,0.0002038458187598735,19.571428298950195,0.00040078142774291337,2.9916279315948486,0.15825712500372902
9161,99.72642517089844,3.9927476791490335e-06,0.0004053288430441171,18.510387420654297,0.0004028388357255608,2.9905500411987305,0.163253957987763
9162,120.85092163085938,1.225573487317888e-05,0.0006125150248408318,17.785444259643555,0.00040588402771390975,2.9897472858428955,0.16667641600361094
9163,139.61778259277344,7.994898624019697e-06,0.0008057580562308431,17.71458625793457,0.00040527895907871425,2.989224672317505,0.16257620899705216
9164,154.50518798828125,6.200911229825579e-06,0.0009542208281345665,18.08158302307129,0.00040381427970714867,2.989044427871704,0.19299758394481614
9165,166.1766357421875,5.257562634142232e-07,0.0010727427434176207,18.741718292236328,0.0004010805569123477,2.9893763065338135,0.16014287498546764
9166,175.39572143554688,1.2125009334340575e-06,0.001164367189630866,18.805673599243164,0.00040032080141827464,2.990140199661255,0.14797170797828585
9167,182.24630737304688,9.192980314765009e-07,0.0012382847489789128,18.298715591430664,0.00040027181967161596,2.9911999702453613,0.1474413339747116
9168,188.05938720703125,7.4464578574406914e-06,0.0012944821501150727,17.679899215698242,0.00040186624391935766,2.9922497272491455,0.14655954198678955
9169,192.3928985595703,5.237325240159407e-06,0.0013394199777394533,17.70151138305664,0.0004022566135972738,2.9932470321655273,0.14517849998082966
9170,195.75106811523438,6.636356829403667e-06,0.001372570637613535,17.805879592895508,0.00040024498593993485,2.9941909313201904,0.15079637500457466
9171,198.86721801757812,1.066736331267748e-06,0.001408657873980701,18.05800437927246,0.00039836770156398416,2.9952402114868164,0.15304304199526086
9172,203.17083740234375,2.3039958705339814e-06,0.0014512379420921206,18.0737247467041,0.00039742913213558495,2.996349573135376,0.16181587503524497
9173,208.36289978027344,8.47602564135741e-07,0.0015055788680911064,17.965938568115234,0.00039754301542416215,2.997504711151123,0.1595353329903446
9174,215.1897735595703,6.031982138665626e-06,0.001571731991134584,17.574081420898438,0.00039839299279265106,2.9984915256500244,0.16270091698970646
9175,222.8946990966797,4.789809736394091e-06,0.0016515899915248156,17.268966674804688,0.0003998776082880795,2.9992644786834717,0.1648107090150006
9176,231.49942016601562,8.490420441376045e-06,0.0017363958759233356,17.16489601135254,0.000398458942072466,2.9997947216033936,0.16359825001563877
9177,241.01199340820312,2.2425274437409826e-06,0.0018365327268838882,17.4049072265625,0.00039729548734612763,3.000257968902588,0.17541370796971023
9178,252.66940307617188,3.7092652291903505e-06,0.0019506854005157948,17.66931915283203,0.00039560600998811424,3.0006792545318604,0.33005145797505975
9179,266.1519470214844,1.2985094599571312e-06,0.0020878866780549288,17.68769073486328,0.000395457522245124,3.0011067390441895,0.16012562497053295
9180,282.1012268066406,5.919208888371941e-06,0.002245403826236725,17.435152053833008,0.00039533761446364224,3.00142240524292,0.15048620896413922
9181,299.6254577636719,4.368004738353193e-06,0.002424412639811635,17.164674758911133,0.0003958271408919245,3.001607894897461,0.15012833301443607
9182,318.3274841308594,9.503361070528626e-06,0.0026071073953062296,17.11603546142578,0.000395503593608737,3.0016298294067383,0.14697274996433407
9183,336.97198486328125,3.985366674896795e-06,0.002797926077619195,17.34317398071289,0.000394376867916435,3.001610279083252,0.14802575000794604
9184,355.75872802734375,6.060121449991129e-06,0.0029817589092999697,17.601646423339844,0.00039375165943056345,3.001617670059204,0.15290400001686066
9185,373.73541259765625,2.669961759238504e-06,0.003166152397170663,17.60828971862793,0.0003924488846678287,3.001706600189209,0.15925404202425852
9186,390.3062438964844,7.772984645271208e-06,0.003327134996652603,17.429033279418945,0.00039386391290463507,3.001817464828491,0.1685296669602394
9187,403.4791259765625,6.176000624691369e-06,0.003462598891928792,17.29438591003418,0.0003930724342353642,3.00190806388855,0.1676125000230968
9188,411.3936767578125,1.1755967534554657e-05,0.003534830641001463,17.26997947692871,0.000394650298403576,3.0019702911376953,0.1652212920016609
9189,412.53265380859375,7.680863745918032e-06,0.0035519604571163654,17.310131072998047,0.0003925839555449784,3.002027988433838,0.16746295895427465
9190,406.0092468261719,9.758622582012322e-06,0.0034814097452908754,17.4865779876709,0.0003940584429074079,3.0021750926971436,0.16068312496645376
9191,391.8754577636719,6.109818059485406e-06,0.003345947014167905,17.580638885498047,0.00039089133497327566,3.002424955368042,0.16208320803707466
9192,370.1690368652344,9.223222150467336e-06,0.0031221825629472733,17.64822769165039,0.00039380224188789725,3.002811908721924,0.1655519170453772
9193,342.1265869140625,8.80981042428175e-06,0.002846804680302739,17.461402893066406,0.00039103717426769435,3.0032413005828857,0.16519579099258408
9194,308.2135925292969,1.1634479960775934e-05,0.0025024872738868,17.39692497253418,0.00039404473500326276,3.0037550926208496,0.1617836250225082
9195,270.74322509765625,9.94044603430666e-06,0.0021327915601432323,17.3887882232666,0.00039081223076209426,3.0043020248413086,0.15203062497312203
9196,231.6461639404297,9.643151315685827e-06,0.0017378665506839752,17.5484561920166,0.00039346746052615345,3.0049831867218018,0.1455202079960145
9197,193.86932373046875,7.685820492042694e-06,0.0013647733721882105,17.604991912841797,0.0003901840536855161,3.005760431289673,0.14568312501069158
9198,159.1246337890625,7.80825394031126e-06,0.0010138897923752666,17.66300392150879,0.00039291835855692625,3.0066816806793213,0.14597737503936514
9199,129.08251953125,8.078031896729954e-06,0.0007179544772952795,17.410465240478516,0.00039068792830221355,3.00764536857605,0.1506947500165552
9200,104.42610168457031,9.07897629076615e-06,0.00046964501962065697,17.257333755493164,0.00039296370232477784,3.0086417198181152,0.15464229200733826
9201,85.48733520507812,8.699410500412341e-06,0.00028364919126033783,17.10538673400879,0.0003914708213414997,3.0096077919006348,0.15576283301925287
9202,71.9273910522461,7.8319226304302e-06,0.00014785262465011328,17.111711502075195,0.000392472225939855,3.0105674266815186,0.16712945903418586
9203,63.145263671875,6.620090971409809e-06,6.288743315963075e-05,17.048616409301758,0.0003914589760825038,3.0114996433258057,0.16300362499896437
9204,58.311492919921875,6.0698098423017655e-06,1.5507526768487878e-05,16.979402542114258,0.0003917435824405402,3.012394428253174,0.16150033299345523
9205,56.568111419677734,6.019984084559837e-06,1.9486220992348535e-07,16.801149368286133,0.00039145475602708757,3.0132057666778564,0.16594679199624807
9206,57.15729522705078,6.314227448456222e-06,8.092946700344328e-06,16.58570098876953,0.00039130874210968614,3.013881206512451,0.1580664170323871
9207,59.47319793701172,6.4101454881893005e-06,3.2598720281384885e-05,16.433813095092773,0.0003913849941454828,3.014392614364624,0.16374308400554582
9208,63.08540344238281,5.615204372588778e-06,7.142519461922348e-05,16.32677459716797,0.0003905459016095847,3.01472544670105,0.16468741599237546
9209,67.78347778320312,4.961424565408379e-06,0.00011909128079423681,16.326745986938477,0.0003905146149918437,3.0149009227752686,0.16714616701938212
9210,73.61370849609375,4.060443643538747e-06,0.0001805346255423501,16.207210540771484,0.0003894699621014297,3.014908790588379,0.1634650830528699
9211,80.86122131347656,4.30940463047591e-06,0.0002530873171053827,16.1456298828125,0.00038975925417616963,3.0147500038146973,0.15218787494814023
9212,90.11209106445312,3.8712505556759425e-06,0.0003489504160825163,15.936509132385254,0.0003889341314788908,3.0143940448760986,0.14824862498790026
9213,102.24576568603516,4.653560608858243e-06,0.00046961920452304184,15.886279106140137,0.00038932208553887904,3.013843297958374,0.14700516703305766
9214,118.73829650878906,3.6293438370194053e-06,0.0006379095721058547,15.723901748657227,0.00038860502536408603,3.0130937099456787,0.14731962501537055
9215,141.63330078125,4.2662068153731525e-06,0.0008653621189296246,15.799901008605957,0.00038870563730597496,3.0121805667877197,0.15253137500258163
9216,174.23251342773438,2.741335265454836e-06,0.0011947950115427375,15.664819717407227,0.00038814052822999656,3.0111210346221924,0.15493191697169095
9217,221.5030517578125,4.317079401516821e-06,0.0016644045244902372,15.797759056091309,0.0003883314202539623,3.0099337100982666,0.17283500003395602
9218,291.2871398925781,2.8268632377148606e-06,0.0023651551455259323,15.633590698242188,0.00038855342427268624,3.008618116378784,0.15691800002241507
9219,395.03057861328125,6.0158899941598065e-06,0.003396696411073208,15.898845672607422,0.0003886049962602556,3.00717830657959,0.15105025004595518
9220,550.7892456054688,3.617090442276094e-06,0.0049559585750103,15.853681564331055,0.0003897803835570812,3.005620241165161,0.15222895896295086
9221,783.3750610351562,9.252933523384854e-06,0.007270594593137503,16.444042205810547,0.00038946291897445917,3.003955364227295,0.14898433396592736
9222,1129.4095458984375,5.713938662665896e-06,0.010729136876761913,16.711347579956055,0.000392131187254563,3.0021753311157227,0.16620624996721745
9223,1630.5225830078125,1.7718039089231752e-05,0.015716776251792908,17.847938537597656,0.000392252579331398,3.000286102294922,0.15968441602308303
9224,2336.082763671875,1.6591464373050258e-05,0.02275879681110382,18.690324783325195,0.00039853621274232864,2.9981558322906494,0.1708153749932535
9225,3245.974365234375,4.1743292968021706e-05,0.03181551769375801,20.21334457397461,0.00040034836274571717,2.9958813190460205,0.16104583296692
9226,4317.54736328125,6.201320502441376e-05,0.04247523844242096,22.497663497924805,0.00041324927587993443,2.9930577278137207,0.15869083401048556
9227,5257.12158203125,8.338521729456261e-05,0.05183795094490051,23.10540771484375,0.0004188259190414101,2.9902491569519043,0.15862375003052875
9228,5762.50048828125,0.00016946863615885377,0.056746143847703934,27.599092483520508,0.0004334046971052885,2.986670970916748,0.14765162498224527
9229,5249.73388671875,0.00010316442785551772,0.05165642499923706,28.4685001373291,0.0004530659061856568,2.9838054180145264,0.14678795798681676
9230,3820.842041015625,0.00019906768284272403,0.03724042698740959,32.573585510253906,0.00044319056905806065,2.9809162616729736,0.1566671659820713
9231,1881.3746337890625,7.188534073065966e-05,0.01784481853246689,40.197452545166016,0.0004950682050548494,2.9797587394714355,0.15904574998421595
9232,449.1109924316406,8.872025500750169e-05,0.003511762944981456,41.33103561401367,0.0004773163527715951,2.9801206588745117,0.15719787502894178
9233,131.8249053955078,5.521312414202839e-05,0.0003274468763265759,43.82312774658203,0.0004973577451892197,2.9824554920196533,0.16905775002669543
9234,807.9132080078125,4.282151712686755e-05,0.007057901471853256,44.606849670410156,0.0005323403747752309,2.9869089126586914,0.1634790410171263
9235,1773.04150390625,0.00017051621398422867,0.016694236546754837,38.485870361328125,0.0004808027297258377,2.991900682449341,0.15918720897752792
9236,2237.306396484375,7.895427552284673e-05,0.02126740664243698,44.95219421386719,0.0005771803553216159,2.9983763694763184,0.16105012502521276
9237,1931.0540771484375,0.00027321057859808207,0.018138132989406586,38.629791259765625,0.0005128987249918282,3.004483938217163,0.16791729198303074
9238,1076.6231689453125,8.226992940763012e-05,0.00968514010310173,41.21989440917969,0.0005866221035830677,3.011752128601074,0.16579649999039248
9239,322.6729431152344,7.882934005465358e-05,0.0022073802538216114,38.960411071777344,0.0005509159527719021,3.0198285579681396,0.16271516698179767
9240,109.5992431640625,3.644317257567309e-05,8.262063056463376e-05,40.506649017333984,0.0005718620959669352,3.028994560241699,0.16383787500672042
9241,429.3209228515625,2.6454605176695623e-05,0.0032580483239144087,41.204166412353516,0.00059666478773579,3.039125680923462,0.15869187499629334
9242,901.3501586914062,9.40483805607073e-05,0.008026957511901855,35.25309371948242,0.0005399647052399814,3.048894166946411,0.14821512496564537
9243,1101.5216064453125,9.190465789288282e-05,0.009966558776795864,36.556541442871094,0.0005911861662752926,3.058250665664673,0.14858983299927786
9244,889.1084594726562,0.00015939009608700871,0.007900386117398739,30.500621795654297,0.0005263019702397287,3.0662009716033936,0.1444432910066098
9245,452.8719177246094,8.513601642334834e-05,0.0035731925163418055,31.74966812133789,0.0005528940819203854,3.073335647583008,0.14674733398715034
9246,136.434814453125,3.933073458028957e-05,0.00047232527867890894,33.1065559387207,0.0005216266727074981,3.0798730850219727,0.15467837499454618
9247,118.01069641113281,1.6821446479298174e-05,0.0003047013597097248,34.72288131713867,0.0005113552324473858,3.085946559906006,0.15202691697049886
9248,326.4766845703125,1.972056634258479e-05,0.002396950265392661,33.824684143066406,0.0005098492838442326,3.091284990310669,0.15850925003178418
9249,559.0490112304688,4.882948996964842e-05,0.004770217929035425,30.170560836791992,0.00046973751159384847,3.0950753688812256,0.1648667500121519
9250,643.352294921875,7.201982953120023e-05,0.005575584713369608,30.283239364624023,0.0004830857797060162,3.097099781036377,0.16390537499682978
9251,534.7076416015625,7.623882265761495e-05,0.004545360803604126,27.466760635375977,0.0004508090205490589,3.097135305404663,0.16014854196691886
9252,321.9277648925781,4.1394356230739504e-05,0.002444269135594368,27.847816467285156,0.0004551361780613661,3.095771312713623,0.16753074998268858
9253,141.058349609375,1.1503918358357623e-05,0.0006745081045664847,28.8223819732666,0.0004363476182334125,3.0935158729553223,0.16500187502242625
9254,72.79495239257812,4.832430022361223e-06,5.829864448969602e-07,28.99131202697754,0.0004326209600549191,3.0906381607055664,0.1625338330049999
9255,118.06407165527344,1.1185919902345631e-05,0.000472791725769639,26.91595458984375,0.00042750354623422027,3.086974859237671,0.16608387499582022
9256,225.4276580810547,2.5644203560659662e-05,0.00156399083789438,24.705129623413086,0.00041759031591936946,3.0822136402130127,0.15528008301043883
9257,326.276611328125,4.167092629359104e-05,0.002555698622018099,24.5452938079834,0.00041994370985776186,3.0763232707977295,0.14660924999043345
9258,369.4130554199219,3.0396591682801954e-05,0.003021808573976159,23.212499618530273,0.0004098005301784724,3.0695040225982666,0.14801775000523776
9259,344.855224609375,2.0499959646258503e-05,0.0027766411658376455,24.06100845336914,0.0004108012071810663,3.0621933937072754,0.14899900002637878
9260,274.2138671875,5.450332537293434e-06,0.0020943954586982727,24.05240821838379,0.00040176865877583623,3.0548059940338135,0.14952208299655467
9261,188.5151824951172,7.161030225688592e-06,0.0012370266485959291,23.769176483154297,0.0004032724245917052,3.047470808029175,0.15350004198262468
9262,115.40939331054688,1.0788815416162834e-05,0.0005297900061123073,21.357242584228516,0.0003999426553491503,3.040111541748047,0.1534697919851169
9263,72.15158081054688,1.896146932267584e-05,0.00010152670438401401,20.015657424926758,0.00040087103843688965,3.0326836109161377,0.1727499999688007
9264,61.781089782714844,1.638043249840848e-05,4.51623691333225e-06,19.75749969482422,0.0003993392165284604,3.0253522396087646,0.1625136670190841
9265,77.95468139648438,8.55584949022159e-06,0.0001746316411299631,19.936397552490234,0.00039699533954262733,3.018399238586426,0.16599391697673127
9266,110.22286987304688,4.590003300108947e-06,0.0004976412164978683,20.34808921813965,0.0003965165524277836,3.0120677947998047,0.16255945799639449
9267,147.39852905273438,1.699407334854186e-06,0.0008731787675060332,20.44986343383789,0.0003946085344068706,3.0064876079559326,0.15763549995608628
9268,181.26034545898438,5.6792273426253814e-06,0.0012099486775696278,19.95037078857422,0.0003974719438701868,3.001549482345581,0.16872158303158358
9269,206.81097412109375,7.383483080047881e-06,0.0014722945634275675,19.0036563873291,0.0003983951755799353,2.997127056121826,0.1646853749989532
9270,221.78749084472656,1.3282135114423e-05,0.001618177630007267,18.498241424560547,0.0004014326841570437,2.9931600093841553,0.16358929203124717
9271,225.87306213378906,5.363018772186479e-06,0.0016688428586348891,18.456283569335938,0.0003999618929810822,2.989816904067993,0.16077170800417662
9272,221.83261108398438,4.8300717025995255e-06,0.0016244752332568169,18.81409454345703,0.0004008798860013485,2.9871928691864014,0.14752274996135384
9273,212.13494873046875,1.1373076631571166e-06,0.0015312479808926582,18.863386154174805,0.000400330318370834,2.9853641986846924,0.1698867499944754
9274,199.34970092773438,3.84081886295462e-06,0.001403258298523724,18.47454071044922,0.0004016524471808225,2.984189510345459,0.1516894999658689
9275,184.8477325439453,3.6941278267477173e-06,0.00126489601098001,17.777935028076172,0.000402107834815979,2.9835305213928223,0.2977024160209112
9276,170.009521484375,8.67270864546299e-06,0.0011135740205645561,17.46613311767578,0.0004031873249914497,2.983212947845459,0.15677649999270216
9277,155.24545288085938,4.7934627218637615e-06,0.0009711236925795674,17.46355628967285,0.0004019018670078367,2.9832489490509033,0.15844874997856095
9278,141.68917846679688,3.953778104914818e-06,0.0008353287121281028,17.774133682250977,0.00039986803312785923,2.9836807250976562,0.16037599998526275
9279,129.8934783935547,1.178612023977621e-06,0.0007211969932541251,17.863740921020508,0.00039792180177755654,2.984539270401001,0.15888520900625736
9280,120.11958312988281,2.3582333597005345e-06,0.0006242837407626212,17.71538734436035,0.0003974000283051282,2.98572039604187,0.15773716697003692
9281,112.10502624511719,2.297486389579717e-06,0.0005463978159241378,17.51515007019043,0.0003972034901380539,2.9871020317077637,0.162391166028101
9282,105.75328063964844,4.858408374275314e-06,0.0004827347584068775,17.270721435546875,0.0003972324775531888,2.9885451793670654,0.15891883400036022
9283,100.65571594238281,3.7993459045537747e-06,0.00043411884689703584,17.15351676940918,0.0003971037804149091,2.9899957180023193,0.15832216700073332
9284,96.79306030273438,3.624803184720804e-06,0.00039717659819871187,17.1224365234375,0.0003959048190154135,2.991459846496582,0.15767820895416662
9285,94.23670959472656,1.4350462151924148e-06,0.00037363142473623157,17.227779388427734,0.00039502279832959175,2.9929754734039307,0.1593721670215018
9286,92.91647338867188,2.0751124338858062e-06,0.0003608027473092079,17.139802932739258,0.0003948888916056603,2.994490385055542,0.15494866704102606
9287,92.82108306884766,2.0421020963112824e-06,0.000361795217031613,16.862918853759766,0.0003957443404942751,2.9959211349487305,0.1492938749724999
9288,94.10354614257812,4.061644631292438e-06,0.00037505218642763793,16.58612060546875,0.0003960604371968657,2.9971723556518555,0.15785516699543223
9289,96.79238891601562,3.2194357117987238e-06,0.000404043443268165,16.40117835998535,0.00039664929499849677,2.9982235431671143,0.17076808301499113
9290,101.07481384277344,3.733181074494496e-06,0.0004472364962566644,16.39817237854004,0.00039579678559675813,2.9990828037261963,0.1592736659804359
9291,107.37141418457031,1.5893590443738503e-06,0.0005119215929880738,16.4722843170166,0.0003954803687520325,2.9998178482055664,0.15994612500071526
9292,116.4766845703125,2.1290361473802477e-06,0.0006027884082868695,16.55409812927246,0.0003943084739148617,3.0004360675811768,0.1615492919809185
9293,129.34902954101562,1.3970296777188196e-06,0.0007335814298130572,16.373798370361328,0.0003947739314753562,3.000927209854126,0.1658743749721907
9294,147.34426879882812,3.670566002256237e-06,0.0009128325036726892,16.2592716217041,0.0003943469491787255,3.001223087310791,0.160199583042413
9295,172.05438232421875,2.3651950868952554e-06,0.0011615295661613345,16.168420791625977,0.00039496482349932194,3.0013396739959717,0.1567459169891663
9296,206.06137084960938,4.276554136595223e-06,0.0014994331868365407,16.32166290283203,0.0003936873690690845,3.0012826919555664,0.16314729099394754
9297,252.81626892089844,1.648052148084389e-06,0.0019689768087118864,16.35500717163086,0.000393987720599398,3.0011327266693115,0.16167937498539686
9298,317.7149658203125,4.082814029970905e-06,0.002614855533465743,16.5553035736084,0.00039265817031264305,3.0008866786956787,0.16549083398422226
9299,407.1717529296875,1.7727552403812297e-06,0.003511197865009308,16.513147354125977,0.000393615395296365,3.000584363937378,0.1635726250242442
9300,530.0985107421875,7.494680176023394e-06,0.0047326162457466125,16.783227920532227,0.00039304193342104554,3.000145435333252,0.16260375001002103
9301,695.4899291992188,4.405957042763475e-06,0.006387862842530012,16.770761489868164,0.0003949229430872947,2.9995813369750977,0.15836958400905132
9302,913.6624755859375,1.3296476026880555e-05,0.008555318228900433,17.399864196777344,0.0003940118185710162,2.998863697052002,0.1456867079832591
9303,1190.557373046875,7.888404979894403e-06,0.011327482759952545,17.475833892822266,0.00039544428000226617,2.9980216026306152,0.14413733303081244
9304,1524.3294677734375,2.0339430193416774e-05,0.014642138034105301,18.51337242126465,0.000395683862734586,2.99709415435791,0.14639745804015547
9305,1897.311767578125,1.8397320673102513e-05,0.018371256068348885,18.64335060119629,0.00039703090442344546,2.9959816932678223,0.15241624996997416
9306,2250.59375,3.390057463548146e-05,0.021873699501156807,19.78270149230957,0.00040051087853498757,2.9948723316192627,0.15174562495667487
9307,2514.1953125,4.6141911298036575e-05,0.024495266377925873,20.000957489013672,0.00040053389966487885,2.9934580326080322,0.15727991698076949
9308,2553.3564453125,4.5107230107532814e-05,0.024871226400136948,20.833478927612305,0.0004088968853466213,2.992319345474243,0.1676464579650201
9309,2326.2861328125,7.109712896635756e-05,0.02257383242249489,21.599559783935547,0.00040193682070821524,2.9910359382629395,0.16172600002028048
9310,1797.082275390625,3.8781672628829256e-05,0.017276015132665634,23.571361541748047,0.00042031079647131264,2.9905436038970947,0.16576391697162762
9311,1132.04248046875,6.316567305475473e-05,0.010612078942358494,23.939966201782227,0.0004057806509081274,2.9904251098632812,0.1724461250123568
9312,512.8077392578125,3.057628418901004e-05,0.0044028265401721,26.60312843322754,0.0004286437761038542,2.991425037384033,0.1566728749894537
9313,141.85714721679688,4.1563263948773965e-05,0.0006932434625923634,26.285188674926758,0.0004209127801004797,2.9932804107666016,0.16390774998581037
9314,89.9913330078125,3.83153856091667e-05,0.00016657599189784378,26.749380111694336,0.0004275281389709562,2.9960153102874756,0.16620570799568668
9315,291.33050537109375,3.158442996209487e-05,0.0021633668802678585,27.487815856933594,0.0004434756119735539,2.999699115753174,0.1613558329991065
9316,589.279052734375,6.470504740718752e-05,0.005136426072567701,26.171842575073242,0.00042994116665795445,3.003629684448242,0.1634214999503456
9317,813.2832641601562,3.0342722311615944e-05,0.00735451141372323,28.29102897644043,0.000465067831100896,3.008333444595337,0.1475565840373747
9318,870.4353637695312,7.523665408371016e-05,0.007928532548248768,26.103878021240234,0.0004395450814627111,3.0128910541534424,0.15043358301045373
9319,738.6268310546875,2.74441008514259e-05,0.006610488053411245,27.50387954711914,0.00047329714288935065,3.0180187225341797,0.14942466595675796
9320,501.7361755371094,5.1622257160488516e-05,0.004270458593964577,24.8829288482666,0.0004464513040147722,3.023040533065796,0.1498296660138294
9321,259.3367614746094,2.584743924671784e-05,0.0018458012491464615,25.557968139648438,0.00046613934682682157,3.028324604034424,0.15663904196117073
9322,105.77793884277344,3.225929322070442e-05,0.0003307686420157552,24.2474308013916,0.00045227716327644885,3.0335137844085693,0.15218749997438863
9323,76.43712615966797,3.0180090107023716e-05,4.314273246563971e-05,23.977445602416992,0.0004512739833444357,3.038479804992676,0.1650624999892898
9324,149.19662475585938,2.6172092475462705e-05,0.0007718308479525149,24.07929801940918,0.00045317038893699646,3.043147087097168,0.16262466699117795
9325,265.6625671386719,3.48581415892113e-05,0.001957388361915946,22.810441970825195,0.0004362748877611011,3.0471184253692627,0.1651274170144461
9326,363.32781982421875,2.3499669623561203e-05,0.0029269945807754993,23.709871292114258,0.0004456849710550159,3.0505518913269043,0.1649434170103632
9327,405.014892578125,3.1639392545912415e-05,0.0033716477919369936,22.215566635131836,0.00042470605694688857,3.0530471801757812,0.1662829999695532
9328,380.4681701660156,1.956629057531245e-05,0.0031213166657835245,23.11702537536621,0.0004326283815316856,3.0548629760742188,0.15847725002095103
9329,309.35943603515625,2.325528475921601e-05,0.0024369428865611553,21.774120330810547,0.0004156548820901662,3.0557291507720947,0.1614687090041116
9330,219.0938720703125,1.5503770555369556e-05,0.0015359817771241069,22.093917846679688,0.00041851389687508345,3.0558691024780273,0.1637636250234209
9331,138.20713806152344,1.6009602404665202e-05,0.0007479023188352585,21.025110244750977,0.0004079083737451583,3.0551679134368896,0.15957849996630102
9332,83.95632934570312,1.2714845979644451e-05,0.00021133755217306316,20.887619018554688,0.0004066347610205412,3.0537545680999756,0.14549445797456428
9333,62.24090576171875,1.1762916983570904e-05,5.289562068355735e-06,20.340824127197266,0.0004019483458250761,3.051649808883667,0.14721475000260398
9334,69.13298034667969,1.1028591870854143e-05,8.218344737542793e-05,19.920682907104492,0.00039891098276712,3.0488991737365723,0.14906908303964883
9335,95.471435546875,9.956237590813544e-06,0.00034851854434236884,19.8332576751709,0.0003979069588240236,3.0456106662750244,0.14894049998838454
9336,131.0347442626953,9.896895790006965e-06,0.0007126110140234232,19.262165069580078,0.0003952178522013128,3.041790246963501,0.17731558304512873
9337,167.08767700195312,9.097304427996278e-06,0.0010718059493228793,19.48626136779785,0.00039511098293587565,3.037594795227051,0.15013066702522337
9338,198.29666137695312,8.593549864599481e-06,0.0013929973356425762,18.772911071777344,0.0003936466237064451,3.033029794692993,0.1382154999882914
9339,221.96568298339844,8.33689500723267e-06,0.001627301680855453,19.0919246673584,0.00039309903513640165,3.028266191482544,0.1644794579478912
9340,238.4930419921875,7.420456313411705e-06,0.001802140031941235,18.2659969329834,0.00039270988781936467,3.0233166217803955,0.16143529198598117
9341,248.8346710205078,7.757371349725872e-06,0.0019025683868676424,18.623064041137695,0.00039179029408842325,3.0183470249176025,0.15947087499080226
9342,255.38973999023438,6.470650987466797e-06,0.001977141946554184,17.80677032470703,0.00039221710176207125,3.013381242752075,0.1648919580038637
9343,259.7255554199219,7.030835149635095e-06,0.002017589285969734,18.145721435546875,0.00039117829874157906,3.008579730987549,0.15718654199736193
9344,264.2811279296875,5.487409907800611e-06,0.0020704164635390043,17.47850227355957,0.00039212245610542595,3.003969669342041,0.15604124998208135
9345,270.3821716308594,6.218140242708614e-06,0.0021287635900080204,17.7747859954834,0.00039109220961108804,2.9996933937072754,0.15311312500853091
9346,279.9146423339844,4.78641868539853e-06,0.00222950242459774,17.2557315826416,0.0003923003387171775,2.9957573413848877,0.15337895799893886
9347,293.79180908203125,5.812958988826722e-06,0.0023652594536542892,17.531957626342773,0.0003915260313078761,2.9922733306884766,0.15527241700328887
9348,313.74371337890625,4.613018063537311e-06,0.0025693124625831842,17.073030471801758,0.0003927812213078141,2.989211082458496,0.1530014169984497
9349,340.73980712890625,5.846346994076157e-06,0.0028349864296615124,17.413007736206055,0.00039243517676368356,2.9866604804992676,0.1501960419700481
9350,376.9879455566406,4.824310053663794e-06,0.0032014658208936453,16.999731063842773,0.0003935922868549824,2.984551429748535,0.1486809159978293
9351,423.73199462890625,6.178963303682394e-06,0.003662907751277089,17.474319458007812,0.00039349007420241833,2.982966661453247,0.1640065839746967
9352,483.96075439453125,5.561942089116201e-06,0.004268744494765997,17.078977584838867,0.00039451129850931466,2.9817864894866943,0.1688094999990426
9353,558.7564086914062,7.045066467981087e-06,0.005009088199585676,17.701642990112305,0.00039441464468836784,2.981102466583252,0.1567258330178447
9354,651.864990234375,7.313681635423563e-06,0.005942688323557377,17.347227096557617,0.00039517536060884595,2.98073148727417,0.16057925001950935
9355,761.957763671875,8.6702511907788e-06,0.007034605834633112,18.114912033081055,0.00039515274693258107,2.9808030128479004,0.1576340000028722
9356,891.8275756835938,1.0907783689617645e-05,0.00833438616245985,17.77324867248535,0.00039524989551864564,2.9810521602630615,0.16708708397345617
9357,1033.135498046875,1.1234614248678554e-05,0.009737369604408741,18.679882049560547,0.00039595196722075343,2.9816904067993164,0.16367941698990762
9358,1184.300048828125,1.739636172715109e-05,0.011247692629694939,18.30419921875,0.0003948696539737284,2.982353687286377,0.1628812089911662
9359,1320.7564697265625,1.451646676287055e-05,0.012603106908500195,19.26335334777832,0.0003973088169004768,2.983386516571045,0.15981158398790285
9360,1434.8719482421875,2.7253958251094446e-05,0.013738415203988552,18.865657806396484,0.0003943945048376918,2.9843122959136963,0.15820058301324025
9361,1485.8951416015625,1.7767248209565878e-05,0.014243473298847675,19.80846405029297,0.00039962673326954246,2.985642433166504,0.16077354102162644
9362,1470.2723388671875,3.765708243008703e-05,0.014077926054596901,19.343107223510742,0.0003937084402423352,2.9868123531341553,0.1595245839562267
9363,1351.91796875,1.9487799363560043e-05,0.012892399914562702,20.45713996887207,0.0004027207614853978,2.9884707927703857,0.15507891698507592
9364,1155.49072265625,4.174791683908552e-05,0.010921956039965153,19.81451416015625,0.0003930595121346414,2.9900412559509277,0.17179458297323436
9365,887.4996337890625,1.917489498737268e-05,0.008238869719207287,21.177227020263672,0.00040517968591302633,2.992175579071045,0.14975383301498368
9366,605.6516723632812,3.6569217627402395e-05,0.005423216614872217,20.27490234375,0.00039398184162564576,2.9943838119506836,0.14812837500358
9367,350.59552001953125,1.8633791114552878e-05,0.002867730800062418,21.420072555541992,0.0004053899319842458,2.9971227645874023,0.14869975001784042
9368,167.89244079589844,2.687812775548082e-05,0.001046758028678596,20.68065071105957,0.00039848178857937455,3.000080108642578,0.153259375016205
9369,75.82674407958984,1.9596885977080092e-05,0.0001230789057444781,21.097984313964844,0.00040461181197315454,3.003378391265869,0.3133592079975642
9370,70.91356658935547,1.890959538286552e-05,7.32481203158386e-05,21.022510528564453,0.0004067528643645346,3.0069305896759033,0.16427387500880286
9371,130.51858520507812,2.246364238089882e-05,0.0006706929998472333,20.633268356323242,0.00040569654083810747,3.0105197429656982,0.15918254101416096
9372,222.799560546875,1.4486505278910045e-05,0.0015865309396758676,21.143016815185547,0.0004155480128247291,3.0142838954925537,0.15821920800954103
9373,317.40936279296875,2.4762102839304134e-05,0.002540702698752284,20.078706741333008,0.00040784175507724285,3.017791271209717,0.16278587497072294
9374,388.68084716796875,1.2828167200495955e-05,0.0032461651135236025,20.761459350585938,0.00042020066757686436,3.021327018737793,0.16132083401316777
9375,425.55523681640625,2.4478184059262276e-05,0.003628990612924099,19.396095275878906,0.000408122839871794,3.0244081020355225,0.16141141700791195
9376,421.5649719238281,1.297374637942994e-05,0.0035812207497656345,20.228687286376953,0.0004191682965029031,3.027345895767212,0.16022891597822309
9377,385.3399658203125,2.2196069039637223e-05,0.003234412055462599,19.0428409576416,0.00040636330959387124,3.029726982116699,0.1636303340201266
9378,324.6715087890625,1.3485362615028862e-05,0.002619893290102482,19.909027099609375,0.00041424608207307756,3.031808853149414,0.14831454202067107
9379,255.25401306152344,1.863224861153867e-05,0.0019407366635277867,18.973766326904297,0.00040343357250094414,3.033306360244751,0.14724249998107553
9380,187.55416870117188,1.295056972594466e-05,0.0012606513919308782,19.46979522705078,0.00040724175050854683,3.0343971252441406,0.14773062500171363
9381,131.31304931640625,1.4605168871639762e-05,0.0007116757333278656,18.726036071777344,0.0003995891602244228,3.0349254608154297,0.1503359170164913
9382,90.8259048461914,1.1364446436346043e-05,0.00030877257813699543,18.816638946533203,0.000399955635657534,3.0349926948547363,0.15070125000784174
9383,67.2761001586914,1.108408559957752e-05,8.186819468392059e-05,18.387866973876953,0.0003959300520364195,3.0345492362976074,0.15432466595666483
9384,58.80168151855469,9.566306289343629e-06,9.106319112106576e-07,18.28863525390625,0.0003946535289287567,3.0336368083953857,0.16438887501135468
9385,62.225181579589844,8.317630999954417e-06,3.85415150958579e-05,18.188026428222656,0.00039351239684037864,3.0322964191436768,0.15814933297224343
9386,74.15400695800781,7.862645361456089e-06,0.00016272440552711487,17.916006088256836,0.00039179297164082527,3.0305309295654297,0.1696113750222139
9387,91.81706237792969,6.472773748100735e-06,0.0003406232863198966,17.911569595336914,0.00039195886347442865,3.028444528579712,0.1614159169839695
9388,113.53071594238281,6.597106676053954e-06,0.0005641052848659456,17.42966079711914,0.0003903080942109227,3.026015043258667,0.16293958300957456
9389,138.39060974121094,5.598268216999713e-06,0.0008125943713821471,17.497119903564453,0.0003907422360498458,3.0233778953552246,0.16978370799915865
9390,166.78160095214844,6.0144279814267065e-06,0.0011028116568922997,16.931331634521484,0.00038967662840150297,3.020490884780884,0.1663897079997696
9391,199.5673065185547,5.567566404351965e-06,0.0014281877083703876,17.187335968017578,0.0003900443552993238,3.0174992084503174,0.16219058400020003
9392,239.09840393066406,5.843753115186701e-06,0.001829091808758676,16.623857498168945,0.00038980983663350344,3.0143518447875977,0.16767187498044223
9393,287.7206726074219,5.9563908507698216e-06,0.002310686046257615,17.0698184967041,0.0003898659779224545,3.0111968517303467,0.146461249969434
9394,350.5313415527344,5.944177246419713e-06,0.002944084582850337,16.493478775024414,0.0003903500037267804,3.0079729557037354,0.1481302089523524
9395,432.71051025390625,6.7551154643297195e-06,0.003759434213861823,17.1038761138916,0.0003898771828971803,3.0048317909240723,0.14537029201164842
9396,543.852783203125,6.688665962428786e-06,0.0048749386332929134,16.58544921875,0.0003910462837666273,3.0016860961914062,0.14751095802057534
9397,692.9510498046875,8.407951099798083e-06,0.006356175057590008,17.469358444213867,0.00039023402496241033,2.9987051486968994,0.15422587498323992
9398,896.4163818359375,8.99905262485845e-06,0.008391509763896465,17.13322639465332,0.000392322544939816,2.9957492351531982,0.15542495902627707
9399,1166.26025390625,1.1810800970124546e-05,0.011074927635490894,18.40593147277832,0.00039180481689982116,2.993037462234497,0.16195700003299862
9400,1523.7841796875,1.571665779920295e-05,0.01464464794844389,18.24462890625,0.0003950303653255105,2.9903171062469482,0.15959162497892976
9401,1964.1790771484375,1.9222949049435556e-05,0.01902785152196884,19.878190994262695,0.0003959356399718672,2.9879202842712402,0.16107450000708923
9402,2488.958740234375,3.487785215838812e-05,0.02425643987953663,19.805885314941406,0.0004002108471468091,2.9853837490081787,0.16572925000218675
9403,3010.828857421875,3.230670699849725e-05,0.029456088319420815,21.53956413269043,0.0004044962697662413,2.9833033084869385,0.1611737500061281
9404,3464.201416015625,7.627837476320565e-05,0.0339416041970253,21.645797729492188,0.00040767452446743846,2.9809274673461914,0.16030762501759455
9405,3622.197509765625,4.53060056315735e-05,0.03552287444472313,23.460756301879883,0.0004191904445178807,2.9793105125427246,0.16908245801459998
9406,3421.533935546875,0.00011729374091373757,0.0334479883313179,23.6927547454834,0.00041312864050269127,2.9775187969207764,0.16786508302902803
9407,2732.4501953125,4.658184479922056e-05,0.02656685933470726,27.33194351196289,0.0004377384320832789,2.9769601821899414,0.16099362500244752
9408,1782.1693115234375,0.00010179112723562866,0.017036961391568184,26.610260009765625,0.0004168378945905715,2.9768593311309814,0.15074408298823982
9409,828.9464111328125,3.897344140568748e-05,0.0074952770955860615,30.852575302124023,0.0004466875980142504,2.97831654548645,0.148413208022248
9410,216.9158172607422,5.6838827731553465e-05,0.0013909869594499469,29.143775939941406,0.0004298945714253932,2.980923891067505,0.14665333298034966
9411,91.62026977539062,4.487295154831372e-05,0.0001391652476741001,29.529457092285156,0.00043686991557478905,2.984790802001953,0.1488805409753695
9412,374.1731262207031,3.405483948881738e-05,0.00294704781845212,30.5141544342041,0.00045548705384135246,2.9899861812591553,0.14704487496055663
9413,825.8228759765625,8.252530096797273e-05,0.007451026234775782,28.826337814331055,0.00043641432421281934,2.995537757873535,0.15653654100606218
9414,1171.680908203125,3.3840216929093e-05,0.010874367319047451,32.32720947265625,0.000485329917864874,3.0021138191223145,0.15389708400471136
9415,1255.151123046875,0.0001027024190989323,0.011702999472618103,29.420326232910156,0.00045160664012655616,3.008451461791992,0.16075095802079886
9416,1035.6541748046875,3.279230440966785e-05,0.009519684128463268,30.83526611328125,0.0004957127384841442,3.015486717224121,0.15742312499787658
9417,655.8975219726562,6.245143595151603e-05,0.0057655456475913525,27.099580764770508,0.00045998248970136046,3.022406578063965,0.16058691596845165
9418,290.36724853515625,2.997741466970183e-05,0.0021116924472153187,27.75035858154297,0.0004844987706746906,3.029630422592163,0.1581454169936478
9419,94.65003967285156,3.441334774834104e-05,0.00017559707339387387,26.69420051574707,0.00046954795834608376,3.0367844104766846,0.158536541974172
9420,110.38999938964844,3.699940498336218e-05,0.00033806715509854257,26.382125854492188,0.0004650121845770627,3.043590545654297,0.1854088749969378
9421,271.1728210449219,3.3424727007513866e-05,0.0019368418725207448,26.887189865112305,0.0004725896578747779,3.049945831298828,0.1644050000468269
9422,456.87347412109375,4.662579158321023e-05,0.0038249888457357883,25.036434173583984,0.00044675584649667144,3.05531907081604,0.16372491599759087
9423,560.8704833984375,3.5563381970860064e-05,0.004851030185818672,26.023555755615234,0.0004618754901457578,3.059854745864868,0.15735541697358713
9424,543.7855224609375,3.9958220440894365e-05,0.004721289034932852,24.302288055419922,0.0004335849080234766,3.063178539276123,0.14703849999932572
9425,426.2882995605469,2.6771931516123004e-05,0.0035411412827670574,25.123510360717773,0.0004437348688952625,3.065558433532715,0.14821712498087436
9426,271.91510009765625,2.4073502572719008e-05,0.0020324811339378357,23.88679313659668,0.00042372860480099916,3.066838264465332,0.14458454202394933
9427,141.86488342285156,1.8245265891891904e-05,0.0007365548517554998,23.813810348510742,0.0004257105465512723,3.067176580429077,0.15381837502354756
9428,73.87865447998047,1.62220821948722e-05,7.491232099710032e-05,23.12242317199707,0.0004164279089309275,3.0665509700775146,0.15520795801421627
9429,73.44694519042969,1.5193666513368953e-05,8.135557436617091e-05,22.604110717773438,0.00041187909664586186,3.064990997314453,0.15955379203660414
9430,122.31654357910156,1.4620207366533577e-05,0.0005746698589064181,22.317995071411133,0.00041069547296501696,3.0625815391540527,0.16297083301469684
9431,192.25521850585938,1.3761680747848004e-05,0.0012884759344160557,21.655609130859375,0.00040375831304118037,3.059330463409424,0.16275866597425193
9432,256.987548828125,1.4266834114096127e-05,0.0019318610429763794,21.81493377685547,0.0004055981116835028,3.055396318435669,0.16515062499092892
9433,299.3733215332031,1.2063686881447211e-05,0.002371966140344739,20.998870849609375,0.0003997145686298609,3.050818681716919,0.16584495804272592
9434,312.72479248046875,1.4247029866965022e-05,0.0024991726968437433,21.243743896484375,0.00040139106567949057,3.0457546710968018,0.16688237496418878
9435,299.5879211425781,1.070947473635897e-05,0.002385804196819663,20.2251033782959,0.0003971146361436695,3.040290117263794,0.16306920803617686
9436,267.2019958496094,1.3053733709966764e-05,0.002057851292192936,20.329092025756836,0.0003978242166340351,3.034574508666992,0.16340458299964666
9437,224.6985321044922,9.239521205017809e-06,0.0016498269978910685,19.333189010620117,0.00039458696846850216,3.0287227630615234,0.16748500004177913
9438,180.3257293701172,1.0602073416521307e-05,0.001205747714266181,19.24007225036621,0.0003945068456232548,3.022881269454956,0.16143524996005
9439,140.26979064941406,7.333683242904954e-06,0.0008175564580596983,18.552000045776367,0.00039228779496625066,3.017174243927002,0.1483307919697836
9440,107.83032989501953,7.857966011215467e-06,0.0004943968378938735,18.391727447509766,0.00039213127456605434,3.0117244720458984,0.14438791701104492
9441,84.1173095703125,5.770213192590745e-06,0.00026346277445554733,18.07756805419922,0.0003911644744221121,3.00663161277771,0.14386212499812245
9442,68.6626205444336,5.714508915843908e-06,0.00011067251762142405,17.905683517456055,0.00039118234417401254,3.001981496810913,0.1473522920277901
9443,60.162593841552734,4.6360901251318865e-06,2.9129774702596478e-05,17.674453735351562,0.00039111555088311434,2.997835397720337,0.15351241698954254
9444,57.06291198730469,4.258577064319979e-06,4.605773256116663e-07,17.438201904296875,0.0003915279230568558,2.994235038757324,0.153247874986846
9445,58.03009033203125,3.819821358774789e-06,1.2279117072466761e-05,17.203956604003906,0.00039216241566464305,2.9912052154541016,0.15346225001849234
9446,62.01743698120117,3.1970159852789948e-06,5.4434622143162414e-05,16.955787658691406,0.00039298483170568943,2.9887497425079346,0.1684602919849567
9447,68.35382080078125,3.4441800380591303e-06,0.00011840538354590535,16.7485408782959,0.00039420323446393013,2.986846923828125,0.16472949995659292
9448,76.85518646240234,2.60029833043518e-06,0.00020536340889520943,16.534013748168945,0.0003952480328734964,2.9854722023010254,0.15906058298423886
9449,87.7363052368164,3.2535349419049453e-06,0.00031347418553195894,16.43828773498535,0.00039625243516638875,2.9845731258392334,0.16380958404624835
9450,101.67998504638672,2.0569495973177254e-06,0.0004549230798147619,16.269914627075195,0.00039712066063657403,2.984113931655884,0.16610049997689202
9451,119.94633483886719,3.135712859148043e-06,0.0006364712025970221,16.26120948791504,0.00039724435191601515,2.984015941619873,0.16526391700608656
9452,144.51797485351562,1.6224422552113538e-06,0.0008843881660141051,16.149932861328125,0.0003976697917096317,2.9842422008514404,0.17172149999532849
9453,178.57093811035156,3.368058287378517e-06,0.0012227039551362395,16.27349853515625,0.00039690235280431807,2.9846909046173096,0.1669920000131242
9454,226.59083557128906,1.4551085314451484e-06,0.001704631489701569,16.2523250579834,0.0003972986014559865,2.9853336811065674,0.15410470799542964
9455,295.5752258300781,4.177051778242458e-06,0.0023901616223156452,16.549148559570312,0.00039592216489836574,2.9860610961914062,0.15114462503697723
9456,394.8684387207031,1.5011960385891143e-06,0.0033836194779723883,16.67341423034668,0.0003968297387473285,2.986868143081665,0.14939754200167954
9457,539.1527099609375,6.193195076775737e-06,0.004818206652998924,17.20709991455078,0.000395056267734617,2.9876344203948975,0.14555491699138656
9458,746.2395629882812,2.441890501359012e-06,0.0068875267170369625,17.507871627807617,0.00039734822348691523,2.988358974456787,0.15714362502330914
9459,1041.166748046875,1.1520097359607462e-05,0.009819438681006432,18.538789749145508,0.00039532012306153774,2.988919734954834,0.15305679105222225
9460,1446.4827880859375,6.8871231633238494e-06,0.01386970654129982,18.843244552612305,0.00039980150177143514,2.989269495010376,0.3395917500020005
9461,1977.467041015625,2.3951413822942413e-05,0.019146794453263283,20.582191467285156,0.000398103438783437,2.9893624782562256,0.16097916703438386
9462,2620.366943359375,2.505959309928585e-05,0.0255671925842762,20.609745025634766,0.0004053208394907415,2.988985538482666,0.16711112495977432
9463,3282.132080078125,4.4079537474317476e-05,0.032146889716386795,22.514585494995117,0.00040520448237657547,2.988429307937622,0.16479033301584423
9464,3831.154052734375,7.746780465822667e-05,0.037596605718135834,22.38526725769043,0.00041361298644915223,2.9871280193328857,0.1636980419862084
9465,3970.450927734375,5.659822272718884e-05,0.03899174556136131,23.694820404052734,0.00041921527008526027,2.9861245155334473,0.16071041603572667
9466,3601.43994140625,0.00013133038009982556,0.03522177040576935,24.376754760742188,0.00041753199184313416,2.9845683574676514,0.16271820798283443
9467,2632.5283203125,4.741214434034191e-05,0.025549203157424927,28.7310733795166,0.0004413575225044042,2.984109878540039,0.1618938340106979
9468,1452.5277099609375,0.00010073788143927231,0.013712437823414803,28.898775100708008,0.0004231138154864311,2.9840633869171143,0.16013750003185123
9469,479.20306396484375,3.8771278923377395e-05,0.00395634351298213,34.171932220458984,0.00045519653940573335,2.985560178756714,0.14641183300409466
9470,86.57626342773438,5.270449400995858e-05,3.4192718885606155e-05,32.98149108886719,0.0004490504798013717,2.988327980041504,0.14715420897118747
9471,300.0361328125,6.632216536672786e-05,0.00216773827560246,31.941511154174805,0.0004468857077881694,2.992095708847046,0.14570354198804125
9472,841.9344482421875,3.727036892087199e-05,0.0075471969321370125,34.76396179199219,0.00048723744112066925,2.99729061126709,0.15081995801301673
9473,1334.78564453125,0.00013550237054005265,0.012441534548997879,31.474103927612305,0.0004560773668345064,3.002448081970215,0.16980845900252461
9474,1473.1717529296875,4.018007166450843e-05,0.013814670965075493,35.724369049072266,0.0005196224083192647,3.008756160736084,0.15931441698921844
9475,1229.1634521484375,0.00012307097495067865,0.011381367221474648,31.180950164794922,0.00047538644867017865,3.0148520469665527,0.162213416013401
9476,739.0269165039062,3.565514998626895e-05,0.006501668598502874,33.03266906738281,0.0005226191133260727,3.0218136310577393,0.16095499997027218
9477,291.3260498046875,5.56835911993403e-05,0.002071631606668234,29.421184539794922,0.0004917335463687778,3.028973340988159,0.15736258396646008
9478,88.01853942871094,3.8777219742769375e-05,4.166169310337864e-05,29.616003036499023,0.000503586488775909,3.036397695541382,0.16189750004559755
9479,169.5088348388672,3.556764932000078e-05,0.0008547761826775968,29.867656707763672,0.000506067939568311,3.043889045715332,0.16621595801552758
9480,410.5186462402344,5.868338485015556e-05,0.003289245767518878,27.726655960083008,0.0004799905000254512,3.050748586654663,0.16524729202501476
9481,621.4696655273438,4.331437958171591e-05,0.005376771092414856,29.310260772705078,0.0005015088827349246,3.0570976734161377,0.1587072919937782
9482,674.4947509765625,6.323390698526055e-05,0.0059536839835345745,26.5339298248291,0.0004626904847100377,3.062279462814331,0.17312862497055903
9483,550.6889038085938,3.819225821644068e-05,0.004710532259196043,27.923934936523438,0.00047892489237710834,3.066640853881836,0.17113854200579226
9484,340.5848083496094,3.671931699500419e-05,0.002660835860297084,25.949689865112305,0.00044879617053084075,3.0699000358581543,0.14778954099165276
9485,156.16172790527344,2.3229422367876396e-05,0.0008263398776762187,26.126506805419922,0.0004507829435169697,3.0722622871398926,0.1477314590010792
9486,73.33248901367188,1.9997873096144758e-05,2.2984737370279618e-05,25.3501033782959,0.00043684119009412825,3.0736331939697266,0.1478050000150688
9487,100.959716796875,2.0413690435816534e-05,0.0003138499741908163,24.78471565246582,0.0004274863167665899,3.073901653289795,0.1468295000377111
9488,197.04495239257812,2.0877885617665015e-05,0.001274947077035904,24.80061912536621,0.00042661846964620054,3.073079824447632,0.15630533400690183
9489,301.59954833984375,2.2153404643177055e-05,0.002341237384825945,23.899211883544922,0.0004136127536185086,3.0710465908050537,0.1681803329847753
9490,366.6575622558594,2.0976591258659028e-05,0.002986929612234235,24.195465087890625,0.0004167147562839091,3.068002700805664,0.15343862504232675
9491,372.59039306640625,1.698710912023671e-05,0.0030727949924767017,23.01980972290039,0.0004059236089233309,3.063987970352173,0.1643495830358006
9492,325.7091369628906,1.6517740732524544e-05,0.002602094318717718,23.081214904785156,0.0004076673649251461,3.0592432022094727,0.15958362503442913
9493,248.93606567382812,1.256735049537383e-05,0.0018579696770757437,21.78972053527832,0.0004009264812339097,3.053867816925049,0.1604908340377733
9494,168.32369995117188,1.417063958797371e-05,0.0010532088344916701,21.471906661987305,0.0004011384444311261,3.0480198860168457,0.1604620839934796
9495,104.72848510742188,1.14167496576556e-05,0.0004333591496106237,20.515213012695312,0.0003973568673245609,3.041823625564575,0.1609979160130024
9496,68.54480743408203,1.1070199434470851e-05,7.702565926592797e-05,20.114850997924805,0.0003962037153542042,3.035430431365967,0.1606111660366878
9497,60.545066833496094,9.340165888716001e-06,5.521811544895172e-06,19.6104679107666,0.0003944840282201767,3.0289852619171143,0.16168529202695936
9498,74.79719543457031,7.5361840572441e-06,0.0001553524489281699,19.193212509155273,0.0003931511892005801,3.0226235389709473,0.166945917007979
9499,102.74755859375,7.698384251852985e-06,0.00043606830877251923,19.053739547729492,0.00039317147457040846,3.016462802886963,0.15769829199416563
9500,136.44265747070312,5.609555955743417e-06,0.0007785951602272689,18.74928855895996,0.00039272886351682246,3.010599374771118,0.14807233394822106
9501,169.91456604003906,7.383483080047881e-06,0.001111418940126896,18.67940902709961,0.0003935491549782455,3.0051028728485107,0.14753841602941975
9502,199.8140869140625,4.41421843788703e-06,0.0014155296375975013,18.47186279296875,0.00039347843267023563,3.0000650882720947,0.15598904201760888
9503,224.98622131347656,6.5521739998075645e-06,0.0016649978933855891,18.385234832763672,0.0003944598138332367,2.995532274246216,0.1552244999911636
9504,245.6895294189453,3.2673110581527e-06,0.0018784354906529188,18.07241439819336,0.0003944682830478996,2.9915823936462402,0.14971516700461507
9505,263.01495361328125,6.20269202045165e-06,0.0020478698424994946,17.98941993713379,0.0003961828479077667,2.988203525543213,0.15481616702163592
9506,277.8452453613281,3.0976209473010385e-06,0.0022024542558938265,17.63878631591797,0.00039651268161833286,2.9854373931884766,0.1641783340019174
9507,291.57476806640625,6.747372026438825e-06,0.0023341826163232327,17.65711784362793,0.0003982463385909796,2.9832253456115723,0.16162341699237004
9508,304.8812561035156,3.284572130723973e-06,0.0024731620214879513,17.383827209472656,0.0003985274233855307,2.98159122467041,0.15783766598906368
9509,318.95123291015625,6.623465196753386e-06,0.0026088973972946405,17.498973846435547,0.00039900169940665364,2.980475425720215,0.16115629201522097
9510,334.23748779296875,3.0678997973154765e-06,0.0027678916230797768,17.289560317993164,0.00039851985638961196,2.9798808097839355,0.15513629198540002
9511,351.6742248535156,6.372172720148228e-06,0.002938136924058199,17.415088653564453,0.0003980822511948645,2.9797346591949463,0.16704745800234377
9512,371.41778564453125,3.55433689946949e-06,0.00314092799089849,17.272171020507812,0.0003969737736042589,2.9799859523773193,0.16051166702527553
9513,393.9692077636719,6.913427114341175e-06,0.003361715003848076,17.47479248046875,0.0003963155613746494,2.980576753616333,0.16394695895723999
9514,418.9798278808594,4.4244929995329585e-06,0.0036164915654808283,17.40780258178711,0.0003948041994590312,2.9814305305480957,0.16555633302778006
9515,445.5722351074219,7.210561307147145e-06,0.003878241404891014,17.59384536743164,0.00039433196070604026,2.9825425148010254,0.14838370797224343
9516,473.03216552734375,5.197842256166041e-06,0.004156218841671944,17.619430541992188,0.0003927107318304479,2.983814239501953,0.14549591700779274
9517,499.45574951171875,7.662043572054245e-06,0.004416679963469505,17.737083435058594,0.0003928444057237357,2.985280990600586,0.14598804200068116
9518,523.3836669921875,6.9250295382516924e-06,0.004658624064177275,17.6840763092041,0.00039144654874689877,2.9867923259735107,0.14764029195066541
9519,540.9931030273438,8.96082929102704e-06,0.0048309750854969025,17.756685256958008,0.0003924285410903394,2.9884283542633057,0.15863641700707376
9520,551.314453125,9.316136129200459e-06,0.004936758894473314,17.62803077697754,0.0003907893842551857,2.9900057315826416,0.15187179204076529
9521,549.827392578125,9.898020834953059e-06,0.004917680751532316,17.81114959716797,0.0003925837518181652,2.991671562194824,0.15735591697739437
9522,537.0903930664062,1.1208258001715876e-05,0.004793464206159115,17.60149383544922,0.00039021624252200127,2.9932236671447754,0.16079633304616436
9523,509.82489013671875,1.0007459422922693e-05,0.004516505636274815,17.898576736450195,0.0003927501093130559,2.9948654174804688,0.15756316599436104
9524,471.1701354980469,1.244509439857211e-05,0.004133930429816246,17.56378746032715,0.0003896881826221943,2.996373414993286,0.1641597919515334
9525,420.91571044921875,9.889021384879015e-06,0.003627841593697667,17.86439323425293,0.0003927829093299806,2.997976303100586,0.1630087909870781
9526,364.91302490234375,1.2765905921696685e-05,0.0030718301422894,17.524333953857422,0.0003892910317517817,2.999451160430908,0.16270845796680078
9527,305.0929870605469,9.26454049476888e-06,0.002470471430569887,17.85287094116211,0.0003926651843357831,3.0010249614715576,0.1620030839694664
9528,247.20138549804688,1.169147617474664e-05,0.001895804307423532,17.52558135986328,0.0003892623935826123,3.002500057220459,0.15057083399733528
9529,193.88790893554688,8.421783604717348e-06,0.0013597575016319752,17.807748794555664,0.000392622227082029,3.004058837890625,0.161921999999322
9530,148.69949340820312,1.0252557331114076e-05,0.0009120258619077504,17.468387603759766,0.00039003274287097156,3.0055360794067383,0.1555900420062244
9531,112.63248443603516,8.086165507847909e-06,0.0005494561046361923,17.598936080932617,0.0003927932120859623,3.0070388317108154,0.14665879198582843
9532,86.35237121582031,9.048112588061485e-06,0.0002901752304751426,17.295434951782227,0.0003913459659088403,3.008450746536255,0.1464839590480551
9533,69.17109680175781,7.700037713220809e-06,0.00011805540998466313,17.30207633972168,0.00039293471490964293,3.0098142623901367,0.14706291700713336
9534,59.9025993347168,7.711620128247887e-06,2.7921405489905737e-05,17.0939998626709,0.0003924529592040926,3.0110673904418945,0.15846533299190924
9535,56.98068618774414,7.15720261723618e-06,6.5904401935767964e-09,16.987565994262695,0.00039276742609217763,3.0121939182281494,0.15269612503470853
9536,58.840118408203125,6.743966423528036e-06,2.0057623260072432e-05,16.87347412109375,0.0003928648366127163,3.0131711959838867,0.1710916250012815
9537,64.12055206298828,6.7926575866295025e-06,7.560728408861905e-05,16.666730880737305,0.00039213825948536396,3.0139408111572266,0.15192366699920967
9538,71.80747985839844,6.087444489821792e-06,0.00015296357742045075,16.659095764160156,0.0003924327902495861,3.0145180225372314,0.1502928749541752
9539,81.3382568359375,6.223789569048677e-06,0.00025208696024492383,16.403593063354492,0.00039103589369915426,3.014832019805908,0.15273966698441654
9540,92.48521423339844,5.363846867112443e-06,0.0003632705775089562,16.49169158935547,0.0003913008258678019,3.0149340629577637,0.15045050001936033
9541,105.50180053710938,5.517050340131391e-06,0.0004978167125955224,16.200061798095703,0.0003896837297361344,3.014749765396118,0.15513174998341128
9542,120.92686462402344,4.800251190317795e-06,0.0006510862149298191,16.348106384277344,0.0003899010771419853,3.014355182647705,0.15772587503306568
9543,140.00460815429688,5.03712180943694e-06,0.0008463209960609674,16.017488479614258,0.00038851311546750367,3.0136704444885254,0.16046483296668157
9544,164.20663452148438,4.5828551265003625e-06,0.00108668755274266,16.212371826171875,0.0003886721679009497,3.0127928256988525,0.16031062498223037
9545,196.38124084472656,4.768960479850648e-06,0.0014126247260719538,15.864944458007812,0.00038776936708018184,3.011641502380371,0.17641458299476653
9546,239.6313934326172,4.590514436131343e-06,0.0018424123991280794,16.148855209350586,0.0003878225979860872,3.0103390216827393,0.15116966603090987
9547,299.6665954589844,4.8052147576527204e-06,0.0024463911540806293,15.778430938720703,0.0003876852279063314,3.008793830871582,0.14808441698551178
9548,383.0703430175781,5.155530743650161e-06,0.0032760638277977705,16.189945220947266,0.00038758449954912066,3.0071520805358887,0.1470967089990154
9549,501.91363525390625,5.610120751953218e-06,0.004466620739549398,15.838521957397461,0.00038852018769830465,3.0052950382232666,0.14997841703006998
9550,668.5404052734375,6.887436029501259e-06,0.0061257947236299515,16.45880126953125,0.0003881338925566524,3.0034000873565674,0.1645179169718176
9551,906.0384521484375,8.231218089349568e-06,0.008499088697135448,16.251466751098633,0.0003905501216650009,3.001291275024414,0.17328899999847636
9552,1233.2186279296875,1.1046414329030085e-05,0.011759216897189617,17.197092056274414,0.00038995229988358915,2.999204397201538,0.16273462504614145
9553,1684.3297119140625,1.6208161468966864e-05,0.01625896990299225,17.35272789001465,0.00039459066465497017,2.9968419075012207,0.30142270802753046
9554,2259.1005859375,2.0977682652301155e-05,0.02198951132595539,18.582298278808594,0.0003946955257561058,2.9945666790008545,0.17024374997708946
9555,2969.10498046875,4.072445153724402e-05,0.029052583500742912,19.530424118041992,0.0004024354857392609,2.99184513092041,0.1694098329753615
9556,3691.790771484375,4.045862806378864e-05,0.03626437485218048,20.745052337646484,0.0004056215693708509,2.989354372024536,0.16492595901945606
9557,4324.462890625,9.906739433063194e-05,0.04250354692339897,22.778274536132812,0.0004142329271417111,2.986224889755249,0.16171491699060425
9558,4514.8193359375,6.179748015711084e-05,0.0444147028028965,24.491308212280273,0.0004267811600584537,2.9837260246276855,0.16060216701589525
9559,4153.71142578125,0.0001559369411552325,0.04069509357213974,26.338136672973633,0.0004227002791594714,2.980822801589966,0.16730533295776695
9560,3095.72998046875,6.378681428031996e-05,0.03012453019618988,31.367656707763672,0.00045530637726187706,2.979231357574463,0.15406908397562802
9561,1751.7392578125,0.00012090904056094587,0.016656983643770218,30.881919860839844,0.0004306799382902682,2.978240728378296,0.14989758300362155
9562,599.5341796875,4.8445395805174485e-05,0.005121877882629633,35.76032638549805,0.00046741499681957066,2.9790728092193604,0.14650154201081023
9563,95.6875,5.672205224982463e-05,0.00010613995254971087,33.89902877807617,0.0004550226731225848,2.9814910888671875,0.14697549998527393
9564,300.86285400390625,6.186028622323647e-05,0.0021666395477950573,32.907615661621094,0.0004510525322984904,2.9852867126464844,0.15457220800453797
9565,911.5665283203125,3.938532609026879e-05,0.00822294969111681,35.92477798461914,0.0004940821090713143,2.990762233734131,0.15043162496294826
9566,1487.104248046875,0.00013738777488470078,0.01393895037472248,33.58039093017578,0.0004588999436236918,2.9963693618774414,0.1530207499745302
9567,1659.6673583984375,5.048600723966956e-05,0.015631496906280518,38.62982940673828,0.0005283918580971658,3.003188133239746,0.16661333304364234
9568,1377.65966796875,0.00013370993838179857,0.01282864436507225,33.35975646972656,0.00048064603470265865,3.0098350048065186,0.1636790829943493
9569,807.6035766601562,4.192680353298783e-05,0.007166517432779074,33.96728515625,0.0005279188044369221,3.0174155235290527,0.16235141700599343
9570,296.5074157714844,5.044281715527177e-05,0.002114388393238187,30.510543823242188,0.0004951375303789973,3.025388240814209,0.16339379199780524
9571,85.94660949707031,3.580478733056225e-05,1.0591983482299838e-05,30.72463607788086,0.0005058229435235262,3.0337607860565186,0.16583458299282938
9572,209.83282470703125,3.5351142287254333e-05,0.0012414666125550866,31.16522789001465,0.0005098583060316741,3.042263984680176,0.15969245799351484
9573,501.9259338378906,6.232903251657262e-05,0.004189562518149614,28.86149024963379,0.00047875315067358315,3.050086259841919,0.16465062502538785
9574,730.55029296875,5.716914529330097e-05,0.006443396210670471,30.120702743530273,0.0005037301452830434,3.0572080612182617,0.16380591603228822
9575,753.210205078125,7.187927258200943e-05,0.006725899409502745,27.31524658203125,0.00046117097372189164,3.0630252361297607,0.16029962501488626
9576,574.62548828125,4.648588947020471e-05,0.004935552831739187,28.469877243041992,0.00047951709711924195,3.0678787231445312,0.1465076669701375
9577,321.070556640625,3.422130612307228e-05,0.002457122318446636,27.05474281311035,0.00044881447684019804,3.0716421604156494,0.14499574998626485
9578,129.46128845214844,2.2725431335857138e-05,0.0005496014491654932,27.090608596801758,0.00045137995039112866,3.0744705200195312,0.14621108304709196
9579,73.23230743408203,2.0435780243133195e-05,8.455720490019303e-06,26.36717414855957,0.00043975983862765133,3.0762510299682617,0.14529037498869002
9580,141.7304229736328,2.326160938537214e-05,0.0007090513245202601,25.60578155517578,0.0004289333592168987,3.076795816421509,0.15522262500599027
9581,269.7655029296875,2.6349249310442246e-05,0.001984240720048547,25.526288986206055,0.0004318022693041712,3.076098918914795,0.15823741699568927
9582,382.4429931640625,2.462467091390863e-05,0.0031367470510303974,24.65397071838379,0.00041651842184364796,3.0740935802459717,0.15858329203911126
9583,431.4112243652344,2.285005757585168e-05,0.00362088019028306,24.823965072631836,0.000422142242314294,3.071030616760254,0.16255133401136845
9584,406.23419189453125,1.53030596266035e-05,0.0034018673468381166,23.646326065063477,0.00040870820521377027,3.067033052444458,0.15955350000876933
9585,326.9542236328125,1.7036276403814554e-05,0.0026047341525554657,23.540103912353516,0.0004123709804844111,3.0622990131378174,0.1575368749909103
9586,226.91561889648438,1.3309519999893382e-05,0.001629745471291244,22.216171264648438,0.00040393960080109537,3.0569283962249756,0.16519574995618314
9587,138.00408935546875,1.6163079635589384e-05,0.0007414417923428118,21.768539428710938,0.00040475057903677225,3.0510435104370117,0.1647793339798227
9588,80.82382202148438,1.304985835304251e-05,0.00018560558964964002,20.947551727294922,0.0004001072666142136,3.0447914600372314,0.1601363749941811
9589,61.526214599609375,1.1526572052389383e-05,3.112745616817847e-08,20.5512752532959,0.0003981917107012123,3.038339853286743,0.16753733303630725
9590,74.59037780761719,1.006372804113198e-05,0.00013718106492888182,20.21380615234375,0.00039652097621001303,3.031846523284912,0.16217716701794416
9591,108.5220947265625,7.76401338953292e-06,0.0004858093161601573,19.772567749023438,0.0003939220041502267,3.0254406929016113,0.15250700002070516
9592,151.091064453125,9.88564806903014e-06,0.0009101979667320848,19.59633445739746,0.00039486357127316296,3.019200325012207,0.14815112500218675
9593,192.69525146484375,7.147000815166393e-06,0.001333144842647016,19.3513240814209,0.0003931474348064512,3.01322078704834,0.14528958301525563
9594,227.40948486328125,9.960000170394778e-06,0.0016772394301369786,19.217453002929688,0.0003947209916077554,3.0075759887695312,0.14716537500498816
9595,252.67330932617188,5.1617580538732e-06,0.0019379438599571586,19.069189071655273,0.00039293564623221755,3.0024049282073975,0.15372295799897984
9596,268.96728515625,7.786617061356083e-06,0.00209845625795424,18.848793029785156,0.0003949420352000743,2.997763156890869,0.1570575829828158
9597,277.3747863769531,3.7166157653700793e-06,0.002190888859331608,18.552520751953125,0.0003936172288376838,2.9937469959259033,0.1585722080199048
9598,280.10906982421875,7.649839972145855e-06,0.002214061329141259,18.275388717651367,0.0003966257499996573,2.990321397781372,0.16000029200222343
9599,278.43621826171875,4.2662068153731525e-06,0.00220488291233778,17.907894134521484,0.0003961341571994126,2.987522602081299,0.1546687919762917
9600,274.3507385253906,8.118401638057549e-06,0.0021589333191514015,17.788175582885742,0.0003985739895142615,2.985297441482544,0.1551288339542225
9601,268.6116638183594,3.925148575945059e-06,0.002108483575284481,17.59317970275879,0.00039777610800229013,2.983689785003662,0.1624653339968063
9602,262.4957580566406,6.521390787384007e-06,0.002043524058535695,17.62017250061035,0.0003987102536484599,2.9826536178588867,0.16300245799357072
9603,256.39495849609375,3.3451258332206635e-06,0.001988958800211549,17.434814453125,0.0003972975246142596,2.9821746349334717,0.158315125037916
9604,251.31475830078125,6.180148830026155e-06,0.001935572479851544,17.391223907470703,0.0003974827704951167,2.9821646213531494,0.1576227080076933
9605,247.4438934326172,3.9765664041624404e-06,0.0019019756000488997,17.27646255493164,0.0003957221924792975,2.982553720474243,0.16013979201670736
9606,245.18316650390625,6.341215339489281e-06,0.0018767515430226922,17.313037872314453,0.000395608542021364,2.98327898979187,0.15051458304515108
9607,244.33924865722656,3.892388576787198e-06,0.001872034277766943,17.385770797729492,0.0003936080902349204,2.984286308288574,0.14680566702736542
9608,245.10565185546875,5.3923217819829006e-06,0.0018781048711389303,17.404380798339844,0.0003935155691578984,2.98555326461792,0.17780508304713294
9609,247.43783569335938,3.5958103126176866e-06,0.001904440694488585,17.441606521606445,0.00039192571421153843,2.987004280090332,0.14772433298639953
9610,251.3237762451172,5.590937234956073e-06,0.0019422388868406415,17.29409408569336,0.00039246687083505094,2.988598585128784,0.1575806249747984
9611,256.9219970703125,4.429509772307938e-06,0.002000938868150115,17.22884750366211,0.00039156319689936936,2.990232229232788,0.15227850002702326
9612,264.11688232421875,6.429778750316473e-06,0.002071371069177985,17.098283767700195,0.0003923853801097721,2.991885185241699,0.15822779102018103
9613,273.01226806640625,4.919030743621988e-06,0.0021632560528814793,17.035537719726562,0.0003915924171451479,2.9934730529785156,0.16578116599703208
9614,283.34063720703125,6.4418754845974036e-06,0.00226409500464797,17.04524040222168,0.00039241707418113947,2.9950144290924072,0.1604533750214614
9615,295.4232177734375,5.067399797553662e-06,0.0023885418195277452,16.905319213867188,0.0003915698907803744,2.9964258670806885,0.1621773749939166
9616,309.0951843261719,6.72509531796095e-06,0.0025221933610737324,16.96257209777832,0.0003924075572285801,2.997741460800171,0.1620433329953812
9617,324.7665100097656,5.793144282506546e-06,0.0026825619861483574,16.776662826538086,0.0003915433771908283,2.998866081237793,0.15996066702064127
9618,342.03338623046875,7.178905434557237e-06,0.002851997036486864,16.903854370117188,0.0003921191964764148,2.9998719692230225,0.1617456249659881
9619,361.7372741699219,6.232417035789695e-06,0.003052488900721073,16.778587341308594,0.00039086557808332145,3.000670909881592,0.16539924999233335
9620,382.8719177246094,7.099912181729451e-06,0.0032600490376353264,17.004322052001953,0.00039152687531895936,3.0013792514801025,0.16009175003273413
9621,406.3261413574219,6.579359705938259e-06,0.0034979728516191244,16.881319046020508,0.00038989618769846857,3.001894474029541,0.15467245795298368
9622,430.8798828125,7.570913112431299e-06,0.003738748375326395,17.12201690673828,0.0003912593820132315,3.0023508071899414,0.14798458298901096
9623,457.3618469238281,7.940387149574235e-06,0.004006801173090935,16.940946578979492,0.0003894674009643495,3.0026135444641113,0.14604387502186
9624,482.9974060058594,8.761402568779886e-06,0.004257754422724247,17.195606231689453,0.00039150204975157976,3.00284743309021,0.146812749968376
9625,508.4297790527344,9.526895155431703e-06,0.0045153358951210976,17.006301879882812,0.00038937153294682503,3.0029048919677734,0.1512277090223506
9626,530.021728515625,9.606537787476555e-06,0.004725090693682432,17.34731101989746,0.0003920469607692212,3.002990245819092,0.15589645801810548
9627,548.8497924804688,1.1098378308815882e-05,0.004916811361908913,17.11790657043457,0.0003894092224072665,3.0029284954071045,0.1547129589598626
9628,560.1607055664062,1.0648703209881205e-05,0.005022900644689798,17.525663375854492,0.00039280083728954196,3.002945899963379,0.1630294169881381
9629,565.4078979492188,1.330995473836083e-05,0.005079224240034819,17.202930450439453,0.00038951513124629855,3.0028302669525146,0.15800587501144037
9630,559.5319213867188,1.1683325283229351e-05,0.005013392306864262,17.675676345825195,0.0003934866690542549,3.002840518951416,0.16487554198829457
9631,545.2852783203125,1.4881175047776196e-05,0.00487523851916194,17.3383846282959,0.0003893492103088647,3.002750873565674,0.1636227919952944
9632,519.0435791015625,1.1702892152243294e-05,0.004606000147759914,17.884716033935547,0.00039388600271195173,3.0028507709503174,0.16164545802166685
9633,485.20989990234375,1.530725603515748e-05,0.004272561985999346,17.515321731567383,0.0003890764492098242,3.0029006004333496,0.16303016594611108
9634,442.02349853515625,1.1467557669675443e-05,0.00383434328250587,18.029462814331055,0.00039412957266904414,3.0031819343566895,0.16573791700648144
9635,394.68017578125,1.526950109109748e-05,0.003366250777617097,17.61497688293457,0.00038913157186470926,3.003448009490967,0.16207070898963138
9636,343.3927307128906,1.1252202057221439e-05,0.0028480004984885454,18.04195213317871,0.0003942551265936345,3.003948926925659,0.1848605830455199
9637,293.0246276855469,1.4371940778801218e-05,0.002350128721445799,17.625062942504883,0.0003894950496032834,3.0044567584991455,0.14809516700915992
9638,244.5045166015625,1.0616051440592855e-05,0.00186064257286489,17.965131759643555,0.0003941353061236441,3.005173444747925,0.1461079579894431
9639,200.99267578125,1.2767610314767808e-05,0.0014317400055006146,17.535505294799805,0.000390064058592543,3.005902051925659,0.14558274997398257
9640,163.0577392578125,9.930676242220215e-06,0.0010494517628103495,17.741701126098633,0.00039377802750095725,3.006777286529541,0.15116199996555224
9641,131.95932006835938,1.1221831300645135e-05,0.0007443985668942332,17.32585906982422,0.0003907141799572855,3.0076370239257812,0.15030670899432153
9642,107.36412048339844,9.241695806849748e-06,0.0004972157767042518,17.40282440185547,0.0003931554965674877,3.0085554122924805,0.15535654098493978
9643,88.95573425292969,9.571469490765594e-06,0.00031831764499656856,17.067668914794922,0.0003909915976691991,3.009415626525879,0.16152383299777284
9644,75.72107696533203,8.145937499648426e-06,0.00018625253869686276,17.065532684326172,0.00039215697324834764,3.010248899459839,0.16182745795231313
9645,66.71514892578125,7.917560651549138e-06,0.00010050350829260424,16.8033504486084,0.0003906968922819942,3.0109763145446777,0.16381220798939466
9646,60.97682189941406,7.064697911118856e-06,4.458115654415451e-05,16.721223831176758,0.0003909101360477507,3.0115950107574463,0.3214297500089742
9647,57.6794548034668,6.63574292047997e-06,1.5010215065558441e-05,16.518020629882812,0.00038996836519800127,3.0120558738708496,0.16004270798293874
9648,56.11534881591797,6.059241513867164e-06,1.63796721608378e-06,16.388103485107422,0.0003895752306561917,3.012341260910034,0.16247362503781915
9649,55.77552795410156,5.542560302274069e-06,8.15643034002278e-07,16.241151809692383,0.0003889855579473078,3.012430191040039,0.1639972089906223
9650,56.332618713378906,5.042741577199195e-06,9.07682169781765e-06,16.08718490600586,0.0003883347671944648,3.0123045444488525,0.1604548339964822
9651,57.62129211425781,4.600225111062173e-06,2.380927253398113e-05,15.98116397857666,0.00038799180765636265,3.011965751647949,0.1562317080097273
9652,59.653587341308594,4.189486389805097e-06,4.6978100726846606e-05,15.799728393554688,0.00038737099384889007,3.011396884918213,0.14963341696420684
9653,62.59461975097656,3.962315986427711e-06,7.75601583882235e-05,15.722552299499512,0.00038719820440746844,3.0106141567230225,0.14603662496665493
9654,66.81968688964844,3.52070514963998e-06,0.00012263494136277586,15.525216102600098,0.00038678909186273813,3.0096089839935303,0.14585920801619068
9655,72.93911743164062,3.469225021035527e-06,0.0001842924248194322,15.497858047485352,0.0003866508777718991,3.0084145069122314,0.15447524999035522
9656,82.03329467773438,2.9132979761925526e-06,0.0002779163478408009,15.290820121765137,0.00038659502752125263,3.0070319175720215,0.15533316700020805
9657,95.92182159423828,3.1266422411135864e-06,0.0004164294805377722,15.333639144897461,0.000386325700674206,3.005507230758667,0.1557259580004029
9658,117.67520904541016,2.4108803700073622e-06,0.000636368989944458,15.117594718933105,0.00038679628050886095,3.0038468837738037,0.16696674999548122
9659,152.03750610351562,3.1479683002544334e-06,0.0009783440036699176,15.263629913330078,0.0003862467419821769,3.002098321914673,0.16122208297019824
9660,207.35281372070312,2.1377420580392936e-06,0.0015330305323004723,15.07718563079834,0.000387587962904945,3.0002682209014893,0.15281616698484868
9661,297.1844482421875,3.784489308600314e-06,0.0024271251168102026,15.45052433013916,0.0003864298923872411,2.9984006881713867,0.15937658300390467
9662,444.8920593261719,2.2987512693362078e-06,0.0039035086520016193,15.376533508300781,0.00038934790063649416,2.9964895248413086,0.15260545897763222
9663,687.641845703125,6.227061476238305e-06,0.0063206227496266365,16.21844482421875,0.0003873847017530352,2.9945614337921143,0.14994212496094406
9664,1088.263671875,4.1875346141750924e-06,0.010319639928638935,16.527652740478516,0.0003935332642868161,2.992560386657715,0.15833095798734576
9665,1735.1375732421875,1.498067103966605e-05,0.016762323677539825,18.325889587402344,0.00039081150316633284,2.9904978275299072,0.15469474997371435
9666,2759.613037109375,1.6770636648288928e-05,0.026978302747011185,19.640453338623047,0.0004046544781886041,2.988126277923584,0.15669754199916497
9667,4257.03173828125,4.457877003005706e-05,0.041900038719177246,22.405244827270508,0.0004016435123048723,2.9855990409851074,0.1513944580219686
9668,6280.88916015625,9.778066305443645e-05,0.0620177797973156,25.864303588867188,0.0004346903879195452,2.9820666313171387,0.14860829198732972
9669,8350.107421875,0.00010731483052950352,0.0826965719461441,26.45392608642578,0.00043264662963338196,2.978593587875366,0.14584175002528355
9670,9817.9677734375,0.000371620204532519,0.09697957336902618,34.15439224243164,0.00048693857388570905,2.9733080863952637,0.16560479102190584
9671,9115.8486328125,0.00014119200932327658,0.0900956243276596,41.41237258911133,0.0005075459484942257,2.969273328781128,0.15101766597945243
9672,6292.25634765625,0.0003506337234284729,0.06157658249139786,48.993595123291016,0.0005054079229012132,2.965120792388916,0.1532854589750059
9673,2488.052978515625,0.00014307652600109577,0.023385878652334213,74.02619934082031,0.0006113125709816813,2.963390588760376,0.159441500029061
9674,269.5633850097656,0.00015555162099190056,0.0012607529060915112,69.86511993408203,0.0005806779954582453,2.9639761447906494,0.16278845799388364
9675,748.85791015625,9.445923933526501e-05,0.006143572274595499,67.59701538085938,0.0005745778908021748,2.967453718185425,0.16081766597926617
9676,2780.720703125,5.706733645638451e-05,0.02627461776137352,78.91498565673828,0.0006863722228445113,2.9743638038635254,0.1636512079858221
9677,4231.86669921875,0.0004227931203786284,0.04064316675066948,70.4487533569336,0.0005482186679728329,2.981307029724121,0.16360758297378197
9678,3680.2470703125,0.000216550994082354,0.035048775374889374,81.65106964111328,0.0007206341251730919,2.9899566173553467,0.16119587497087196
9679,1762.7724609375,0.0004754653200507164,0.01608520932495594,45.76612854003906,0.0006093897391110659,2.9982810020446777,0.1584982500062324
9680,273.453369140625,0.0001428997638868168,0.00141241867095232,49.745304107666016,0.0006817622343078256,3.0083067417144775,0.16754449997097254
9681,423.9810485839844,1.2105541827622801e-05,0.0028318390250205994,66.11511993408203,0.000734714965801686,3.021298408508301,0.16300908400444314
9682,1595.9835205078125,3.449171708780341e-05,0.014669153839349747,59.24284362792969,0.0006637611659243703,3.0359644889831543,0.14805095799965784
9683,2271.287353515625,0.0001059877104125917,0.021338151767849922,52.13542175292969,0.0007473776931874454,3.0511693954467773,0.1457026670104824
9684,1722.485107421875,0.00037077043089084327,0.015857001766562462,36.394535064697266,0.0006331339827738702,3.0644497871398926,0.14602554100565612
9685,600.853759765625,0.0002720374905038625,0.004631244111806154,41.592140197753906,0.0006893348763696849,3.0763208866119385,0.148301207984332
9686,121.27050018310547,0.0001074185929610394,2.378136014158372e-05,42.921966552734375,0.0006522853509522974,3.087625503540039,0.15439254202647135
9687,609.7881469726562,2.232655606348999e-05,0.004923132713884115,52.1783447265625,0.000630639202427119,3.098966360092163,0.15324675000738353
9688,1304.56396484375,1.717432496661786e-05,0.01178951095789671,56.66636657714844,0.0006722917896695435,3.1101269721984863,0.1587400829885155
9689,1413.0625,4.999255543225445e-05,0.013110123574733734,41.22114944458008,0.000558296509552747,3.1198363304138184,0.15911012497963384
9690,887.8882446289062,0.0002012229961110279,0.007738262880593538,34.82241439819336,0.0005911727203056216,3.126570463180542,0.1630852499511093
9691,275.6767578125,0.00023260514717549086,0.0016348892822861671,34.23586654663086,0.0005469146417453885,3.1299149990081787,0.1665426249965094
9692,116.8516845703125,9.827874600887299e-05,0.00019139274081680924,34.947540283203125,0.0005293699214234948,3.1310019493103027,0.15865699999267235
9693,447.68084716796875,8.152743248501793e-06,0.003464268520474434,45.69700241088867,0.0005474172066897154,3.131283760070801,0.16366508300416172
9694,847.5842895507812,1.3382023098529316e-06,0.007479866500943899,48.75413131713867,0.0005070967599749565,3.1312992572784424,0.1681581669836305
9695,941.7103271484375,3.2428786653326824e-05,0.008506673388183117,36.15513229370117,0.0005164496251381934,3.1298136711120605,0.1587228329735808
9696,691.1707153320312,0.00013270281488075852,0.0060101100243628025,29.345436096191406,0.00047544011613354087,3.125602960586548,0.16441466700052842
9697,307.8441467285156,0.00018943523173220456,0.002132229972630739,27.104297637939453,0.00048573320964351296,3.118652582168579,0.14919954200740904
9698,87.61104583740234,5.5968612286960706e-05,6.59857178106904e-05,29.075910568237305,0.0004633970092982054,3.110429286956787,0.14592099998844787
9699,163.85813903808594,3.973773345933296e-07,0.000815832638181746,36.4173583984375,0.00045817773207090795,3.1024136543273926,0.1480555419693701
9700,397.28924560546875,5.506695188728372e-08,0.0031184135004878044,38.59748077392578,0.0004684493178501725,3.0948126316070557,0.14658804197097197
9701,572.736572265625,8.150020221364684e-06,0.004981116391718388,30.627792358398438,0.0004318213032092899,3.087012529373169,0.15219020802760497
9702,578.7429809570312,9.87022795015946e-05,0.004985980689525604,25.830001831054688,0.0004444464866537601,3.0779457092285156,0.15286745794583112
9703,417.35791015625,0.000119596574222669,0.0033805829007178545,23.999135971069336,0.0004334082768764347,3.067533493041992,0.16149333404609933
9704,200.5403594970703,6.166073580970988e-05,0.0012814508518204093,23.32035255432129,0.00042908848263323307,3.0567681789398193,0.16651000001002103
9705,80.05859375,1.6166773093573283e-06,9.392934589413926e-05,28.7258243560791,0.0004177816736046225,3.0470759868621826,0.15882020903518423
9706,98.26611328125,1.1731826816685498e-06,0.0002429462765576318,32.219783782958984,0.00041634385706856847,3.038963794708252,0.15961200004676357
9707,198.4649200439453,6.0155975916131865e-06,0.001292998669669032,26.987455368041992,0.0004157602961640805,3.0317795276641846,0.1637147089932114
9708,310.6342468261719,3.3062504371628165e-05,0.002433530753478408,23.12198829650879,0.00040852927486412227,3.024808883666992,0.1620992910466157
9709,364.5494689941406,7.518495840486139e-05,0.0029214764945209026,22.681854248046875,0.00042201465112157166,3.0177249908447266,0.16041137499269098
9710,325.19329833984375,3.716128412634134e-05,0.002582732355222106,22.169126510620117,0.00041034817695617676,3.0110182762145996,0.16264058399247006
9711,232.02133178710938,1.1123809599666856e-05,0.0016712105134502053,22.70208740234375,0.00041085807606577873,3.0054121017456055,0.16008958296151832
9712,139.70545959472656,3.624123223744391e-07,0.0007327421917580068,25.800254821777344,0.0004059474740643054,3.0015625953674316,0.1587275419733487
9713,77.96966552734375,3.2796401683299337e-07,0.0001314451510552317,23.982576370239258,0.0004080978105776012,2.999147415161133,0.14601587504148483
9714,64.22332000732422,1.4146417015581392e-05,1.3402315744315274e-05,20.418533325195312,0.00041049913852475584,2.99737811088562,0.14599020895548165
9715,93.11270141601562,3.228502828278579e-05,0.00028862993349321187,19.556299209594727,0.0004146489955019206,2.9957611560821533,0.14565895800478756
9716,137.12411499023438,2.9031418307567947e-05,0.0007318066782318056,19.7275333404541,0.000413127796491608,2.9943597316741943,0.1505579580552876
9717,175.47569274902344,4.064528184244409e-06,0.0011380688520148396,20.680973052978516,0.00040581380017101765,2.9936771392822266,0.1553614159929566
9718,197.77305603027344,5.746426268160576e-07,0.0013500601053237915,22.13395881652832,0.00040575623279437423,2.993921995162964,0.1546464590355754
9719,196.75477600097656,8.165001474935707e-08,0.0013466895325109363,21.916461944580078,0.00040161199285648763,2.9950411319732666,0.15826495800865814
9720,177.11444091796875,8.7177031673491e-06,0.001157048624008894,20.01710319519043,0.00040520704351365566,2.9963326454162598,0.16703400004189461
9721,147.47149658203125,1.7320868209935725e-05,0.0008570360951125622,19.202651977539062,0.00040833145612850785,2.9973747730255127,0.16049254103563726
9722,113.55169677734375,1.9301429347251542e-05,0.0005223421030677855,18.743791580200195,0.00040643554530106485,2.998145341873169,0.16009541600942612
9723,84.48052978515625,2.5972235562221613e-06,0.00024503550957888365,19.600677490234375,0.000401165772927925,2.9990947246551514,0.167191292042844
9724,67.10365295410156,1.2366996315904544e-07,6.657774065388367e-05,20.477130889892578,0.000399563810788095,3.0004093647003174,0.16154674999415874
9725,60.31966781616211,1.5000979658452707e-07,9.467021868658776e-07,20.24076271057129,0.00039969233330339193,3.00195574760437,0.15998033399228007
9726,62.46821975708008,3.245583911848371e-06,3.0565079214284196e-05,18.939125061035156,0.0004014802980236709,3.003352165222168,0.160408208030276
9727,71.98854064941406,1.2159936886746436e-05,0.00012141028855694458,18.121295928955078,0.00040510218241252005,3.0042316913604736,0.1600165829877369
9728,83.91874694824219,9.505566595180426e-06,0.00024237802426796407,18.079853057861328,0.000406505394494161,3.004624843597412,0.17883033299585804
9729,95.16639709472656,4.533226729108719e-06,0.000360576348612085,18.381532669067383,0.0004027390677947551,3.0047686100006104,0.15024420898407698
9730,105.27635192871094,1.7446154743083753e-08,0.0004613274068105966,19.09880828857422,0.00040043063927441835,3.0049891471862793,0.14837662503123283
9731,112.53532409667969,7.774504524604708e-07,0.0005336824688129127,19.063310623168945,0.00040026026545092463,3.0051610469818115,0.14893124997615814
9732,116.49581909179688,1.1986267054453492e-06,0.0005780698265880346,18.337175369262695,0.0004023179644718766,3.0051610469818115,0.15704033302608877
9733,118.12321472167969,7.819917300366797e-06,0.0005916482768952847,17.832021713256836,0.0004034437006339431,3.0047314167022705,0.16069349995814264
9734,116.82173919677734,4.792940671904944e-06,0.0005817903438583016,17.711244583129883,0.0004045216192025691,3.003971576690674,0.15581633296096697
9735,113.13862609863281,4.774689386977116e-06,0.0005484226858243346,17.69610595703125,0.0004012277931906283,3.0029962062835693,0.14068454201333225
9736,108.62165832519531,1.282816697312228e-07,0.0005048311431892216,18.2313289642334,0.0003989438700955361,3.002150297164917,0.15503837500000373
9737,103.6949462890625,7.637419230377418e-07,0.000455034984042868,18.325319290161133,0.00039789758739061654,3.0014045238494873,0.14513583399821073
9738,98.44409942626953,8.710293286640081e-07,0.00040639995131641626,17.767749786376953,0.000399492506403476,3.0007026195526123,0.16699237504508346
9739,93.52955627441406,6.148775355541147e-06,0.0003576395974960178,17.10688018798828,0.00040043843910098076,2.9998128414154053,0.157262584019918
9740,88.7650375366211,4.2768006096594036e-06,0.00031221751123666763,17.04070281982422,0.0004007490642834455,2.9988131523132324,0.3475776250124909
9741,84.11726379394531,4.555589839583263e-06,0.00026716370484791696,17.0695858001709,0.00039875746006146073,2.997774362564087,0.1675399590167217
9742,80.17570495605469,6.889900987516739e-07,0.00022937294852454215,17.45328140258789,0.00039716233732178807,2.9969420433044434,0.16925237502437085
9743,76.89543151855469,1.0743835900939303e-06,0.00019717497343663126,17.473331451416016,0.00039597167051397264,2.9963204860687256,0.15062991698505357
9744,74.02517700195312,1.1188224107172573e-06,0.00017138593830168247,17.128267288208008,0.0003964642819482833,2.995867967605591,0.14687266701366752
9745,71.78855895996094,4.971519956598058e-06,0.00014941059635020792,16.612085342407227,0.00039738265331834555,2.9953858852386475,0.14991445798659697
9746,69.99028015136719,3.908633516402915e-06,0.00013293910888023674,16.570110321044922,0.0003973539569415152,2.9949116706848145,0.15650250000180677
9747,68.45951843261719,3.6030476167070447e-06,0.00011875068594235927,16.652891159057617,0.00039571255911141634,2.994504690170288,0.15207595797255635
9748,67.37370300292969,9.453108305024216e-07,0.00010951177682727575,16.894712448120117,0.00039433277561329305,2.9943222999572754,0.15624083299189806
9749,66.67002868652344,1.3592455161415273e-06,0.00010313052916899323,16.864450454711914,0.00039356600609607995,2.9943363666534424,0.16470920899882913
9750,66.23359680175781,1.2261909887456568e-06,0.00010089827264891937,16.664358139038086,0.0003935678687412292,2.9945125579833984,0.15978462499333546
9751,66.2226333618164,3.930582806788152e-06,0.0001011283093248494,16.283689498901367,0.00039433056372217834,2.994682550430298,0.16631304199108854
9752,66.60021209716797,3.2466577977174893e-06,0.00010631687473505735,16.18311882019043,0.0003946073993574828,2.994847536087036,0.15940029098419473
9753,67.32875061035156,3.5622074392449576e-06,0.00011455096682766452,16.159984588623047,0.0003935744462069124,2.9950108528137207,0.16554762498708442
9754,68.61986541748047,1.1423985597502906e-06,0.0001291482476517558,16.35319709777832,0.00039237606688402593,2.995295524597168,0.1683621249976568
9755,70.63054656982422,1.974362021428533e-06,0.00014953885693103075,16.285417556762695,0.0003919380542356521,2.9956395626068115,0.16587658296339214
9756,73.50067138671875,1.2157847777416464e-06,0.00018000643467530608,16.187767028808594,0.000391906825825572,2.9960479736328125,0.16072366700973362
9757,77.64064025878906,3.860468495986424e-06,0.00022147299023345113,15.88192367553711,0.0003922537143807858,2.9963648319244385,0.15145858301548287
9758,83.49459838867188,2.293512807227671e-06,0.00028164905961602926,15.864384651184082,0.00039235956501215696,2.9966320991516113,0.14831125002820045
9759,91.723876953125,4.283213002054254e-06,0.00036394796916283667,15.73266315460205,0.00039168098010122776,2.996779680252075,0.14602645800914615
9760,103.48076629638672,8.458474667349947e-07,0.0004833478305954486,16.007753372192383,0.00039053650107234716,2.996986150741577,0.1496172919869423
9761,120.5218276977539,3.064977136091329e-06,0.0006527785444632173,15.917024612426758,0.00039020454278215766,2.9971346855163574,0.15603033395018429
9762,145.12789916992188,6.15652936630795e-07,0.0009002843871712685,16.021608352661133,0.00039016283699311316,2.9973442554473877,0.16237291600555182
9763,181.07484436035156,5.885323844267987e-06,0.001257647993043065,15.655167579650879,0.00039066345198079944,2.9973642826080322,0.15877516602631658
9764,233.28500366210938,1.0774749625852564e-06,0.0017815215978771448,15.95309066772461,0.00039072000072337687,2.99739146232605,0.16602708300342783
9765,309.6438903808594,8.82255335454829e-06,0.00253981351852417,15.711129188537598,0.00039069156628102064,2.9971680641174316,0.17183570796623826
9766,420.2994384765625,4.1993212107627187e-07,0.0036479162517935038,16.46320915222168,0.00039002622361294925,2.9970555305480957,0.16445191699313
9767,581.2755737304688,1.1995052773272619e-05,0.005247471388429403,16.27979850769043,0.00039049130282364786,2.9966816902160645,0.1598776670289226
9768,808.756591796875,7.006159421507618e-07,0.00752252759411931,17.354951858520508,0.0003907878417521715,2.996434211730957,0.1647759170155041
9769,1122.9637451171875,2.6324778445996344e-05,0.01064275298267603,16.794475555419922,0.0003926160279661417,2.9957523345947266,0.16462733299704269
9770,1528.1239013671875,4.533987976174103e-06,0.014692436903715134,18.996780395507812,0.0003943009942304343,2.995086669921875,0.16668929200386629
9771,2006.026611328125,4.7505767724942416e-05,0.019437778741121292,17.849193572998047,0.0003964896022807807,2.9939515590667725,0.16255279100732878
9772,2484.754638671875,1.8358481611358002e-05,0.02421461045742035,21.57433319091797,0.00039883656427264214,2.9927237033843994,0.14852358301868662
9773,2813.190673828125,6.44004758214578e-05,0.027473071590065956,18.993314743041992,0.0004045019450131804,2.9913065433502197,0.1451987909968011
9774,2834.544921875,5.916196096222848e-05,0.02764643169939518,23.515254974365234,0.00040470424573868513,2.989657163619995,0.14632941700983793
9775,2385.310791015625,6.07244910497684e-05,0.02315489389002323,21.731273651123047,0.00042017624946311116,2.9884917736053467,0.1466267499490641
9776,1592.9727783203125,8.227425132645294e-05,0.015186714939773083,25.100322723388672,0.00040973551222123206,2.9874863624572754,0.15033437497913837
9777,724.0697021484375,3.7989928387105465e-05,0.006479636766016483,28.467884063720703,0.00043839102727361023,2.9877429008483887,0.15005416702479124
9778,171.77981567382812,4.8508478357689455e-05,0.000941251462791115,29.65445327758789,0.00043149362318217754,2.9890458583831787,0.14966179098701105
9779,115.69267272949219,4.0916384023148566e-05,0.00036298888153396547,31.153512954711914,0.0004414863360580057,2.991549253463745,0.15861891699023545
9780,448.2218933105469,3.422548979870044e-05,0.0036592434626072645,32.244895935058594,0.000466300843982026,2.995387554168701,0.16314058395801112
9781,868.9385986328125,0.00010485675738891587,0.00784312468022108,29.7520694732666,0.0004438843752723187,2.9993555545806885,0.16855545801809058
9782,1070.5989990234375,4.17409828514792e-05,0.009838087484240532,33.1198844909668,0.0004949627327732742,3.004389762878418,0.16234804200939834
9783,956.081787109375,0.0001219481200678274,0.008686011657118797,29.384838104248047,0.00045901030534878373,3.0091564655303955,0.1663519159774296
9784,606.0215454101562,3.438677958911285e-05,0.0052061546593904495,31.89651107788086,0.0005007093423046172,3.0148279666900635,0.16301045898580924
9785,256.98944091796875,5.201356179895811e-05,0.0017558629624545574,28.770071029663086,0.0004743169993162155,3.0207676887512207,0.163074417039752
9786,86.21888732910156,3.147198003716767e-05,5.449620584840886e-05,28.99036407470703,0.0004863170615863055,3.0271525382995605,0.15781608398538083
9787,139.86334228515625,3.091802864219062e-05,0.0005963608273304999,28.33875274658203,0.00048796701594255865,3.0337471961975098,0.16099891695193946
9788,324.52593994140625,5.876194700249471e-05,0.0024604324717074633,25.92645835876465,0.0004668006731662899,3.039766788482666,0.14706054097041488
9789,489.5508728027344,3.682124224724248e-05,0.004092691000550985,28.00311279296875,0.0004859651962760836,3.0454657077789307,0.14937029097927734
9790,531.8509521484375,6.226693221833557e-05,0.004550602287054062,25.217689514160156,0.0004534637264441699,3.050081968307495,0.14977145800366998
9791,435.68902587890625,2.8005877538817003e-05,0.0035890438593924046,27.23097038269043,0.00046753083006478846,3.0541512966156006,0.15085700002964586
9792,273.32391357421875,3.2144293072633445e-05,0.002010495401918888,24.915241241455078,0.00044144713319838047,3.057276487350464,0.1538601249922067
9793,131.94105529785156,1.906126635731198e-05,0.0006062704487703741,25.171672821044922,0.0004423620121087879,3.0596723556518555,0.16074470797320828
9794,70.118896484375,2.0357714674901217e-05,1.2335156498011202e-05,23.833627700805664,0.00043015985284000635,3.061129570007324,0.1581673749606125
9795,93.99380493164062,2.1949081201455556e-05,0.0002646444190759212,23.16683578491211,0.00042167617357335985,3.061497211456299,0.15123379102442414
9796,169.63710021972656,1.7926386135513894e-05,0.00102057377807796,23.777864456176758,0.00042009216849692166,3.0608761310577393,0.1538233749452047
9797,249.89422607421875,2.0394305465742946e-05,0.0018402127316221595,22.883861541748047,0.00040949659887701273,3.059088945388794,0.15523233404383063
9798,298.3486328125,1.4003303476783913e-05,0.0023207366466522217,23.826074600219727,0.0004104855179321021,3.0564441680908203,0.15429433301324025
9799,300.9405822753906,1.5470463040401228e-05,0.002369191963225603,22.202106475830078,0.0004027225077152252,3.052823543548584,0.17039650003425777
9800,263.244384765625,1.2594834515766706e-05,0.0019920754712074995,22.554670333862305,0.000402226549340412,3.048513889312744,0.15963166597066447
9801,203.21853637695312,1.3617891454487108e-05,0.0014121767599135637,20.791887283325195,0.00039847189327701926,3.043470621109009,0.1572834170074202
9802,141.06884765625,1.1644241567410063e-05,0.0007952955202199519,20.715160369873047,0.00039659717003814876,3.0379464626312256,0.17359641700750217
9803,92.51209259033203,9.90739863482304e-06,0.0003235883777961135,19.732961654663086,0.000394295493606478,3.032041549682617,0.16472724999766797
9804,65.19310760498047,8.254491149273235e-06,5.569070708588697e-05,19.534364700317383,0.0003926422505173832,3.0259504318237305,0.14967054198496044
9805,59.45014572143555,7.322066267079208e-06,5.1420056479400955e-06,19.045074462890625,0.0003915866545867175,3.01979923248291,0.15002999996067956
9806,70.64417266845703,6.88618456479162e-06,0.00012304188567213714,18.528579711914062,0.0003912278625648469,3.0136828422546387,0.14886187500087544
9807,92.232177734375,6.820648195571266e-06,0.0003402317815925926,18.43150520324707,0.00039095431566238403,3.007732391357422,0.1556512500392273
9808,118.06588745117188,5.975025487714447e-06,0.0006026537739671767,18.004384994506836,0.000391986221075058,3.0020084381103516,0.15225158404791728
9809,143.4491729736328,5.446158866106998e-06,0.000855745340231806,18.202299118041992,0.0003912772226613015,2.9966771602630615,0.16055366600630805
9810,165.86944580078125,3.89709384762682e-06,0.001084134797565639,17.788583755493164,0.00039277671021409333,2.991787910461426,0.1685617920011282
9811,184.34495544433594,4.301489298086381e-06,0.0012674240861088037,17.93096351623535,0.00039241439662873745,2.987452745437622,0.1603804159676656
9812,199.02880859375,3.4075530948030064e-06,0.001418527215719223,17.3748722076416,0.00039460440166294575,2.983652114868164,0.16621450003003702
9813,210.63600158691406,4.588981937558856e-06,0.0015319291269406676,17.513565063476562,0.00039470623596571386,2.9804439544677734,0.1623505000025034
9814,220.19544982910156,3.4018339647445828e-06,0.0016320948489010334,16.9471492767334,0.0003969864337705076,2.977792978286743,0.1610993750509806
9815,228.6919403076172,4.350333711045096e-06,0.001714183366857469,17.18174934387207,0.0003965682990383357,2.9757492542266846,0.16213312494801357
9816,236.8325653076172,2.769434104266111e-06,0.0017994892550632358,16.770612716674805,0.000398360745748505,2.9742724895477295,0.16339570900890976
9817,245.51109313964844,3.7779986996611115e-06,0.0018834504298865795,17.081689834594727,0.000397065537981689,2.9733805656433105,0.18662595801288262
9818,255.39248657226562,2.8445285806810716e-06,0.00198613153770566,16.6469669342041,0.0003984789946116507,2.9729692935943604,0.15581145795295015
9819,267.11468505859375,4.164635356573854e-06,0.002101460937410593,16.904542922973633,0.000396475923480466,2.9730310440063477,0.1465453749988228
9820,281.150146484375,3.3131523196061607e-06,0.0022453812416642904,16.57053565979004,0.00039710148121230304,2.973440647125244,0.1464544580085203
9821,297.64398193359375,4.173884917690884e-06,0.0024080288130789995,16.952531814575195,0.0003947114455513656,2.974224090576172,0.14805212494684383
9822,317.163330078125,3.4532565678091487e-06,0.0026059511583298445,16.72560691833496,0.00039497253601439297,2.975242853164673,0.15555308299371973
9823,339.6105651855469,4.137433279538527e-06,0.0028283637948334217,17.093814849853516,0.00039266637759283185,2.9765496253967285,0.15150608401745558
9824,365.27081298828125,4.2657143239921425e-06,0.0030871776398271322,16.79482650756836,0.00039331649895757437,2.9779598712921143,0.15116320899687707
9825,393.1770324707031,5.099383997730911e-06,0.003364701522514224,17.062519073486328,0.00039134389953687787,2.9795467853546143,0.17045187501935288
9826,423.3138122558594,5.9052954384242184e-06,0.003667122218757868,16.782257080078125,0.00039228820241987705,2.98110032081604,0.16194095800165087
9827,452.9475402832031,5.929654435021803e-06,0.003961578942835331,17.1513671875,0.00039045323501341045,2.982759952545166,0.1592514170333743
9828,482.03839111328125,7.4907643465849105e-06,0.004253741353750229,16.792253494262695,0.0003912291140295565,2.984292984008789,0.1661579170031473
9829,506.8902282714844,6.660024610027904e-06,0.004499936942011118,17.238941192626953,0.0003899156581610441,2.9858977794647217,0.15259499999228865
9830,527.5359497070312,9.67390133155277e-06,0.004707783460617065,16.761079788208008,0.00039029144681990147,2.98730206489563,0.16033745801541954
9831,538.3724975585938,7.685820492042694e-06,0.004813788924366236,17.261789321899414,0.00038963218685239553,2.988764524459839,0.3299815840437077
9832,540.6172485351562,1.2046302799717523e-05,0.004837158136069775,16.76669692993164,0.00038930089795030653,2.989988327026367,0.16008062497712672
9833,529.29736328125,8.032357072806917e-06,0.004722141195088625,17.346830368041992,0.0003893321263603866,2.991304636001587,0.15518933400744572
9834,507.5759582519531,1.3185861462261528e-05,0.004506368655711412,16.830717086791992,0.0003878980642184615,2.9924042224884033,0.1504085420165211
9835,472.19598388671875,8.022561814868823e-06,0.004150272347033024,17.441699981689453,0.0003892481327056885,2.993642807006836,0.15013212495250627
9836,428.50067138671875,1.3816571481584106e-05,0.0037153579760342836,16.887399673461914,0.00038695833063684404,2.9947011470794678,0.15096529200673103
9837,375.617431640625,8.247642654168885e-06,0.0031835357658565044,17.48395538330078,0.00038955133641138673,2.9959192276000977,0.15608666697517037
9838,319.9335632324219,1.366279957437655e-05,0.0026297017466276884,16.909053802490234,0.0003868804487865418,2.9970006942749023,0.15287170797819272
9839,263.0294189453125,8.264426469395403e-06,0.0020576240494847298,17.436298370361328,0.0003900428127963096,2.9982402324676514,0.1683315840200521
9840,210.27923583984375,1.2189053450128995e-05,0.0015340294921770692,16.90778923034668,0.0003874958783853799,2.9993958473205566,0.16373954096343368
9841,163.5260467529297,8.019185770535842e-06,0.001063680276274681,17.30588150024414,0.0003905021876562387,3.0006773471832275,0.16099216596921906
9842,125.36869049072266,1.0578021829132922e-05,0.0006860869470983744,16.839893341064453,0.00038862298242747784,3.001894950866699,0.16342766699381173
9843,96.07483673095703,7.94677089288598e-06,0.0003915895940735936,17.047086715698242,0.000390741101000458,3.0031614303588867,0.16586833394831046
9844,75.67607879638672,9.081850294023752e-06,0.00019097737094853073,16.70925521850586,0.000389609020203352,3.0043511390686035,0.16455333295743912
9845,63.17015075683594,7.616245966346469e-06,6.597991159651428e-05,16.757232666015625,0.0003905330377165228,3.0054986476898193,0.1627229579607956
9846,57.24836349487305,7.4646859502536245e-06,9.156728083326016e-06,16.586164474487305,0.0003900005540344864,3.0065464973449707,0.1633432910311967
9847,56.45769119262695,6.900581865920685e-06,2.979184046125738e-06,16.488452911376953,0.0003898126306012273,3.007469415664673,0.16013662499608472
9848,59.47590637207031,6.249690159165766e-06,3.458279024926014e-05,16.41963005065918,0.0003897302958648652,3.0082547664642334,0.14833283302141353
9849,65.23920440673828,6.3938578023226e-06,9.52557020355016e-05,16.193248748779297,0.0003888100036419928,3.008833169937134,0.15091616596328095
9850,73.01542663574219,5.4609131439065095e-06,0.00017360603669658303,16.221973419189453,0.0003888676001224667,3.009232997894287,0.1469130830373615
9851,82.49818420410156,5.80376536163385e-06,0.0002722734643612057,15.930848121643066,0.00038759608287364244,3.009368419647217,0.14875187497818843
9852,93.70614624023438,4.783550139109138e-06,0.00038422676152549684,16.036746978759766,0.00038768365629948676,3.009302854537964,0.15709070797311142
9853,107.26716613769531,5.195124685997143e-06,0.0005240217433311045,15.698504447937012,0.00038646976463496685,3.0089449882507324,0.15525554202031344
9854,124.04678344726562,4.380471182230394e-06,0.0006908914656378329,15.862373352050781,0.00038657206459902227,3.0083820819854736,0.1593056249548681
9855,145.69277954101562,4.872081262874417e-06,0.0009114787681028247,15.473791122436523,0.00038583893910981715,3.0075178146362305,0.16617850004695356
9856,174.18113708496094,4.226166311127599e-06,0.0011946960585191846,15.708268165588379,0.0003858064010273665,3.0064697265625,0.16258658398874104
9857,213.23236083984375,4.639684448193293e-06,0.0015888584312051535,15.311985969543457,0.0003857056435663253,3.0051417350769043,0.1625296249985695
9858,267.2060852050781,4.261529738869285e-06,0.002125772414728999,15.667872428894043,0.0003853480739053339,3.0036818981170654,0.15993054100545123
9859,344.21099853515625,4.804953277925961e-06,0.0028983778320252895,15.27476692199707,0.0003861793375108391,3.0019757747650146,0.1633707089931704
9860,453.35748291015625,4.957442342856666e-06,0.003985234070569277,15.799811363220215,0.00038538500666618347,3.0002033710479736,0.1628500419901684
9861,611.9112548828125,6.093328011047561e-06,0.005570636596530676,15.474295616149902,0.0003876396222040057,2.998203754425049,0.1592952079954557
9862,837.0940551757812,7.241324510687264e-06,0.007815003395080566,16.240108489990234,0.0003862944431602955,2.996201515197754,0.1576771669788286
9863,1161.021484375,1.0436593584017828e-05,0.01104719564318657,16.176097869873047,0.00039082069997675717,2.9939427375793457,0.15154904196970165
9864,1603.9312744140625,1.3192355254432186e-05,0.0154646597802639,17.242570877075195,0.0003890359657816589,2.9917426109313965,0.14922333299182355
9865,2205.953857421875,2.486542689439375e-05,0.02145896479487419,17.821577072143555,0.0003974918508902192,2.989149570465088,0.15238791599404067
9866,2932.50390625,2.7634905563900247e-05,0.02871214598417282,18.915081024169922,0.00039610909880138934,2.9866976737976074,0.14649449998978525
9867,3759.4560546875,6.956953438930213e-05,0.036907970905303955,20.707021713256836,0.0004099497455172241,2.9835758209228516,0.1608557080035098
9868,4430.18701171875,5.177139610168524e-05,0.04362097382545471,21.695528030395508,0.0004121747915633023,2.9808504581451416,0.16107820899924263
9869,4773.537109375,0.00015303140389733016,0.04691455513238907,24.348421096801758,0.00042429810855537653,2.977318048477173,0.1544534169952385
9870,4371.6025390625,6.850575300632045e-05,0.042926378548145294,28.022096633911133,0.00044092381722293794,2.9747984409332275,0.15823487500892952
9871,3316.527587890625,0.00017273226694669574,0.032273076474666595,28.951568603515625,0.0004299523134250194,2.9721813201904297,0.19104362500365824
9872,1834.005859375,6.1012808146188036e-05,0.017443478107452393,36.67472839355469,0.0004688205081038177,2.971327304840088,0.16320258303312585
9873,601.9323120117188,9.424849122297019e-05,0.0051365625113248825,34.50400161743164,0.00044347179937176406,2.9717226028442383,0.16601420904044062
9874,91.64473724365234,5.0935075705638155e-05,4.202566196909174e-05,36.17822265625,0.00046170438872650266,2.974055528640747,0.16262895800173283
9875,366.66162109375,4.213237843941897e-05,0.0027863106224685907,36.1494026184082,0.00047667918261140585,2.978379011154175,0.16392137500224635
9876,1062.61083984375,0.00010785888298414648,0.009725281037390232,34.23417282104492,0.00045062656863592565,2.9834883213043213,0.1620853750500828
9877,1647.299072265625,4.8334277380490676e-05,0.015484797768294811,41.76521301269531,0.0005222071195021272,2.9902169704437256,0.16933304094709456
9878,1773.3822021484375,0.00017973144713323563,0.01670643873512745,36.92985534667969,0.00047835323493927717,2.9966626167297363,0.16103308403398842
9879,1361.040283203125,5.39974971616175e-05,0.012630235403776169,38.846099853515625,0.000537708168849349,3.004279375076294,0.14778712502447888
9880,715.796630859375,8.537817484466359e-05,0.0062623764388263226,31.80292320251465,0.0004921819781884551,3.0121772289276123,0.14821562502766028
9881,211.9813995361328,3.75109157175757e-05,0.0012377731036394835,32.41023254394531,0.0005204276531003416,3.020897388458252,0.146711207984481
9882,96.92879486083984,3.2741809263825417e-05,9.88515603239648e-05,32.5356330871582,0.0005123382434248924,3.030151128768921,0.1512846660334617
9883,329.43170166015625,5.112923827255145e-05,0.002442336408421397,30.936813354492188,0.0004914833116345108,3.039210557937622,0.1561749580432661
9884,662.7850341796875,5.6496031902497634e-05,0.005739380139857531,31.770410537719727,0.0005142709123902023,3.0478198528289795,0.15547891601454467
9885,838.5652465820312,8.617088315077126e-05,0.007544856518507004,28.490514755249023,0.0004697195836342871,3.0551207065582275,0.1617074169917032
9886,747.1336669921875,6.453351670643315e-05,0.00661626597866416,29.749391555786133,0.0004930431023240089,3.0613582134246826,0.16247112496057525
9887,478.40869140625,4.763732067658566e-05,0.004001249559223652,27.96432876586914,0.00045555661199614406,3.066378593444824,0.16786170803243294
9888,209.88211059570312,2.749720988504123e-05,0.001322528230957687,28.537513732910156,0.0004634204669855535,3.0704638957977295,0.16163758299080655
9889,79.62803649902344,1.990522287087515e-05,4.904464367427863e-05,28.02688217163086,0.00044706164044328034,3.073537588119507,0.1609012499684468
9890,116.44444274902344,2.223315095761791e-05,0.00043402446317486465,27.119348526000977,0.00043699334491975605,3.075381278991699,0.16518350003752857
9891,256.42755126953125,2.9321821784833446e-05,0.0018312132451683283,26.47328758239746,0.0004390077374409884,3.0758438110351562,0.16236920794472098
9892,400.2225646972656,2.9986553272465244e-05,0.0032945533748716116,25.58069610595703,0.000421878881752491,3.0747768878936768,0.16228275001049042
9893,472.3063049316406,2.9179980629123747e-05,0.004010484553873539,25.455751419067383,0.0004288408381398767,3.072401762008667,0.16810891695786268
9894,449.03253173828125,1.7495945940027013e-05,0.0038168244063854218,24.405437469482422,0.00041195075027644634,3.068908929824829,0.1457083749701269
9895,353.9672546386719,1.8521779566071928e-05,0.002861248329281807,24.276182174682617,0.00041714037070050836,3.0645220279693604,0.14741083298576996
9896,232.8134765625,1.3284307897265535e-05,0.0016785089392215014,23.010173797607422,0.0004062397056259215,3.059382915496826,0.14732350001577288
9897,129.98626708984375,1.7777800167095847e-05,0.0006503442418761551,22.397136688232422,0.0004077694029547274,3.053572416305542,0.1495245830155909
9898,72.52699279785156,1.5765846910653636e-05,9.21196406125091e-05,21.496288299560547,0.00040242154500447214,3.047226667404175,0.15580287500051782
9899,65.73933410644531,1.387245902151335e-05,3.406040559639223e-05,20.998828887939453,0.00039947216282598674,3.040525436401367,0.1568009170005098
9900,98.08558654785156,1.228580094903009e-05,0.00036310244468040764,20.752965927124023,0.00039793795440346,3.0336625576019287,0.16297549998853356
9901,150.41200256347656,8.178291864169296e-06,0.0008986755274236202,20.379840850830078,0.000393467751564458,3.0268242359161377,0.1639095420250669
9902,204.44955444335938,1.167436312243808e-05,0.0014365885872393847,20.079879760742188,0.00039543380262330174,3.020082473754883,0.1624880830058828
9903,247.62799072265625,8.232585969381034e-06,0.0018777844961732626,19.814586639404297,0.00039211707189679146,3.0135583877563477,0.16402920801192522
9904,273.75335693359375,1.3156874956621323e-05,0.0021355231292545795,19.384870529174805,0.00039500484126619995,3.00730562210083,0.16232875001151115
9905,281.6336669921875,6.49614821668365e-06,0.002224922878667712,19.317113876342773,0.0003917464055120945,3.0015292167663574,0.16123483300907537
9906,274.4399108886719,9.248944479622878e-06,0.002151794033125043,18.870849609375,0.0003946476790588349,2.996314287185669,0.16301366698462516
9907,256.45751953125,3.89215347240679e-06,0.0019814802799373865,18.707969665527344,0.00039212321280501783,2.991826057434082,0.1647535830270499
9908,232.30364990234375,7.86866348789772e-06,0.0017373100854456425,18.18617820739746,0.0003959960304200649,2.9880218505859375,0.19450229196809232
9909,205.10385131835938,4.797378551302245e-06,0.0014726055087521672,17.8577823638916,0.0003950578684452921,2.984943151473999,0.15231420804047957
9910,177.63873291015625,8.230534149333835e-06,0.0011948279570788145,17.525787353515625,0.00039807092980481684,2.9825239181518555,0.14568333397619426
9911,151.8730010986328,4.31237458542455e-06,0.0009432787192054093,17.42115592956543,0.0003969273529946804,2.9808201789855957,0.1446725000278093
9912,129.20286560058594,5.319763658917509e-06,0.0007156500942073762,17.317956924438477,0.00039787922287359834,2.979795217514038,0.14636629103915766
9913,110.13449096679688,2.931843255282729e-06,0.0005297845345921814,17.229888916015625,0.00039632961852476,2.9794347286224365,0.15267816599225625
9914,94.85175323486328,4.277047537470935e-06,0.0003772763884626329,17.049484252929688,0.0003964692587032914,2.9796226024627686,0.16013791697332636
9915,83.09039306640625,3.378129349584924e-06,0.00026268165674991906,16.95277214050293,0.0003953164559789002,2.9802660942077637,0.1668792080017738
9916,74.35409545898438,4.169015483057592e-06,0.00017576772370375693,16.855501174926758,0.000395049195503816,2.981261968612671,0.17360608401941136
9917,68.0482177734375,2.8646695682255086e-06,0.00011471433390397578,16.90125274658203,0.00039389063022099435,2.982560157775879,0.15879091597162187
9918,63.635337829589844,2.75912771030562e-06,7.186108268797398e-05,16.839204788208008,0.00039334112079814076,2.984097480773926,0.17057095799827948
9919,60.62195587158203,2.078548277495429e-06,4.366421126178466e-05,16.7654972076416,0.0003928218502551317,2.985809326171875,0.16715095803374425
9920,58.60051727294922,2.4753489924478345e-06,2.504885196685791e-05,16.548377990722656,0.0003929971717298031,2.98759388923645,0.16388754098443314
9921,57.2763671875,2.4712246613489697e-06,1.3480110283126123e-05,16.348726272583008,0.0003933250845875591,2.989359140396118,0.16999154101358727
9922,56.439842224121094,2.738572675298201e-06,6.374279564624885e-06,16.15852165222168,0.00039370032027363777,2.991023063659668,0.16115379199618474
9923,55.92912673950195,2.375105395913124e-06,2.5475135316810338e-06,16.04924964904785,0.00039387616561725736,2.992542028427124,0.15983291697921231
9924,55.62206268310547,2.0733955352625344e-06,6.033681074768538e-07,15.96606159210205,0.00039388323784805834,2.993886947631836,0.3113835830008611
9925,55.43807601928711,1.8056025510304607e-06,9.004224921227433e-09,15.866436004638672,0.0003939017769880593,2.995033025741577,0.14737233304185793
9926,55.339317321777344,1.7638780036577373e-06,3.0555850116797956e-07,15.738032341003418,0.0003939433954656124,2.9959497451782227,0.147488875023555
9927,55.31962585449219,1.849759883043589e-06,1.2736348935504793e-06,15.621233940124512,0.00039386050775647163,2.9966113567352295,0.1607769169495441
9928,55.38518142700195,1.6975429844023893e-06,3.036659563804278e-06,15.549700736999512,0.0003936206048820168,2.9970178604125977,0.16074795799795538
9929,55.546104431152344,1.566746732351021e-06,5.602217697742162e-06,15.523893356323242,0.00039305316749960184,2.9971861839294434,0.1619787919917144
9930,55.82170867919922,1.1567135516088456e-06,9.378094546264037e-06,15.515219688415527,0.0003925301134586334,2.9971559047698975,0.1657655000453815
9931,56.257347106933594,1.2113198408769676e-06,1.4658520740340464e-05,15.471366882324219,0.00039198994636535645,2.9969451427459717,0.16197991702938452
9932,56.95452880859375,1.0593616934784222e-06,2.2731683202437125e-05,15.389591217041016,0.0003918583388440311,2.996579170227051,0.19864304101793095
9933,58.06573486328125,1.4816879456702736e-06,3.47990462614689e-05,15.277327537536621,0.00039160330197773874,2.9960579872131348,0.16046470898436382
9934,59.82044219970703,1.170859718513384e-06,5.3492367442231625e-05,15.187421798706055,0.00039166698115877807,2.995424270629883,0.1587473329855129
9935,62.60020065307617,1.6003489236027235e-06,8.210782107198611e-05,15.101728439331055,0.000391276553273201,2.9946913719177246,0.16892170900246128
9936,67.07084655761719,9.499526640865952e-07,0.000127891413285397,15.052748680114746,0.0003913395921699703,2.993926525115967,0.16403716697823256
9937,74.3138656616211,1.7392660538462223e-06,0.00020090183534193784,14.96541690826416,0.0003908434009645134,2.9931161403656006,0.1626002499833703
9938,86.0904541015625,9.000831937555631e-07,0.00031979967025108635,14.9110107421875,0.0003910946543328464,2.9923267364501953,0.15768095798557624
9939,105.42829132080078,2.419958718746784e-06,0.0005132926744408906,14.814681053161621,0.0003904235200025141,2.991504192352295,0.14869787503266707
9940,137.3883056640625,8.145667607095675e-07,0.0008339167106896639,14.8451566696167,0.0003907002101186663,2.9907515048980713,0.14732516702497378
9941,190.58837890625,3.3584390166652156e-06,0.0013649583561345935,14.791851043701172,0.0003896484267897904,2.9899768829345703,0.14758616697508842
9942,279.3543395996094,5.602748842647998e-07,0.0022529910784214735,14.991581916809082,0.00039007628220133483,2.9893381595611572,0.14735845901304856
9943,428.29119873046875,5.706247520720353e-06,0.003738471306860447,14.964153289794922,0.0003890931839123368,2.9886488914489746,0.15094104100717232
9944,676.4343872070312,7.332159839279484e-07,0.006218323949724436,15.48046588897705,0.00039048190228641033,2.988110303878784,0.15065075003076345
9945,1086.4439697265625,1.3902223145123571e-05,0.010305814445018768,15.463894844055176,0.00039008475141599774,2.9873881340026855,0.1626850829925388
9946,1743.1270751953125,3.4020538350887364e-06,0.016864776611328125,16.899860382080078,0.0003940934257116169,2.986703872680664,0.1655666249571368
9947,2745.935791015625,3.891987580573186e-05,0.02685774490237236,16.775474548339844,0.0003949380770791322,2.985628128051758,0.15470270899822935
9948,4150.568359375,2.8855050913989544e-05,0.0408613383769989,20.740367889404297,0.0004080877115484327,2.9841489791870117,0.16755720897344872
9949,5785.4296875,9.462150774197653e-05,0.057157911360263824,19.05058479309082,0.0004112599999643862,2.982248544692993,0.16093179199378937
9950,7230.94970703125,0.00018090000958181918,0.07139851152896881,28.53726577758789,0.00044471703586168587,2.9790351390838623,0.16106541699264199
9951,7422.5185546875,0.00012514134868979454,0.07336679846048355,27.549367904663086,0.0004577532527036965,2.9763543605804443,0.16623745899414644
9952,6028.357421875,0.00033300116774626076,0.059112299233675,36.99174499511719,0.00046835426473990083,2.9727184772491455,0.15931900002760813
9953,3249.447509765625,0.0001019740229821764,0.031280167400836945,56.454986572265625,0.0005477804807014763,2.9711344242095947,0.1641633749823086
9954,848.163818359375,0.00016018874885048717,0.0072161732241511345,57.842384338378906,0.0005268523818813264,2.971048355102539,0.15780333301518112
9955,149.819580078125,7.966769771883264e-05,0.0002347262343391776,61.37174987792969,0.0005700844340026379,2.97357439994812,0.15160500002093613
9956,1165.7708740234375,6.09271701250691e-05,0.010334419086575508,64.07705688476562,0.0006215922185219824,2.979004144668579,0.14785800001118332
9957,2702.497314453125,0.0002976263058371842,0.025582443922758102,61.35065841674805,0.0005313970032148063,2.984790802001953,0.14812745800008997
9958,3371.315673828125,0.00010957790800603107,0.0320623479783535,84.1958236694336,0.0006992723210714757,2.99277400970459,0.15143220801837742
9959,2709.67333984375,0.0004888198454864323,0.02548864483833313,54.3275260925293,0.0005759900668635964,2.999819278717041,0.15633108402835205
9960,1248.670166015625,0.00012312651961110532,0.011202906258404255,49.487979888916016,0.0006657888297922909,3.0085220336914062,0.15977866598404944
9961,223.7874755859375,7.604534039273858e-05,0.0010565075790509582,47.693912506103516,0.0006283826660364866,3.0188539028167725,0.17409629200119525
9962,298.1671142578125,5.026094731874764e-05,0.001794637879356742,50.183204650878906,0.0006349403411149979,3.0306577682495117,0.16579237498808652
9963,1088.71875,3.749996540136635e-05,0.00965691078454256,51.01953887939453,0.0006825813325121999,3.0437533855438232,0.16773500002454966
9964,1659.624267578125,0.000169000297319144,0.015470204874873161,37.566062927246094,0.0005813772440887988,3.0559771060943604,0.16914666700176895
9965,1421.9981689453125,0.0001744269102346152,0.013014208525419235,38.565032958984375,0.0006456943810917437,3.0671780109405518,0.16128383297473192
9966,668.6435546875,0.00019406048522796482,0.0055923317559063435,32.91477584838867,0.0005708952085115016,3.076693534851074,0.16220791701925918
9967,137.9515838623047,7.194094359874725e-05,0.0003570131375454366,36.673606872558594,0.0005838256911374629,3.0854647159576416,0.16210083395708352
9968,231.45510864257812,1.0405807188362814e-05,0.0012751598842442036,44.55794143676758,0.000583405839279294,3.0942108631134033,0.16318991599837318
9969,695.7517700195312,9.138700988842174e-06,0.005989629775285721,42.77202224731445,0.0005310291890054941,3.1023964881896973,0.1577304580132477
9970,1037.4237060546875,6.736598879797384e-05,0.009414320811629295,34.92973709106445,0.0005432529142126441,3.1087324619293213,0.14360329194460064
9971,974.141845703125,0.000138513496494852,0.008806147612631321,30.760055541992188,0.0004891567514277995,3.112107753753662,0.14864570804638788
9972,580.7525024414062,0.00013496726751327515,0.004865488037467003,30.016822814941406,0.0005069012986496091,3.112725019454956,0.145757166959811
9973,196.8693389892578,3.972270496888086e-05,0.0011342836078256369,32.28384780883789,0.0004718485870398581,3.111647605895996,0.15084012498846278
9974,87.18864440917969,4.028079274576157e-06,3.62742503057234e-05,36.16462707519531,0.0004699378041550517,3.1098124980926514,0.15599025000119582
9975,246.76141357421875,3.157493210892426e-06,0.0016348507488146424,35.95133972167969,0.0004700924037024379,3.1072864532470703,0.15427116700448096
9976,498.1380920410156,1.643354698899202e-05,0.004228680860251188,29.836318969726562,0.00043790368363261223,3.103498697280884,0.16226737503893673
9977,657.6776123046875,8.284399518743157e-05,0.005778950173407793,26.3471736907959,0.0004515098116826266,3.097674608230591,0.16370325000025332
9978,622.9373779296875,8.198796422220767e-05,0.005469403695315123,24.91086769104004,0.00042887302697636187,3.08990740776062,0.16071899997768924
9979,428.98388671875,5.347841579350643e-05,0.0035566797014325857,24.62245750427246,0.00043345626909285784,3.0809504985809326,0.16387333400780335
9980,215.46722412109375,4.621727384801488e-06,0.0014531367924064398,28.21148681640625,0.00041479888022877276,3.0719730854034424,0.16240375000052154
9981,88.25816345214844,1.1766716170313885e-06,0.000168699785717763,29.5101375579834,0.0004176038783043623,3.063380718231201,0.16254304203903303
9982,79.77550506591797,9.592502465238795e-06,0.00012279869406484067,25.32204818725586,0.000412143359426409,3.0548579692840576,0.16549966600723565
9983,165.91543579101562,3.1249674066202715e-05,0.0009985524229705334,22.244253158569336,0.0004069097922183573,3.0459952354431152,0.16226100001949817
9984,277.89752197265625,5.345139652490616e-05,0.002096949378028512,21.57081413269043,0.0004128665314055979,3.0367279052734375,0.16064466600073501
9985,348.0111999511719,2.475913606758695e-05,0.002836700528860092,21.7883243560791,0.0004007691459264606,3.027613878250122,0.15265162498690188
9986,352.375,1.1749836630770005e-05,0.0028824193868786097,22.425254821777344,0.0004053282318636775,3.0192408561706543,0.1513132909894921
9987,300.0191650390625,4.348165134615556e-07,0.0023641465231776237,24.078704833984375,0.00039482288411818445,3.0121405124664307,0.14649741700850427
9988,216.87677001953125,7.586665560666006e-06,0.0015394691145047545,21.9578914642334,0.00040213309694081545,3.0060079097747803,0.1477690830361098
9989,135.93336486816406,1.7639846191741526e-05,0.0007400725735351443,20.110960006713867,0.00040051163523457944,3.0004920959472656,0.15145462495274842
9990,80.95103454589844,2.7634905563900247e-05,0.00018724301480688155,18.94571304321289,0.00040517523302696645,2.9954752922058105,0.15695058298297226
9991,61.01631164550781,1.3097271221340634e-05,1.8581340555101633e-07,19.4032039642334,0.0004028479743283242,2.9913108348846436,0.1596178330364637
9992,74.48945617675781,2.486051243977272e-06,0.000137717739562504,20.341745376586914,0.00040127328247763216,2.98836612701416,0.1602423750446178
9993,108.39364624023438,1.3701077250516391e-06,0.0004740263393614441,20.540616989135742,0.00040313383215107024,2.986656427383423,0.20766845799516886
9994,146.71994018554688,1.5049960211399593e-06,0.0008677273290231824,19.717329025268555,0.00040079382597468793,2.985962152481079,0.47150045802118257
9995,179.24070739746094,1.323872584180208e-05,0.0011890167370438576,18.417055130004883,0.00040598103078082204,2.985719680786133,0.17814654199173674
9996,198.06451416015625,1.1800560969277285e-05,0.0013785128248855472,18.42496109008789,0.00040608213748782873,2.9857709407806396,0.1667551250429824
9997,200.01280212402344,1.15865495899925e-05,0.0014013475738465786,18.2315731048584,0.00040487819933332503,2.986128807067871,0.14560716599225998
9998,188.75967407226562,8.32851014820335e-07,0.0012970396783202887,19.05006217956543,0.00039922367432154715,2.987114667892456,0.147628833015915
9999,169.61306762695312,1.7282784483541036e-06,0.001103730290196836,19.101240158081055,0.000399659649701789,2.9886016845703125,0.17053654103074223
